14412533	-1.280610
2163623972	-6.325834
249222850	-5.684820
1281503318	-6.243611
387984038	-5.458948
1206306506	-5.418815
57931553	-5.569730
2258783241	-6.171289
63160932	-5.586968
25198840	-5.222299
15289825	-4.940237
1452476780	-4.843605
1086619808	-5.866657
1623308912	-6.073996
2194801027	-6.099116
20467163	1.205880
19824430	-4.474963
1739650556	-4.849002
59558161	-5.128245
1444015610	-5.973335
804861259	-6.216047
252254916	-5.620840
40057701	-5.205975
2375722164	-6.573611
451032276	-5.622077
1120298527	-6.014542
16860684	-5.375423
187414539	-6.276891
479674626	-4.296516
19394188	1.629908
1155335864	-5.587592
20635633	-6.488150
248718904	0.057185
252644673	-5.840108
534680801	-4.191313
932446728	-4.272250
235373000	0.355457
1377700518	-6.419507
437741704	-6.371426
414516629	-4.820935
46807181	-4.848653
1691930744	-5.648186
153694167	-6.021341
16705010	-5.853925
22509598	-6.181976
31054788	-5.427512
1545781357	-6.455301
5990782	-3.691928
239949176	-0.589437
174879603	-4.670728
547778460	-5.244780
15993122	-4.732803
44209472	-3.805166
17811916	-5.825212
37131103	-4.244890
83932732	-3.745324
22006412	-6.414106
132201224	-0.682930
1647266078	-4.797734
126632552	-5.016369
16789970	1.048956
1183998762	-4.469770
317216233	-6.232308
354493762	-4.845327
24773493	1.107918
119899270	-5.446872
414774285	-4.214054
1252129242	-6.393855
295868971	-5.503625
19186003	-6.016498
564908956	-6.034704
528484792	-6.349666
2291373043	-5.500533
2260662498	-5.741560
40523440	-4.689655
471606410	-5.958462
25668918	-6.352073
320787415	-6.456894
383393464	-5.782932
463890972	-5.221135
48366585	-5.599589
239584537	-4.939398
1357793240	-6.528962
51535196	-4.803155
22930392	-6.498882
35137957	-6.441138
199317006	-5.683087
197628846	-4.681118
223360975	-4.261624
29157809	-5.110365
776063954	-4.354518
277107570	-5.443167
873631776	-4.353400
18943752	-5.579450
492616846	-6.361461
75927706	-6.153631
1334517175	-4.548784
29205600	-5.192190
182815759	-5.620193
54412900	-2.908601
860696202	-6.025961
171813900	-4.425662
19312039	-5.028084
1009921273	-4.434939
717888988	-4.213174
536281139	-5.480460
474326839	-5.494322
237763317	0.701799
164732631	-6.319515
18890707	-5.813341
18696134	0.194328
217454584	-5.590852
25168293	-5.613563
13491312	0.265261
311789873	-6.416119
467801778	-4.623507
216881337	0.891386
35998429	-4.242563
16256269	0.677412
1226281657	-6.128400
47127416	-4.414719
598384016	-5.149717
456986241	-4.822310
9532402	-1.065501
26459660	-5.359872
35060071	-4.221246
424122984	-4.313013
164007407	-0.778824
1127447660	-6.563815
728708694	-4.573664
40367637	-5.484874
1367531	-0.559986
89657363	-5.822896
10375552	-4.661538
28480805	-5.159152
1328434170	-4.469621
1055907624	-1.972867
28856628	-5.853153
1915916724	-6.156246
708309848	-6.132388
108052620	-4.705484
11348282	-1.649878
104615577	-5.055911
15697940	-4.883349
1925127612	-5.516415
1222580420	-5.646672
254310640	-6.105781
201791908	-6.458228
1189780298	-6.290194
502184923	-4.373720
25124372	-6.271220
2237923975	-5.696339
18909919	-0.733499
384913290	-3.883335
177028305	-6.516170
266133081	0.393239
249348006	-0.493244
96386080	-4.311884
66369181	-1.691768
277008614	-5.434561
254859330	-6.087406
237460752	-6.118115
2360123726	-4.783964
343588320	-6.136720
22113371	-4.755085
2221362486	-5.289987
1025521	-4.585812
79729138	-6.058273
1060984272	-1.516473
358606388	-6.002894
23220731	-5.485822
325691585	-4.765994
1408162200	-5.150779
274824692	-4.789045
186299824	-5.186228
612117635	-2.392556
35762860	-5.966625
19216998	-4.478028
409522947	-4.568539
112765894	-5.915615
3135241	-1.109242
280346878	-5.547249
220208804	-4.980836
116141817	-6.290946
611886875	-5.958020
73303753	0.876027
25226477	-5.448626
331678866	-5.890625
261918703	-3.818499
561628839	-6.283982
47544979	-4.605713
790097610	-5.023144
1718400349	-5.861671
15092872	-4.246283
1676771268	-5.458417
28785486	-1.331237
183637495	-5.840791
521926535	-5.828860
124062781	-5.762593
241771567	-5.551533
31210583	-5.646035
379378754	-4.955905
576268700	-4.458431
163209579	-5.797705
1066076640	-5.551869
93189203	-5.793354
939091	-2.631561
254557147	-5.225597
63506775	-4.890669
240839950	-6.381474
172662933	-5.457841
618586017	-4.283045
85616770	-5.614854
1091456496	-6.242468
267889663	-5.947041
160647819	-5.752631
510516465	-5.480194
18678924	-3.258277
35081819	-4.842592
15980436	-5.638933
20618764	-4.598292
1689821791	-6.305975
356199275	-5.587027
2205359364	-6.021111
211420609	1.085952
21631487	-4.778934
722800129	-6.432226
547174027	-6.404641
116748080	-5.719408
1057859527	-3.907093
27136225	-6.304955
269893425	-5.452374
1921776680	-5.960125
2196548623	-5.135443
124224165	0.871525
519728645	-6.283923
25214807	-5.716952
85898279	-4.997926
961520071	-6.497961
310608280	-6.395139
558895964	-4.415893
72831557	-4.575316
622198206	-5.827952
1027156464	-3.317814
18294521	-4.634534
1725039222	-4.826623
222320264	-4.437647
251408532	-5.155193
1542493423	-5.211318
543154345	-6.318075
259834782	-4.991689
21873714	-5.665559
108376246	-0.973507
16614802	-4.743037
371887563	-4.895665
1090002997	-3.900832
93552029	-5.398358
17111550	-5.801365
372503594	-5.589780
20015903	0.728280
934933188	-5.650733
332340557	-5.247155
944917346	-6.500413
2370786962	-5.181777
78941245	-4.733870
103727818	-5.505033
351266014	-4.597544
1607546875	-5.005596
99949940	-4.758942
1713542732	-6.481648
237600102	-5.268522
72129678	-5.744721
180389279	-5.321243
2179040628	-4.300461
517911880	-4.968506
2310494503	-4.873373
2293131060	-4.660789
218357036	-5.136220
558831200	-5.667153
402190452	-4.630625
97239626	-4.160345
11883722	-3.700226
394303189	-6.389985
110420252	-4.731291
61842393	-4.517442
357580948	-6.320591
1496512904	-6.392125
425889480	-4.991346
168830539	-5.218200
15710384	-5.251186
23109966	-6.340708
34773320	-6.520343
1469869638	-5.788288
198323147	-5.960605
29584150	-6.433589
322781751	-5.493650
976969338	-4.124997
748531489	-4.686477
886946899	-6.415814
397584127	-4.694791
234057152	1.131226
26083271	-3.398593
26144769	-5.515121
287811065	-5.306335
52763281	-4.073494
27048645	-5.243883
28336822	-4.783135
131791939	-6.078864
81919296	-5.909508
306001688	-4.814634
125984383	-5.915920
1262557194	-6.157803
506462653	-4.645004
85396297	0.309067
233557728	-5.632260
252819323	0.802650
238314303	-6.075998
296068607	-5.767111
1058807868	-3.028217
49986081	-4.482232
14081659	-5.738542
452700445	-5.822341
207116000	-5.938858
1356966632	-5.322374
49171436	-6.003530
855057596	-5.146067
1340326969	-5.719034
598123678	-6.247568
966442267	-1.643589
326210627	-5.839630
108617810	-3.050503
221508042	-6.118721
39322371	-4.760790
31285825	-6.154275
97298155	-6.117418
98910693	-5.651812
1912048351	-5.441500
547416793	-5.798684
868637460	-6.167845
189904289	-4.906573
584012853	-2.433547
176134825	-6.212394
606101503	-4.405928
1469528666	-4.696880
543635294	-5.141961
360436349	-5.012286
481000411	-6.527322
326196796	-6.340906
1120550322	-5.777304
192441406	-6.201322
272542662	-5.785727
904655414	-6.258529
1060370282	-4.013588
121469977	-6.012806
73931897	-6.182303
46004597	-5.826605
1447399590	-6.529977
1201824876	-5.028857
359222643	-4.449193
384111224	-6.449941
80958602	-5.368191
1658898042	-6.506903
439049326	-6.344094
195193469	-4.978399
209787354	-5.099978
362688424	-5.308670
432676344	-2.757063
55581437	-6.342235
147487756	-4.207905
11856892	-2.299280
108689270	-4.774906
97931967	-5.918300
1644734071	-6.137632
198526130	0.195776
475294870	-5.166175
399170640	-4.921062
76163900	-5.249687
998576058	-4.121002
430292078	-6.486459
823801824	-4.796844
1974399272	-6.570812
402719755	-2.003109
456032135	-4.903933
743694942	-6.530029
51943611	-6.350233
1350118422	-5.178098
30864583	-2.816916
39510422	-5.835023
353834752	-6.458396
2260579802	-4.377911
15392139	-4.862835
26977568	-4.224822
47892311	-5.152953
20517132	-6.034793
324403737	-6.489680
42913132	-5.961234
573495038	-5.849732
208692908	-0.901149
425286290	-5.413868
452344217	-6.034284
220249920	-5.506638
267854863	-0.245866
582875320	-5.995853
791967744	-4.506038
1548079500	-5.618151
288963206	-5.113497
239964750	-4.847212
2314375189	-4.654979
1729693597	-6.101003
89193992	-5.673724
1083448909	-3.935899
963480595	-2.338763
221528389	-5.836401
1058460818	-2.887160
26637348	-5.572224
5988062	-1.176158
221162525	1.049346
1964821772	-5.367933
278145569	0.540501
387225200	-5.761085
435983624	-5.245575
17005219	-5.678229
90518536	-5.064232
17633159	-5.234660
1355805258	-4.674618
14579415	-6.108939
267339368	-4.601040
75578498	-4.248751
717905080	-5.203203
24183358	0.569714
2318080736	-6.243878
1405337395	-5.495474
73833569	-4.449080
1646054551	-5.981075
245451804	-4.400973
887385018	-6.403317
15987296	-4.637105
54446722	-4.833663
467787311	-4.694238
78387677	-4.776083
1138688364	-5.929876
224391627	-3.269570
318095351	-5.764318
44177383	0.340549
178229698	-6.218696
36117128	-5.429910
240812994	0.108229
1080509366	-4.461368
1480654033	-5.663357
22242298	-4.567308
171693939	-5.287593
285737815	-5.469764
1055685948	-4.542114
25956294	-4.444135
1058051748	-2.887731
1092248911	-6.456194
18205674	-6.276466
245419752	-5.684464
7597712	-5.802046
418078050	-5.883035
472587512	-4.653805
379815077	-4.578950
516880804	-3.519644
14764240	-5.357559
115733549	0.684054
1674501806	-5.145512
1058917562	-3.394702
16348437	1.341878
277363853	-6.076369
260807192	-5.069045
20245031	-4.174282
337785530	-6.283206
333663029	-5.655605
65433355	-6.280798
28423263	-4.806799
2312501226	-6.271122
585441089	-4.777991
126171100	-2.433033
349979682	-4.213591
841342315	-5.299939
525736608	-5.040614
557050706	-6.104268
334965470	-5.409869
249814580	-5.990040
274255909	-5.117411
310347243	-6.043735
1730532331	-4.253692
867444085	-5.019461
297498647	-6.301041
85476251	-5.109750
154699063	-6.207878
93761782	0.508262
1090009730	-6.398130
360080772	-5.770961
16631939	-5.795241
376064104	-4.900125
619964159	-6.454173
20468251	-5.891838
26513860	-6.318109
168502762	-0.240959
258900199	-2.719203
488297851	-5.988403
21269970	1.048308
24735461	1.380026
384538886	-5.187514
376946273	-5.244132
1331884178	-6.474533
377534571	-4.264354
2227361208	-4.462212
17544524	1.008227
24298528	-5.781918
37982748	-4.990125
195790079	-5.309034
411765271	-4.755555
254032655	-4.413625
995193054	-3.909776
175131510	-6.438129
2412155161	-6.259358
1691191704	-6.324330
21797269	-5.707081
1228070911	-5.773942
123999551	-6.360255
7402662	-0.896784
2268031692	-6.064001
703301119	-6.332334
2385644521	-4.965154
190328374	0.765352
240385577	-0.083938
18732816	-6.567658
976404032	-5.207162
613404995	-4.830840
239871673	0.990819
1897447471	-5.597915
55677432	-0.551277
22545491	0.191567
156212602	-5.390712
305818200	-6.043827
2205545306	-5.741780
234837632	0.579248
18822612	-5.979460
345491974	-5.186289
2308777399	-4.901272
18030431	-0.511011
2207375216	-4.257640
70799357	-5.641744
148021006	-6.262627
23578274	-4.908280
296925880	-4.857938
903320070	-5.094943
15639642	-5.927098
161329769	-3.974334
22055226	0.156025
213634439	1.161527
8162322	-4.717071
1564956584	-5.571138
22509548	1.290676
14129299	-5.198457
34238458	-4.755559
511079500	-6.522107
377591325	-6.488911
2252607128	-6.291935
1015802058	-5.967652
756285384	-5.303728
264494662	-4.589304
90490354	-4.601758
14774189	-5.851374
34069014	-6.565894
1222684418	-4.756267
25755336	-6.132137
240840748	-5.826808
15160884	1.223017
472263579	-5.300518
7900962	-5.050216
27302870	-4.938873
1074101017	-3.137300
22028039	-5.657979
214209081	-5.936458
1601370486	-6.038608
2191060944	-5.691156
199510192	-4.536126
968650362	-2.653668
22523087	-1.969731
753647880	-5.464177
408105171	-6.069660
404132211	-4.035852
176896268	-6.383978
114756202	-1.195646
47468096	-6.499077
1431823160	-4.898908
40750860	-6.055446
358302508	-5.652840
347395654	-5.583871
65146567	-5.183330
31744825	-5.785199
136682183	-4.796657
33530012	-3.063908
2322307531	-4.815599
546176922	-5.122097
237019973	-6.123588
1031845399	-5.134682
346813911	-6.046509
189986982	-5.632405
777390745	-6.032802
59704563	-5.814704
234053893	0.903085
41445718	-3.077335
19670455	-4.916731
1132232611	-5.183607
194720228	0.205017
308852834	-6.314879
21144715	-6.223452
376527578	-4.295589
22669526	-1.385053
794546882	-5.810984
26818986	-5.742991
19576571	-4.118337
615537104	-6.130788
2352119654	-6.258596
21542518	-5.815859
494114249	-5.775785
1117326481	-6.554797
14354562	-5.717571
1023294366	-5.776757
336699225	-5.335746
360338075	-6.063205
265639238	-6.320609
402029058	-1.961815
535181994	-4.281542
18170310	0.572032
1068470480	-4.067613
109355585	-5.837436
1510311302	-4.372953
372315769	-6.526936
21333396	-3.750878
616965232	-6.049235
1516670166	-5.634691
233601728	-6.129436
114299101	-4.613911
61046743	-6.096060
177974542	-6.405042
300013543	-4.242472
254226686	-4.500957
14857525	-5.717489
237853147	-6.003741
300430043	-6.050490
121171657	-5.152916
37836873	-5.228381
187108150	-4.869055
36738199	-5.351098
1710292866	-6.255392
248735463	0.602543
40954486	1.037202
284601302	-4.828240
1447467186	-4.760765
253281321	-5.896506
15602331	-4.999681
577609337	-5.706424
43273533	-5.440694
26777550	-3.792739
30045475	-5.921053
58228306	-5.785273
874694125	-4.711765
890904109	-5.708460
470703779	-6.227807
122183484	-6.325154
589070172	-4.970190
1075303104	-6.067024
457733782	-6.073717
117661549	-5.706535
20545793	0.100874
160919506	-4.822739
154233179	-4.362591
370467757	-5.238414
216486007	-5.321570
438040565	-6.248696
216855513	-6.457575
2264976900	-6.029283
378636572	-5.395686
321234739	-5.272191
2278730858	-4.208847
344525024	-4.472308
220765205	-6.247302
16002085	-5.695271
1681848204	-4.230041
123421771	-6.526389
831933780	-6.257952
1228652142	-5.052209
1283908939	-4.230496
747876121	-5.028986
780383160	-4.394721
531596035	-5.012650
1410590874	-4.078484
16827173	-3.820036
1625304829	-6.306570
429268149	-4.706354
110445334	-0.451495
22528309	-0.922153
132345883	-5.826289
233693291	0.244765
372506462	-4.805003
18863927	-4.948771
242873057	0.617291
430235090	-5.688987
36564017	-6.094499
304115290	-6.572220
1901018683	-4.447838
1037321378	-3.257112
278433367	-5.420451
302113333	-6.007202
1609169504	-5.472535
17997831	-5.612892
1531521632	-4.584281
291551843	-6.166014
14669951	-0.257470
368914608	-6.469317
1375871708	-6.157572
17340186	-6.550053
432766911	-3.862374
68281948	-6.205248
127963931	-5.403134
18646108	-0.997957
549438299	-6.497378
16336478	-5.449622
83195396	-5.963405
467636108	-5.730366
231898286	-5.804642
70590748	-6.205544
441040701	-4.354868
137084996	-4.299958
912598626	-4.244334
230720547	-5.095535
41861272	-4.530233
416644656	-4.263447
2317625354	-6.240223
28176898	0.850551
401989810	-4.895161
581275783	-4.285467
91935208	-6.057788
18791763	0.532577
27688281	-6.260629
1853114688	-5.946316
14246001	-0.587914
1486445498	-5.488230
977560500	-5.706670
15715665	-6.345828
235279028	-5.813142
805188312	-6.083043
64507817	-4.742621
277193651	-5.877426
21910246	-4.343224
156763824	-4.343486
1045110018	-4.157634
614706394	-6.360839
36686040	-0.403909
1917731	0.246357
280913598	-5.462952
249787913	-0.641203
1242946140	-6.382933
1526488393	-5.860386
28008943	-4.909781
2316393866	-6.286212
526750889	-4.898862
1849400233	-5.530633
125613253	-6.456477
15380417	-4.670752
26051676	1.230475
90250351	-5.090920
931024693	-4.560982
2245423891	-6.135734
73791927	-6.541410
389357597	-5.621940
514749390	-4.259324
1232484468	-6.208269
935033864	-3.402567
27274887	-4.773365
952575223	-4.199950
414068004	-4.338958
49057566	-5.076931
702460382	-5.085147
243413616	-4.492664
121537837	-5.896419
122174004	-2.014261
265329329	-4.198412
237504609	-4.650289
858111194	-5.392785
246447524	-4.912403
20397563	-6.360101
260479308	-4.575965
935987066	-4.292827
1051446626	-1.412365
1428792126	-4.762262
15007149	0.214792
238264015	-6.203389
237862972	-0.096390
265993392	-4.892004
15976697	-1.704318
315992993	-4.696275
127919146	-4.994105
403639485	-6.281524
17120599	-5.774450
1105408002	-5.196307
328679423	-4.784571
130977700	-5.711594
70740010	-6.291413
894512114	-5.767849
78408666	-4.121171
2394285656	-5.229209
2292332720	-5.164984
21572351	-3.999093
1157543414	-5.282245
130600206	-6.243273
249219716	0.150721
346949527	-5.401546
337595668	-5.362946
2155491151	-5.721799
51982954	-5.391190
15224867	0.215873
27675227	-5.729137
2236668625	-5.082701
108323434	-4.350267
52052011	-5.368175
2304223555	-4.642893
538121732	-6.361981
50707364	-5.774935
470654192	-6.168022
1092757885	-3.068386
93950784	-5.041744
1360075950	-6.254574
19612749	-4.258844
1382011333	-5.891527
55440365	-6.413313
37497720	-4.337758
117432541	-6.471630
1613159058	-4.542632
103949895	-4.182506
399112142	-5.587131
22265452	-5.270086
1120582274	-6.187643
1089334250	-1.317326
461301890	-5.396175
198928268	-5.316656
12298112	-4.367072
240135871	-4.393049
22507324	-4.590474
117792965	-4.681212
381874511	-6.282870
741061716	-6.433613
325040651	-6.176584
294959299	-6.353863
457276155	-5.270431
1237156340	-6.273006
21643972	-5.699155
1362806395	-6.557995
136550204	-6.048553
18579364	-6.582747
1326498037	-4.943213
40510796	-5.471861
598853747	-5.826227
573916220	-5.334603
3913931	-6.025356
91346513	-4.591655
2329092852	-5.958485
2176134116	-6.128565
1461162020	-6.329581
183212100	-5.901707
15210284	-2.728880
133022865	-4.308215
171154131	-5.580099
18172905	-3.631534
123150166	-5.633418
938657858	-4.101475
191496735	-6.278439
252249233	-1.239176
137794015	0.272410
220551206	-4.777650
65082057	-5.855355
1553746556	-4.868177
749375898	-4.280265
889786374	-4.898003
624927613	-5.966869
158290255	-5.940990
363540832	-6.515404
24509586	-4.444948
447277172	-5.855219
14398250	-5.793445
287545295	-4.690181
84119348	-0.129289
236541422	-1.348375
62387220	-5.496420
2316645626	-5.550401
18622869	-0.448870
53725673	-6.221068
1422790478	-5.878141
1112972713	-5.543323
443265529	-5.278239
335476450	-5.594958
1870463754	-5.706841
714409014	-5.952580
344516847	-4.739007
271007688	-6.542964
1387919042	-5.867300
627838899	-5.453525
33205490	-5.148795
1328762540	-5.795106
284664892	-4.305033
1265860620	-6.241054
619541619	-4.918593
249327401	-5.134139
1023872718	-4.594327
138531540	-4.368410
22076537	-4.317637
49969221	-4.583033
21346197	-5.899410
1431454158	-5.019266
24745957	0.858963
626001129	-6.271862
1345850192	-6.588413
243502423	-5.982432
414543577	-5.559420
59281449	-4.710674
270792742	-4.354774
325830217	0.106772
18496709	-3.527957
1035443946	-5.804907
286799590	-6.108071
1539064994	-6.127542
624753464	-5.791574
291756142	-0.680075
35013862	-5.799698
1849074780	-4.794103
171598736	-0.015666
20209807	0.598360
1431884516	-4.969009
15923226	-2.744680
1209417007	-3.692604
2161486428	-5.457173
215346722	-6.214619
562618381	-5.039918
125208664	-5.406787
625296182	-5.198210
36691808	-5.204036
17680840	-6.560859
731524644	-4.943474
405785853	-5.707417
18566912	1.037356
1444416162	-6.382975
930009097	-6.051352
836709230	-5.650879
432771620	-3.594397
50370046	-4.541991
287896740	-4.586965
193076432	-5.925073
216355557	-4.198516
24448865	-6.015996
378547255	-5.638935
24195214	0.252729
41017380	-1.970924
540241441	-6.018603
39803436	-6.522577
271593651	-5.519601
232127685	-4.380737
148348430	-5.213540
1413602821	-5.635290
524724189	-5.280613
249288197	-0.889074
63169388	-0.546162
19693903	-5.644996
15769734	-6.099802
1884258127	-4.718488
158397501	-4.308867
25382456	-6.189836
628559456	-5.911244
620708331	-5.698036
1872933859	-4.772878
23951197	-0.145054
2185601035	-5.901448
85342505	-4.413293
403539769	-6.259703
321380757	-5.323899
422076926	-6.335626
20469722	-4.090757
776698136	-4.371435
1092750030	-5.453256
50552213	-6.236209
19201438	-4.998761
157305077	-5.925136
213207055	-6.327221
130274805	-5.473402
348522887	-5.147412
2309440500	-5.562877
143489158	-6.296230
783749288	-6.565324
559073634	-5.831778
562640547	-4.716441
608902626	-5.070446
49194495	-5.230103
20880535	-5.173834
1210072844	-6.402366
54606494	-5.345074
81021861	-5.915714
18277655	0.814246
33537967	-2.482748
48354257	-4.814796
107620932	-4.265072
14540659	-5.562920
1636639214	-4.765511
365239637	-4.943200
15941955	-5.544081
1342502834	-4.820007
569212271	-6.068847
971412384	-4.895361
295685416	-0.730372
1963246038	-4.976076
250736913	-4.357446
1310708510	-5.870385
50634125	-4.558313
1539300170	-4.339823
1109679128	-5.225830
253654580	-5.594614
19563355	-5.935618
15458694	0.271903
230100284	-6.276620
10615232	1.099662
1045853744	-3.614940
233949261	0.999572
593718490	-5.978267
1186810890	-6.303723
1186874899	-5.791506
288886063	-4.214670
247517295	-4.826805
30437038	-5.911682
63796828	-4.874507
915781920	-4.854225
18915145	1.033752
76348185	-3.200881
1915018465	-6.410722
22698090	-6.566187
20608910	-1.051966
87714473	-3.928286
1237704769	-5.670010
467823431	-4.370651
249410485	-0.784351
108052596	-4.094384
1316483802	-5.724097
23365717	-5.363640
477583514	-5.497005
200870788	-6.331306
33655490	0.613864
14511951	-1.163856
933487722	-5.182148
430343685	-5.239264
24477294	-4.679703
234812598	0.797842
94103877	-4.562313
180197930	-5.411333
54207182	-5.651056
318711662	-4.195286
1347830329	-6.497214
22812434	0.468634
14110710	-4.627729
15918353	-5.684440
15554922	-4.346067
254174408	-4.541591
53420694	-5.813825
1979395855	-5.404836
462285708	-5.670764
295805574	-5.317826
1072467470	-3.878250
20621911	-6.309614
759316808	-5.608423
1325640288	-4.951710
109071031	0.202036
2175130770	-5.644827
4389861	-6.095444
231510077	-2.407776
15764644	0.981427
15212187	-6.434430
127074099	-6.509741
43963249	0.137094
27311044	-0.367745
1183912596	-6.019650
1225410018	-5.471369
2192362761	-5.978788
589869443	-4.773658
240376522	0.237663
424522799	-5.566599
351133674	-5.895285
1692578893	-4.407883
18217624	1.049960
250462634	-4.596966
134302187	-4.934353
303920466	-5.395230
1346817602	-5.675926
1686565519	-6.292400
61313751	-4.526455
743167003	-6.260912
39787282	-4.926419
118941676	-6.189173
26305670	-5.637938
418269619	-5.550115
1070943116	-4.855849
209151429	-6.231281
26820795	-6.349044
806186582	-4.641595
442610682	-4.763270
15584433	-6.411313
703759688	-5.750792
631648466	-6.016807
127908221	-4.333878
1551310284	-5.847180
2294530717	-5.008766
1176615978	-5.626040
1465964245	-4.213131
192041694	-6.375979
74960018	-4.744865
584583739	-4.880208
2188340009	-4.449880
32537213	-6.056658
121656624	-5.707505
586730005	-5.917478
1007065914	-6.352175
417664241	-5.382338
16557756	-6.560099
788006827	-4.188854
46499643	-5.893714
80612021	-0.236725
2362779882	-5.608835
14345062	-1.501948
146263776	-6.065821
334127852	-5.373477
515898679	-5.269200
66209943	-5.355244
1673504017	-4.390800
224766531	-6.046614
2242638817	-5.380276
210926192	0.031764
1031118500	-4.924693
1602268826	-4.550487
399502932	-4.708540
242761889	-2.468667
355881289	-6.005290
48425512	-6.165888
27242307	-6.486163
18137749	-0.527656
21111098	0.063597
724658815	-4.494813
70587562	-6.497998
112740986	0.476859
594582597	-5.968357
1155212191	-3.576235
67776968	-5.502740
50128726	-4.400320
29898014	-5.191287
28382250	-4.486800
39424870	-4.857076
1187949900	-5.900326
2340869731	-6.018858
53503202	-4.465701
16930125	-5.064155
242892689	-2.773537
1430814439	-5.746160
118540429	-6.229809
2294105892	-5.309487
417393341	-5.610155
16739711	-5.133871
312435184	-6.220244
56864092	0.305703
221793778	0.588543
17750784	-5.782705
427742683	-6.205247
1190825605	-4.845580
26596727	-6.309948
569666511	-4.428223
1480218668	-5.918740
26424123	0.292691
29751942	-6.439220
497535334	-5.732949
20597460	-0.072411
11651202	-3.547255
56440142	-6.107194
492480327	-4.599654
935398104	-5.067155
323166438	-4.832142
16474026	-4.983361
174369590	-5.803836
68888437	-5.459824
7350652	-6.215342
133832049	0.567322
131149247	-5.846217
346045240	-4.219618
1655093820	-5.936696
1080732656	-5.909458
119527861	-5.153403
1611680690	-6.469260
1620243926	-6.365295
237750442	1.079540
38516217	-3.676932
1705042116	-6.092165
422964271	-4.934513
2364631970	-6.192492
1925431584	-5.817948
50731463	-6.344434
191688736	-6.198275
235190657	0.518186
204881923	-5.922892
32265225	-5.196961
78569026	-5.928634
397382646	-4.713955
407053599	-5.530047
268007771	-4.820980
2467791	0.072262
22508473	-1.062126
2435410690	-6.351463
1301606089	-5.834799
218267731	-5.810274
18632666	0.779201
22387804	-5.692740
6577802	0.491966
2288502470	-6.043715
1122064316	-6.335938
14925704	-6.069595
156029105	-6.173595
20113797	-2.514115
79022250	-6.485091
17033503	-4.449492
484134207	-5.839189
29793493	-4.393350
2161537962	-4.339794
718468320	-6.124034
67738195	-4.392033
44215945	-5.547374
221496713	-6.334864
788081918	-4.514932
860733170	-4.233464
23387115	-5.521656
22812754	0.840769
98929990	-4.541720
297940478	-6.500036
264221149	-5.023674
18056015	-5.628375
62770351	-4.259683
628760912	-5.769669
587783109	-6.294061
58379000	-2.127954
121841737	-6.405463
39279393	-5.130671
92071963	-5.072147
127870840	-5.776851
22012091	1.251134
272019676	-6.290961
346885718	-4.212688
148086041	-4.939351
787373558	-4.735589
520245212	-5.907536
497546508	-4.229769
557806506	-6.271851
186430550	-6.156404
41377639	-5.697269
49045755	-4.420139
798420806	-5.710187
1006482620	-4.828636
154139987	-6.622596
1915752144	-5.272085
1308601632	-6.209616
1326751968	-5.206569
242618658	-4.512443
24045931	-5.967510
297532865	-6.251735
24670782	-6.499096
59888738	-5.395006
71358042	-5.908058
46724483	-4.385152
1468560242	-6.519123
1267462094	-5.973498
277750492	-5.916674
542842941	-6.158496
176135285	-6.333330
36394602	-6.370706
76350004	0.104151
50150341	-5.859859
233346654	-6.489466
109287731	-0.993741
1686107834	-4.300829
1093441423	-5.892984
6092972	-4.506490
250719718	-4.660042
58492046	-6.379825
308721230	-4.964777
29766367	-4.086240
759251	0.312888
393821580	-6.482025
77839894	-6.111803
1716914930	-6.431609
10102032	0.572509
82649553	-0.047035
1653370998	-4.315325
1362944844	-4.502621
61906286	-4.303910
1932803906	-5.099433
221447516	-1.789492
1905156690	-5.183273
830918346	-5.982316
12788332	0.105687
33622411	-5.751168
62354707	-5.433080
1621009105	-5.552807
104727439	-4.868100
24913074	-0.039032
106591004	-6.384358
18221712	-6.407274
5357812	1.380268
103335794	-4.864981
905020056	-5.863412
15603311	-4.961527
15762842	-4.571211
15555056	-6.491751
115979444	0.880636
2361890355	-5.333492
575344793	-5.423116
157382927	-4.980685
16062766	-4.192094
218779638	-6.517778
2302483196	-5.723811
1655816936	-5.853678
454947269	-5.495704
470366309	-4.605276
16130949	-6.016275
2409239300	-5.224593
270370405	-5.709723
29293808	-2.968624
244268646	0.955288
16742053	-3.603250
942156122	-2.528719
703561088	-5.793735
382534366	-6.384878
17065503	-6.341081
1296038210	-6.080615
359596838	-5.152367
227088228	-0.219889
813286	1.131247
137571771	-6.283240
1234286196	-5.245097
14849664	-4.336147
140959145	-4.442604
148453195	-0.890097
301090775	-4.368190
14800483	-6.437552
792608948	-5.585305
950783972	-3.058718
220241174	-6.158418
381413722	-4.821355
119250381	-2.659710
24299006	-6.384099
389840566	-3.542410
36777778	-6.233541
88806753	0.413106
415780303	-5.765158
143779492	-4.883687
614542142	-5.679835
333504114	-4.241592
29848453	-5.393966
65919935	-4.923131
44682276	-3.364765
593813785	-5.837550
582931822	-4.549876
31801993	0.711128
94366606	-4.104141
162784542	-6.128235
330816212	-5.223787
448923637	-6.245938
1096507650	-4.575152
15428227	0.241639
411997494	-4.332727
2252899873	-5.650609
14293310	-2.141052
40402146	-5.796966
18811140	0.817825
1365917090	-5.730234
273098660	-4.564494
88976164	-6.278862
23970171	0.264948
1347674623	-4.689002
223523798	-5.002530
15014405	-5.774911
1347436638	-5.256857
2836421	-2.899819
15964588	-5.311808
38254095	-1.136576
37094727	0.644592
64161351	-5.836360
372345957	-5.133540
14672279	-5.500621
16030518	-6.224984
91137301	-6.019010
240663096	-5.062389
247334603	0.987254
20957491	-3.293932
26841582	-6.121419
28238988	-6.230003
30673492	-4.061147
35518656	-4.304923
322737879	-6.352803
1965801554	-5.836033
47614124	-5.592856
71281860	-5.371755
721052064	-5.107654
1949611364	-5.059352
18008330	-4.653624
148006729	-5.050980
1301328822	-5.880573
1183811947	-5.762617
17906632	-5.304404
155680896	-4.820868
26111775	-6.365062
349219528	-4.875537
86364947	-4.004066
2181453624	-6.398193
26316100	-4.682648
1556756886	-6.493048
20002401	0.320434
19269183	-4.968175
321119379	-4.734542
1300124792	-5.885346
563844379	-5.890294
751806494	-5.167689
33027306	-4.310843
23117388	-5.378941
819528355	-4.473753
267217520	-5.329334
886986138	-4.863061
497551327	-6.453410
59568948	-5.839051
1716366295	-5.993484
1905833168	-6.094874
448169106	-5.068950
148333607	-4.402173
289374103	-5.905832
360191435	-5.130404
450786176	-5.982685
23617145	-6.410371
317193393	-6.318307
144189766	-4.275739
279964598	-5.226989
1120931132	-5.529722
1137600571	-4.536439
33060832	-6.001979
18480494	-4.675050
292990703	-1.419672
1117009244	-5.988527
33576489	-1.016508
17848544	-6.483338
463918261	-4.853903
990635636	-5.964861
18213420	-6.435557
214179002	-6.224730
195070336	-6.246229
885789362	-4.398067
22831059	0.700387
22081190	-5.832392
153486399	-1.116629
236480864	-4.394845
37202770	-4.598118
374161639	-6.016085
1242109014	-6.018865
211530910	0.824655
1606703838	-6.509403
348857253	-4.949124
167856299	-4.290187
502440556	-6.123646
14529929	-1.603089
631876809	-6.548502
1902537799	-4.608614
700126891	-5.926375
20444702	-5.086926
32789881	-5.838398
67906573	-4.306798
1032703770	-4.767456
7334402	-0.592634
19245431	-5.737979
110924703	-3.285060
198523967	-5.712332
1058345042	-1.919598
2296636404	-6.526611
15471838	-6.540471
1702539968	-6.322592
20376424	-4.748405
21509894	-4.125807
1388590928	-5.969286
429181880	-5.580617
1073212812	-5.734270
283657826	-6.064977
460656473	-4.321082
1277984012	-5.705262
165533941	-4.028860
42638402	-5.979232
337752039	-5.444516
1393599296	-6.228508
114607567	-1.679371
1144145946	-4.321009
377702207	-5.684071
237814920	0.560555
851621377	-5.876519
1487887076	-6.483880
1852819452	-5.807362
109280446	-3.207651
1665719612	-4.802386
537156670	-5.948220
411526571	-4.377028
488127904	-4.392462
34270503	-6.119992
95602718	-5.452750
191208249	-5.856966
21351432	-4.614369
592019654	-5.021026
385429543	-0.536731
234937222	0.194932
26194384	-5.433862
47975734	0.995549
1023320856	-4.433546
211901075	0.259635
271552521	-5.984637
1222283971	-5.135813
2321129046	-5.142302
1722842137	-6.359034
1540496365	-6.535748
10025982	-4.873174
17530189	-5.991735
123667924	-4.782010
1962564906	-4.776774
110893482	-3.905246
93575832	-5.249724
40750718	-5.180244
960962340	-2.643200
222195455	-4.283901
16056306	1.042507
1074129612	-2.277415
60801758	-6.279013
21426423	-6.130811
319529691	-4.383709
161411080	0.477271
161791703	-0.381850
939621458	-5.744570
16703058	-5.093145
301081520	-6.121150
32010840	1.242748
834525002	-6.184936
26809683	-6.382335
202206694	1.123867
520778762	-5.952809
8775672	-0.985550
317608866	-4.389184
24184717	-6.172467
1356531588	-4.358607
713463571	-4.315350
176260948	-6.111570
278005891	-5.370201
36737855	-5.054491
35758513	-4.196845
17896154	-0.332148
217550862	-4.007084
1110920106	-6.114490
1931992778	-5.496680
1128781184	-2.453630
29865139	-6.076495
977369880	-5.751358
62330632	-6.292037
34340464	0.832110
1033532365	-5.546768
830430216	-6.323371
155642785	0.250283
1154667132	-5.177975
1080602371	-4.468209
360605502	-6.239302
63787812	-6.211865
30027177	-5.512202
2369234174	-5.330950
5741722	-1.244757
551698752	-6.333287
545501375	-5.177422
1596947036	-5.539253
1449407450	-6.356249
326551457	-5.570010
95509057	-4.597237
423688722	-4.842909
328258374	-5.611087
705661256	-5.276413
496786334	-6.431432
1879871294	-5.037071
2374720591	-5.174406
1954751917	-5.503082
550401754	-2.690185
370076582	-6.426077
18820392	-5.512868
16298388	-5.748090
348861268	-4.884281
1623282788	-6.443762
14124614	-5.862383
36588739	-5.758332
88784440	1.088536
16804072	-5.722165
2356356972	-5.722008
1258312562	-5.112341
43216755	-4.946158
703640660	-6.307961
896620178	-5.940714
122473388	-4.260248
234906311	-1.384186
16018516	-5.546463
586045941	-6.135742
1115633996	-6.228031
485139684	-5.300021
1352594924	-5.490333
1621076712	-4.889659
175102610	-5.226968
63749707	-5.621462
20733972	0.240773
17291452	-5.153552
20906882	-6.543247
615181714	-5.685461
78966155	-5.307118
1430524482	-4.672534
21669223	-6.046558
8870632	-5.827479
14730894	-2.567566
1959864463	-6.263192
21321475	-6.389864
272520742	-5.676504
19918558	-0.062277
1959387662	-5.022436
14216438	-4.214059
492378372	-4.984036
1154894353	-3.650379
1463550048	-6.456781
24305421	-4.888597
26265640	-4.748988
382441782	-6.394744
856549532	-6.372917
235271965	0.989799
314335929	-0.858437
59969802	-4.724761
74058012	-6.445693
347877928	-5.541696
30500021	-4.458204
716563918	-5.210311
2255274860	-6.471524
411766612	-5.507549
39793438	-6.411811
41634520	-1.935332
51228911	0.119141
247496974	-5.169028
234374703	-0.091654
2168350939	-6.453516
455037005	-4.473119
267781214	-5.073536
26324609	-3.795460
17487795	-3.286412
339852137	-0.964101
230761725	-6.076349
14616459	-6.111035
1556371026	-4.563001
199325935	-0.175918
234927299	-5.415196
109025212	0.600535
225326840	-6.508148
1363394484	-4.733901
75367781	-2.787973
343171266	-5.179914
15600527	1.157657
89526574	-5.156445
523397097	-5.596578
1092979962	-2.961969
63804234	-4.226404
206716135	-5.681552
260841091	-5.553043
47470008	-4.865468
68198447	-6.334420
2377726519	-4.983371
1221321108	-6.406022
205420257	-6.326936
1243902714	-5.034042
1049460835	-6.076797
49782398	-5.249317
1246599554	-4.416556
113420831	0.792230
62907908	-5.856327
72874723	-4.562993
236899846	0.637786
1891157910	-6.439329
505932430	-6.259289
85778445	-5.680187
270067927	-5.125763
331268118	-6.177440
1201520622	-6.510362
538416721	-5.062868
359950567	-6.286876
6794502	-3.225402
1263944875	-5.357557
58287227	-5.743963
338553588	-5.765766
213182436	-6.125078
46176168	-1.556725
142721190	-4.799421
943501040	-5.851299
71070614	-6.393711
18317325	0.814624
1065995022	-3.551143
21941446	-5.819527
87055347	-4.285882
259950795	-6.226857
506091865	-5.469511
1581759588	-4.558575
547839797	-5.516476
1697235505	-4.574377
932421955	-5.939908
46016028	-0.229322
25768647	-6.475369
17074440	-0.471115
1143929599	-5.081694
2254857197	-5.982326
631543401	-5.656643
959687432	-6.402923
97368029	-6.452857
32774989	-6.024348
415981838	-5.150951
180287231	-4.823913
472541504	-5.038346
1482327366	-4.383251
454953162	-5.506410
20552026	0.836131
180895768	-4.921569
14275291	0.611739
2324036732	-4.427266
346030501	-5.251401
14135426	0.176980
191005134	-5.847057
14389132	-5.551292
16472624	-6.065138
286363562	-4.509944
163586067	-6.222936
390292636	-4.789626
991821667	-4.084836
20449956	-5.404094
1693751167	-6.179105
1658254478	-4.752995
268496469	-5.095256
1497383952	-5.720716
1313165581	-6.282725
1532014123	-6.037831
139574248	-6.173843
99157266	-5.483619
83200882	-5.236719
2317860566	-6.522018
216481299	-6.192066
805777398	-5.630540
361365479	-5.725024
97171189	-4.515330
807095	0.821656
391413865	-4.276343
89820928	-3.080720
246499208	-5.730558
85606078	-2.961848
435877117	-5.577604
16385104	-6.152434
24135119	-6.398794
276763538	-5.004392
207731256	-6.404842
190699396	-5.989959
1870898497	-4.841790
1104083418	-5.580100
52992670	-4.713160
27676828	0.764974
310912778	-4.442103
47056405	-6.433643
352643501	-4.588755
252115520	-5.122274
47402168	-6.167667
404542591	-5.813499
594870776	-6.217027
240327228	-5.334705
263975503	-4.219092
1068990122	-5.271971
261263905	-6.220555
1357427004	-6.330986
19253918	-5.727561
586032653	-5.819849
451967996	-5.549108
18793575	-5.966866
23712174	0.677044
252819642	-1.121608
195019882	-5.478514
18244206	-4.448886
8953122	-1.172095
33655512	-4.410445
19926675	0.897414
287861586	-6.068331
323239103	-6.300767
17439675	-6.080694
18967498	0.903892
29598035	-4.860370
796737758	-4.545791
180396181	-6.370384
305389392	-6.369831
85353299	-6.376233
1423715941	-5.535401
17282256	-5.404780
1322558402	-5.214916
430830756	-6.498326
1733849666	-4.305638
449959102	-5.795194
733751245	-0.498918
1558893368	-6.378589
56653367	-5.191765
39191258	-4.895188
498961346	-6.366534
300515560	-5.368947
539866149	-4.366241
225988631	-3.931611
78431501	0.716658
76392970	-5.847680
248791332	-4.740109
1117640744	-6.486636
118152495	-5.972594
15751083	1.045221
22262553	-5.104968
1905298878	-6.340317
1443203875	-4.963157
39308549	-1.803491
196147086	-6.500962
47891535	-5.377717
15029174	-4.271157
273795671	-4.293307
237944147	0.546215
1738425180	-5.931670
758067224	-5.409356
424263083	-5.706838
456911539	-6.233146
64022803	-5.093357
262424195	-4.786513
1699808366	-5.334536
360427514	-6.387831
169472184	-4.213138
293254420	-6.193802
613725908	-2.417603
485264526	-6.474863
778724700	-6.256691
427024774	-6.349532
1068626984	-5.492132
148565166	-4.191140
29896465	-4.622055
15281676	1.008993
20713061	0.288602
193732179	-0.562900
1043702834	-6.147771
398232779	-5.949174
1516830966	-5.651041
864768235	-6.543147
2417754469	-6.581838
356390382	-4.768725
712959254	-5.384963
180846791	-5.823238
158495061	-4.887763
64660952	-5.110673
221792092	-0.196208
75785294	-5.150450
242068532	-5.801617
619479855	-5.120628
48117116	0.359877
443681123	-5.971314
380371286	-4.400301
30930019	-4.366052
195955478	-5.509178
2192766368	-4.890606
30043495	-1.066168
126644609	-6.023323
76651617	-4.616885
386455581	-6.225505
49316020	-5.739573
236916916	0.927614
5558312	1.141290
80473367	-4.847443
44117460	-6.352409
330001961	-6.527050
373311804	-5.206041
1849261916	-3.910995
180100015	-6.422057
234822928	0.761810
269931179	-4.533875
8128442	0.149731
292935209	-0.297642
572317065	-5.779078
19553409	-2.578371
242555999	-0.731553
996565820	-4.890785
886042746	-4.774132
98242752	-4.865133
28859894	-4.636190
16086967	-4.480249
1578519660	-5.635743
283265252	-5.238193
350930593	-5.734096
1002313952	-5.383024
2265167642	-4.694169
1076928920	-5.630231
1944510751	-4.433928
22417674	-6.351415
49697450	-5.085217
31350534	-6.063594
1694503231	-5.705974
1571660059	-5.290592
161344057	-5.968931
1189735556	-6.199619
809050796	-6.227124
22819917	-5.901675
1602752804	-5.091734
14809189	-4.570193
578069877	-5.753804
311165745	-6.241856
155669457	-1.417289
1643415560	-5.281661
249339682	-0.062644
416686487	-5.108238
22097192	-5.121710
1927804778	-5.532792
1077121945	-2.966900
33345380	-5.401358
287269659	-5.188704
1955581326	-5.031198
1860099558	-5.407838
137381495	-4.209879
1408518626	-5.722103
317407076	-5.973572
1117953943	-6.538322
19726613	1.007913
1935184730	-4.763097
201877444	-6.166300
7713202	1.188465
57977498	-5.950288
87318108	-6.130964
9624742	-0.872260
19891260	-4.182833
254775647	-4.921130
15116570	-0.801801
1925654095	-4.640192
17643209	-6.238823
14344823	0.828676
308664726	-4.685340
558769636	-3.188331
40024874	-5.451823
198963912	-4.183975
189910408	-6.044077
50839205	-5.670088
560117034	-5.461531
2363258587	-5.124393
19739126	1.466043
338883349	-6.415518
48086014	-1.931627
2282872260	-5.318092
33665393	-5.301258
205886080	-4.315346
135931182	-6.061069
800162478	-6.136630
373011304	-5.913278
7270292	-0.582356
17976923	-0.045945
104797238	-4.731495
2337254448	-6.137178
97150206	-6.225632
5561412	1.507055
42760147	-4.768299
191923358	-5.678168
581141508	-3.941331
223166587	-5.275600
193614775	-4.454597
28599820	0.227727
1001025787	-5.008979
972323274	-6.558921
9855382	0.575765
472632386	-4.404475
2230533374	-4.718157
2704951	-1.602841
1611064304	-4.473312
342601720	-6.275425
224320485	-4.122363
121620626	-5.804901
364564017	-4.282642
1469735982	-5.299318
17768436	-5.727488
19543987	-4.369820
1374923180	-4.612132
234024969	-5.385745
16031927	-1.755169
755802794	-4.901068
29501253	0.368775
1403429444	-5.970910
1071768498	-4.395972
313344689	-4.932433
2288373518	-5.826677
250188760	0.107479
891678516	-6.544388
1920276091	-6.540573
16100318	-4.199949
49453870	-5.539609
10168082	0.299782
453698931	-5.729666
54598826	-4.122753
165511812	-5.429550
1599284149	-5.713773
237299871	0.440777
556000874	-5.725060
156975310	-4.589655
96662959	-5.704886
15297551	-6.390723
17513304	1.026158
364415553	-4.218980
305145458	-6.528829
2366260580	-5.942946
394272456	-6.132023
237129990	-6.260772
1020058453	-5.291103
317630465	-5.846852
39793961	-5.533449
377237995	-4.285894
133429379	-6.342841
64651898	-6.518480
776664410	-3.449104
235660311	-4.438921
63753027	-5.780494
1977097572	-4.520897
35829796	-2.419813
520950046	-5.321523
1521740594	-4.789669
1061486761	-4.636793
425565585	-4.479232
32135704	-3.666038
111635980	-0.240921
334320138	-6.064703
1262814457	-4.773979
137068935	-5.312565
237926856	-4.719507
48075643	-4.294244
919804596	-5.788029
244985138	-4.963680
77418275	-6.214625
230981077	-4.372355
109274506	-6.032468
14634720	-5.237240
193872188	-0.622374
43955137	-6.377531
1878559962	-5.568789
2241120434	-5.798799
209833543	-5.240808
1434486529	-4.557455
254277011	-5.862363
201453157	-4.543360
217137252	-5.646447
31611298	0.465404
1517363570	-4.241820
51241574	-0.319082
162069635	-0.226360
356291170	-5.299157
474232856	-4.984493
1931698346	-5.672316
245378929	-5.794039
159524468	-6.514615
15675138	0.159565
1602221707	-6.218204
27088314	-5.877610
2256726992	-4.684226
248852820	-5.990902
108671959	-4.421030
136471166	-4.717895
21220931	-1.908050
233238234	-5.172140
557671006	-5.061632
1060860422	-5.864900
2178681566	-4.313383
1535579558	-4.755213
22731105	-6.436712
260760840	-5.642176
72405094	-6.022060
18161620	-5.790263
338811841	-4.159972
1385690448	-6.562606
1898897300	-5.570195
621293247	-4.209091
128235400	-5.871241
217912727	-4.589305
531481241	-6.277673
1399903849	-6.252707
114887629	-5.751304
5392522	-0.005279
269908647	-4.277591
339814337	-4.576823
326208966	-5.832618
2162136865	-5.150582
80403646	-6.379826
131036750	-4.921659
53643803	-6.142062
30216513	0.253508
860154126	-5.534795
19512725	-6.439171
405034710	-4.375570
16517357	-5.748392
85916265	-5.488352
1337252017	-6.214484
397430607	-4.861117
15727317	-3.687380
15159913	-4.616976
275098108	-6.282579
38500956	-5.042289
122770149	-5.270890
600991865	-6.163056
5496932	-2.325170
49649077	-5.798392
1627252382	-4.813275
260396714	-4.980609
37461389	-3.550047
1279783315	-6.348114
19808819	-5.511243
1305465990	-6.141008
474451843	-6.013546
220580561	-6.471383
16102244	0.422875
71328021	-4.844066
122146840	-5.769682
1827782569	-4.693477
15954997	-0.615509
754277773	-4.485715
1920537577	-5.794880
21419440	-6.057932
381666107	-4.965241
25915690	-6.029308
17301179	-4.591544
19286569	-6.266349
1060487274	-1.968136
582475251	-4.498759
14984637	-0.488963
19257799	-4.495517
138770045	-0.107435
407744769	-6.284943
57860368	-6.065326
16129920	-0.063335
23121519	0.138489
24392175	-4.654245
15417358	-5.770431
240363117	1.040992
1140648348	-5.379262
167699332	-4.249598
1911335244	-5.868784
1719880621	-6.274509
74164455	-6.061746
151200240	-4.815650
22946355	-4.760045
833990756	-5.859068
3108351	0.772937
234469322	0.428456
1693373094	-4.778019
351109901	-5.782952
247420668	-5.475620
538646538	-4.519098
16583468	0.245981
14763834	-6.022735
382791093	-1.112401
322794665	-4.806662
271985168	-5.461039
21636248	-5.934022
555593757	-4.779243
61250271	-5.838420
207317790	-5.545453
575766234	-4.634564
1002244244	-5.854924
84984380	-6.002109
1550794628	-6.409935
958081542	-5.595238
95978223	-4.848336
1305596696	-3.827677
15922214	0.714213
15522251	-6.503989
978690895	-5.902946
62090497	-5.032463
791002021	-4.503840
2196576859	-6.355859
34122899	-4.736446
200400227	-4.821618
23789790	-6.167045
121990777	-6.552737
1469446608	-5.890309
2178860358	-6.254563
470126084	-5.398092
615953866	-5.288905
15745368	1.408832
42734224	-5.374276
1503451620	-4.476262
193794406	-0.078465
538185166	-2.831195
324171587	-4.633500
1463325120	-6.391593
15918708	0.157986
188194323	-4.581537
135653370	-5.754446
34402366	-6.167206
24463788	-4.625109
2284159548	-5.201600
34932854	-5.528792
48587305	-5.228253
302382660	-5.193462
199286398	-5.691440
1462723416	-6.025252
359032147	-5.288050
400792588	-5.955031
572061403	-5.955516
247066289	-4.321325
930234066	-5.326952
34966987	-5.076149
2330410284	-5.925921
38067927	-4.629993
158398519	-0.284621
325804079	-4.607423
18873711	-5.321381
78403308	0.067744
568151409	-5.738747
2311117897	-5.291082
110545675	1.088407
24795163	-5.846931
454060961	-5.941112
357253772	-6.210030
19028248	0.055609
74895491	-4.677902
801084110	-6.199463
16187637	-4.218213
1365881617	-5.960410
628018533	-5.147847
98017737	-4.996356
845711293	-4.236935
593840334	-6.085562
1380763326	-6.444852
193978839	-5.409242
115166212	-6.353812
1009269193	-3.417169
2253990607	-4.608225
105823136	-4.718484
287225290	-6.414954
137407124	0.741288
426694458	-5.244465
245905555	-4.919205
1545715382	-4.507460
20078009	-3.764912
18060177	-4.915986
28969421	-6.230768
145292853	-5.162718
92055121	-6.364379
46263050	-5.921705
1736053987	-5.989791
2238098360	-4.469379
11379362	-6.088536
240760644	0.296698
301416337	-6.363277
965142457	-4.675995
1374780043	-5.607670
24260994	-5.129490
265529710	-6.303939
448077090	-5.455502
1157424444	-5.813796
218206502	-5.160126
25162697	-3.890605
1350864440	-6.439950
204905640	-4.506047
71036272	-6.321223
19658173	0.630684
15008539	-6.268054
124335509	-4.242684
66774077	-5.139028
770554297	-5.888311
1671690367	-4.841836
36654245	0.706128
2250858631	-4.679109
15985455	-0.345634
1396846357	-5.668009
385188446	-4.801044
1055730738	-1.749676
716984711	-5.024904
38039087	-5.676228
248252582	-6.124669
163570705	0.410205
191728014	-5.278316
299802435	-4.390261
468601121	-5.443868
740417436	-6.294966
15856366	1.069941
1665514478	-6.245180
11650762	-2.847499
270017791	-4.675984
31128529	-2.891959
27385174	-5.340944
393585626	-5.538164
296361085	0.459781
293131808	0.117682
976579933	-6.200016
228784853	-5.455899
332040130	-4.462990
309267226	-1.379458
41750998	-5.688823
68917738	-4.595453
1874140452	-4.483063
159609651	-5.812910
458393298	-5.353794
403353373	-5.643919
249674727	-3.959899
2286252732	-6.394224
1080844782	-1.521113
1372288434	-4.496870
255876732	-5.846240
49541291	-5.892877
784971582	-5.934708
22527499	1.367471
21693764	-5.519666
16473577	-1.977736
159977219	-4.358676
140519774	0.202216
27633572	-4.610828
31122582	-3.361925
32506723	1.246307
1655680988	-4.912702
2245220154	-4.522560
15075753	-4.316607
588237779	-5.873483
1468203217	-5.265018
188019606	-0.499354
242836537	0.050942
193632778	-5.671666
19865528	-5.511635
351149827	-5.594247
18166778	1.020178
303861808	-4.185436
343830557	-5.534717
17353658	-4.792837
1541893820	-6.565451
195271137	-5.086387
362597648	-5.876995
249219490	-5.372538
26122639	-5.262996
46557945	-5.122387
398269985	-4.310271
48263046	-5.273704
1128514404	-4.744121
1262936000	-6.240166
537063930	-4.965948
305620929	-4.989222
15012486	-0.390735
156300451	-4.864883
305216911	-2.791102
757372008	-5.399275
32393576	-6.249046
1711193490	-5.922877
19151741	-5.963934
16814879	-6.079583
27705441	-4.361306
385288144	-6.089453
235251868	0.323725
431990191	-4.657381
236118432	-4.367162
91032815	-6.040933
2367536538	-5.009453
452004245	-5.431580
135297032	-2.379770
166536928	-5.674491
1476337592	-6.166006
32379396	-5.274402
589425352	-5.352615
633855519	-5.583805
17800215	1.010135
235312723	0.751932
123934875	-6.098538
983813816	-6.213714
359133002	-5.215316
246769138	1.066588
602997805	-5.899621
30619527	-5.793575
2203931420	-5.124947
126980084	-5.268454
222721984	-4.982523
167507135	-4.891449
459446627	-5.980058
284744912	-6.082383
59771400	-2.914265
1096059529	-2.026433
1385871187	-4.507951
1022263688	-6.454612
271958454	-4.217024
1540360435	-4.647273
765038167	-4.861987
16803651	-4.457590
18029328	-5.519169
2361531690	-6.165394
60984835	-4.553372
112236901	-5.285388
404226735	-6.208889
1911879768	-5.616754
50452197	0.223768
55896443	-4.797945
159292313	-5.238547
1883356866	-4.805515
314761332	-4.432209
26607712	-5.368865
21786287	-4.570201
15356407	1.090150
2739461	-4.967054
161743731	1.040455
270182385	-6.262838
349379430	-6.554131
57751453	-4.957222
1265207760	-5.983688
27886115	-5.856592
16441318	-6.556736
96800896	-6.535136
23976316	1.298716
21762137	-4.806900
350927143	-6.362597
539485640	-4.871303
407323365	-4.273870
275725571	-4.358736
77308668	-5.839557
30095477	-4.695369
330650569	-6.047171
108083058	-5.543119
1644805254	-5.358455
7356562	0.805918
2305315345	-5.715428
360804642	-4.911058
919927722	-4.403477
15207668	0.061507
1214475872	-4.232253
44478497	-4.174319
16099657	-5.069198
857748156	-4.873428
1678290240	-5.021285
76381104	-6.117684
407039290	-5.435088
344109654	-4.403860
15035209	-5.577109
254805061	-4.777370
9300262	0.630731
242426145	-0.860278
1902563203	-6.147742
1909542326	-6.379334
185684821	-4.392754
21157904	1.291513
253100055	-4.293539
396794501	-6.253908
30050899	-4.866989
47736933	-5.940136
209792690	-0.710734
11134252	0.330822
480056408	-5.452937
14125897	-4.117204
1075843532	-4.661505
174847410	-5.276376
1173237842	-6.537819
610415617	-4.338168
30823752	-4.656008
14597351	-6.090053
316819997	-5.261867
32007346	-4.018919
356881780	-6.256413
323511585	-5.179624
43108099	-4.793204
49675523	-4.585663
299883942	-0.671611
1214026033	-6.447355
293459696	-6.497153
793992	-5.810528
2236741645	-5.595682
16469463	-5.798054
1462357878	-5.650590
1852444146	-6.058365
288295387	-6.172849
63502107	-4.855391
323863880	-5.711197
93723445	-5.154310
85418520	-4.789755
405134921	-6.495188
2301967142	-6.110141
148041415	-5.354546
284296658	-4.426974
1898624934	-4.374932
1444380402	-5.087307
554109268	-5.746911
2297176518	-6.422181
1071900114	-3.151592
254189414	-4.673594
469674025	-5.721398
1422126799	-4.175768
327798242	-6.260470
80958505	-6.096793
393603441	-4.897862
181101417	-6.167976
52989817	-5.622870
818586175	-5.036660
2277763242	-4.732386
31120881	-6.465029
1025653922	-5.747396
54686639	-5.887883
185049728	-4.261902
530864692	-5.118034
44195577	-5.404691
281162551	-6.226952
954172328	-6.559459
34850480	-6.534190
17750110	-5.534641
38036372	-5.451376
48115928	-2.448773
514929629	-5.008981
251656840	-5.988352
14173315	-2.422172
1884324084	-4.536169
281540744	-1.086991
18891923	0.860788
257658885	-6.176076
1246366651	-6.347160
330938673	-6.065122
1059240924	-3.826606
194536303	-6.570101
1339931490	-3.920082
518644221	-5.126274
431266828	-4.574692
432092458	-6.272400
234022257	0.829716
47747074	-5.153993
73925960	-5.823682
450108691	-4.577859
278124059	-0.802857
473199911	-5.224596
196619213	-4.954026
227036687	-6.063030
1630446259	-4.419279
16669075	-3.187730
75843152	-5.442239
1510065122	-5.113611
392998644	-5.660535
78130610	-6.382285
2203399435	-6.213744
1906353372	-6.128318
56763589	-4.525801
116534252	-5.800384
15324851	-0.917695
209598477	-5.366017
244526889	-5.748506
1488969002	-6.473340
232992031	-2.445654
15394954	1.166618
18805303	1.111378
224285242	-0.151523
883557414	-5.358510
43050282	-4.896865
18548136	-4.866825
267938462	-2.095083
585206397	-5.027610
291676686	-4.946070
1939381628	-5.567885
309605202	-5.030658
77017567	-5.766677
779118265	-6.329054
751212379	-5.206525
245136682	-4.978187
115488968	-5.885407
2253968388	-4.595931
1075666608	-5.133068
555473643	-6.149499
51267980	-5.116483
176646411	-6.256398
728565668	-4.429570
487067075	-4.854619
16054728	-4.816708
1055362014	-6.379448
47412499	0.115443
337122716	-4.406338
870670477	-6.380870
1572830660	-6.469414
391814356	-5.758982
13218102	1.172411
1418013151	-5.001364
71294756	-2.180828
5660532	-3.915609
398165004	-5.861602
516642662	-4.987733
14587949	-4.492921
17992453	-4.595191
485842327	-5.537388
2234105580	-4.880562
19929362	1.133801
151589736	-6.404789
45151382	-6.496973
381152398	-1.389377
21950364	-6.426733
326043489	-4.910625
233724961	-5.519096
462033343	-4.402404
186506052	-6.064737
75347500	-6.379317
449795350	-6.478578
701303623	-6.105227
1439879557	-4.249956
246341769	-1.056067
186291444	-6.480304
378738565	-6.337365
219429281	0.477791
1932363210	-4.598020
308276891	-5.343781
1580451673	-5.176950
74302172	-6.493128
360893245	-6.214665
1375646822	-6.312788
237312687	0.842503
119162694	-6.005425
21619519	-2.132689
490535112	-6.532765
224297637	-6.074099
1497534576	-4.695498
14308987	-4.939508
345261756	-5.541607
1255785854	-5.937118
18216752	1.379592
2184765932	-4.354712
1525086182	-5.687193
56538228	-5.040546
95166404	-5.965744
342945847	-6.204062
630802892	-4.734356
15350894	-5.234626
19616327	-1.978414
390522985	-4.962894
2287788476	-4.655706
624186253	-4.356687
621500066	-4.266890
24300215	-4.225416
1624698122	-6.034759
236479311	-2.231302
594060392	-4.981071
1072453910	-2.555064
538086333	-5.991957
342780479	-5.953394
178419778	-4.332307
280206584	-5.234600
345555778	-6.105361
1125409915	-6.523051
93936388	-5.917257
234014087	0.161642
473401390	-4.642612
993153006	-1.141283
19139963	0.567855
41464356	-5.189664
506033683	-4.936476
590696606	-6.343441
1652541	-0.247509
235217558	-0.099195
425489816	-4.570791
235591153	-5.433920
22903983	-6.222190
344033052	-4.575668
946114207	-5.802320
770448248	-5.862365
19407835	0.825416
26778110	0.676874
1327675195	-6.499540
169588591	-6.490933
78673043	-5.025540
15496979	-4.171300
801523267	-5.886092
45340027	-4.712968
399432469	-5.473346
125397444	-6.036713
72198806	0.895395
197307435	-4.841927
1134292500	-3.811113
20563979	-6.053633
164707575	-4.929284
14617444	-5.944983
263414131	-6.558939
31006603	-6.132842
201079432	0.765705
1149312193	-6.487108
117974827	-4.838969
89814216	-5.530613
238861711	-5.821360
253149069	-4.291622
34666990	-4.378099
555845120	-4.850882
80111837	-3.181602
1406277577	-4.986129
529973619	-4.958462
950328072	-4.334058
153944899	-0.431411
1335517206	-4.205031
242376736	-2.226524
584351142	-4.932561
1183865954	-4.385774
368977925	-5.725682
75398827	-6.093008
224294785	0.921656
173363468	-4.958246
388958868	-6.534105
133864713	-5.595107
91179070	-4.325310
289530036	-6.162935
143889472	-6.077069
51284800	-5.741679
233601235	-4.449601
250710495	-3.562130
15434632	-5.339231
36183582	-4.926511
441425863	-6.487999
221614578	-5.901169
439596778	-5.063139
20841089	-4.655392
575385464	-5.286710
40526985	-6.007150
248850174	1.119958
37920978	1.429624
15939889	0.056330
1490306108	-6.380190
433079096	-4.319166
463132556	-4.337217
2312281051	-6.167828
1458461443	-5.735651
19877680	-5.120683
377773483	-4.621571
180142423	-4.877478
13067732	-4.476411
38787045	-5.636600
1143060714	-6.006228
452413225	-4.950021
18043103	-4.794987
1282568923	-5.264597
339172700	-5.258451
112604826	-6.522022
1229226714	-5.248052
249834165	-5.321064
2305350474	-6.263508
2377621136	-4.807017
18289929	-5.790305
366228554	-4.346435
24742936	-4.508506
85634199	-5.256660
93288759	-5.304122
1051127714	-4.481014
197290856	-6.260649
20071932	-4.285373
48807726	-5.915378
486380694	-6.107157
168666357	-4.520893
215909539	-6.476017
168673083	0.345984
47632905	-4.348746
1069918782	-5.745102
28252475	-4.439026
1123683068	-4.173815
2314336918	-6.225543
84129740	-0.030246
229197216	-0.413887
247850985	-5.097552
2369496272	-6.230112
85970738	-5.246163
15715842	-5.127690
153919023	-2.045161
499978095	-5.973114
1365631760	-6.309894
389759292	-3.937827
38465240	-5.268016
1512666349	-5.088361
1656055824	-5.156333
1662929678	-5.990953
117197307	-5.457984
991357832	-4.947688
34438002	-6.416684
104631905	-6.396003
1262623074	-4.297979
132278386	0.036956
15948219	-5.986762
1011705054	-5.122162
251728316	-4.493843
20495104	-5.068432
612716532	-4.547615
110050273	-5.209032
113214730	-4.247311
237770636	-1.822651
247596046	-4.439964
62543872	-4.729075
123282266	-4.403484
133439172	-0.033432
1037084538	-4.575235
111632324	-5.076794
534405915	-6.256925
276197098	-4.345136
77664666	-5.690858
1394549060	-6.015524
2199888721	-6.374457
225921757	0.634602
91744236	-6.566823
428333	0.340195
85634177	-5.034879
255829884	-4.601629
1328123624	-6.182404
325717986	-5.257847
266830495	-4.666292
611834439	-6.318106
960696949	-2.359374
15572155	-4.502614
433791263	-5.670943
1636291356	-5.559964
19912734	-4.107133
337932925	-4.446802
543822491	-6.267995
49634881	-6.523152
468930111	-5.985476
620298978	-4.517866
349947276	-4.920546
60638933	-4.187826
282775291	-5.522914
26677801	-5.304399
23035691	-5.294147
534599939	-5.264882
195042501	-5.948164
50325797	0.130609
65453528	-5.665016
2321775476	-6.532702
229592356	0.667382
1071764281	-4.605868
2340967118	-5.445967
1223102983	-5.010254
122719755	-4.687600
124196924	-5.050706
17525171	-4.492487
52503751	0.210527
76452765	0.900535
1634852712	-6.381608
1172636797	-6.577904
33977070	1.213405
21048033	-5.921709
217543151	0.766114
1726999796	-5.118973
401955731	-5.527964
948491592	-6.539045
267583652	-6.525980
225242868	-5.854957
487906127	-6.171756
286898862	-6.388978
605098090	-5.740021
1071102246	-3.519201
1075551668	-5.932113
1441675236	-4.560358
206428391	-6.122153
325298865	-6.449148
1626115357	-6.067590
600737301	-5.745790
43476440	-5.096813
1061385474	-1.483624
362052555	-5.808084
281509650	-4.459623
1228818295	-5.082712
516131688	-4.593626
1222257180	-4.918745
158205177	-6.362761
28889556	-5.951440
248004920	-5.984197
23632545	-6.279666
1023236538	-5.450341
24737755	-5.195424
41406567	-6.247408
117197740	-5.811763
69715433	-4.712900
74198348	0.955917
463606038	-5.396161
1061006802	-5.622561
575749942	-4.786739
115754120	-6.313618
15448332	-4.789309
1131203611	-5.854802
298059168	-4.848392
610325685	-4.666359
241207373	0.399797
1332628436	-5.649443
1925656796	-5.735399
211254250	-6.124214
851120473	-6.572881
108619944	-5.698497
95070642	-5.035743
450708486	-4.346832
257170128	-6.147057
154648736	-5.051631
442824717	-2.399336
1571215884	-5.637658
308563367	-6.234160
1440997712	-6.244559
19793648	-6.056820
1536065244	-6.025533
122207745	-5.174362
362654346	-6.228521
78369108	-0.875709
14859559	-6.520640
318464838	-4.373407
425527664	-6.155049
286034058	-5.873129
1552818054	-5.867098
37766935	-5.433860
266772387	-5.696622
986188543	-5.864656
1372431026	-5.733855
282233418	-6.162140
308748838	-4.532156
256178459	-5.844515
70156027	-5.654223
407584834	-5.371018
633131271	-5.993173
1072382221	-3.149352
1437466362	-5.190389
373883896	-4.932941
1901113928	-4.836106
1484301392	-6.141894
799658150	-5.764257
1198766904	-5.414453
785414496	-4.920485
84677520	-4.526355
1797991	-3.888984
608182396	-5.160728
170767454	-5.699251
15361570	0.114642
9508922	0.747575
376477453	-5.177393
190160433	-4.969950
373326597	-6.096022
122212010	-5.941067
44127294	-6.086403
22797378	-5.584507
1592481150	-4.109226
233842454	0.010603
265155317	-5.701381
564225302	-6.522986
2358445766	-6.236919
127894579	-6.382183
30313925	0.642091
1058717720	-2.186100
20641972	-5.463609
1877628114	-5.740825
1412998502	-4.434315
40466049	-4.409680
1008962922	-4.751605
13383292	-5.257880
100330676	-5.322998
330583779	-5.340061
5692662	-4.781695
1494474121	-5.348088
566631178	-5.646899
237781383	1.115649
2251095308	-5.525300
975200486	-4.150523
16712666	-4.450050
1656884071	-6.433025
1355831521	-4.896174
279634424	-5.129500
29610442	-6.397680
8542882	-1.556531
18724011	-5.693383
237348797	0.687176
248699486	0.917268
633825457	-4.732844
29929730	-5.851623
18916432	0.749910
19518515	-4.835868
52537790	-4.365921
455041792	-6.226004
253016264	-4.961896
116518445	-4.967958
533702418	-5.533480
29710286	-5.694100
26976860	-5.799293
25086658	0.753697
1969641703	-5.402577
189236855	-4.824341
23536035	-6.526046
617382180	-5.683263
2281176661	-4.319287
1917347892	-5.212462
1305481388	-4.381771
761840588	-5.517800
16560935	-4.901102
180032621	-4.660746
294965312	-6.397804
380001296	-5.687258
398990591	-6.068280
133448248	-5.995409
1608892718	-6.350811
409799018	-6.289929
1622931326	-5.444958
36126319	-5.492304
156075520	-5.973404
5031151	-5.866443
340296149	-6.027831
378096410	-4.296504
242993672	-4.443101
