14412533	-2.940460
2163623972	-4.405139
249222850	-6.522321
1281503318	-4.882628
387984038	-6.010118
1206306506	-4.509699
57931553	-4.549421
2258783241	-6.545467
63160932	-5.282503
25198840	-5.207623
15289825	-4.957247
1452476780	-4.792920
1086619808	-5.737940
1623308912	-5.001341
2194801027	-6.565663
20467163	0.083617
19824430	-4.587249
1739650556	-5.442635
59558161	-5.939581
1444015610	-4.594982
804861259	-5.820588
252254916	-5.297061
40057701	-3.424345
2375722164	-4.778688
451032276	-6.047690
1120298527	-4.669507
16860684	-4.986017
187414539	-4.767787
479674626	-6.096193
19394188	0.889464
1155335864	-3.410802
20635633	-5.680584
248718904	-0.091806
252644673	-5.270241
534680801	-6.516346
932446728	-4.543847
235373000	-1.892353
1377700518	-5.772934
437741704	-4.394660
414516629	-5.017602
46807181	-4.992499
1691930744	-5.639014
153694167	-5.001946
16705010	-5.724918
22509598	-4.978246
31054788	-6.042408
1545781357	-5.483975
5990782	-4.545339
239949176	-1.694957
174879603	-5.526183
547778460	-5.005951
15993122	-5.767448
44209472	-1.975692
17811916	-5.886574
37131103	-6.131113
83932732	-4.124760
22006412	-5.251745
132201224	-1.287165
1647266078	-5.480983
126632552	-6.509763
16789970	0.423087
1183998762	-5.601079
317216233	-4.547572
354493762	-5.766552
24773493	1.100190
119899270	-5.338649
414774285	-4.610633
1252129242	-5.276971
295868971	-4.985635
19186003	-4.997364
564908956	-4.245037
528484792	-4.665940
2291373043	-6.276023
2260662498	-6.504694
40523440	-4.552470
471606410	-4.924229
25668918	-4.210706
320787415	-6.102792
383393464	-4.454805
463890972	-6.348640
48366585	-6.194894
239584537	-5.204948
1357793240	-5.422142
51535196	-4.481925
22930392	-5.390538
35137957	-6.411037
199317006	-5.847719
197628846	-6.048921
223360975	-5.156259
29157809	-6.209952
776063954	-5.947640
277107570	-6.311821
873631776	-4.885534
18943752	-6.454465
492616846	-5.706106
75927706	-4.931860
1334517175	-5.775082
29205600	-4.800363
182815759	-6.433259
54412900	-3.893224
860696202	-5.279647
171813900	-6.224878
19312039	-5.521967
1009921273	-5.758496
717888988	-6.251967
536281139	-4.339732
474326839	-6.140505
237763317	0.787390
164732631	-6.228745
18890707	-4.212708
18696134	0.143421
217454584	-4.915819
25168293	-6.149331
13491312	-0.445474
311789873	-5.889195
467801778	-6.275758
216881337	0.663701
35998429	-6.218029
16256269	0.464801
1226281657	-4.538346
47127416	-5.594625
598384016	-4.479824
456986241	-6.085839
9532402	-1.242206
26459660	-6.109444
35060071	-5.843268
424122984	-4.913015
164007407	-2.462253
1127447660	-5.762278
728708694	-4.613422
40367637	-6.425308
1367531	-0.271941
89657363	-4.355260
10375552	-5.862947
28480805	-4.726733
1328434170	-6.156352
1055907624	-4.930740
28856628	-4.568777
1915916724	-5.109033
708309848	-6.386668
108052620	-5.668455
11348282	-1.924354
104615577	-5.251496
15697940	-4.275677
1925127612	-4.996108
1222580420	-4.851676
254310640	-4.519212
201791908	-4.612091
1189780298	-5.084356
502184923	-6.023228
25124372	-5.523068
2237923975	-6.446177
18909919	-1.771280
384913290	-4.297487
177028305	-6.099211
266133081	0.196304
249348006	-0.548059
96386080	-4.680941
66369181	-2.779604
277008614	-6.582286
254859330	-5.890609
237460752	-5.862101
2360123726	-5.898916
343588320	-5.654406
22113371	-5.101089
2221362486	-4.489865
1025521	-5.279525
79729138	-4.858084
1060984272	-3.319462
358606388	-5.654144
23220731	-5.125128
325691585	-5.587683
1408162200	-6.278005
274824692	-5.252882
186299824	-6.220041
612117635	-4.023675
35762860	-4.548306
19216998	-5.613655
409522947	-5.516383
112765894	-5.755971
3135241	-2.106892
280346878	-6.058081
220208804	-5.743998
116141817	-6.390725
611886875	-5.614849
73303753	0.859952
25226477	-6.252230
331678866	-4.395358
261918703	-4.580461
561628839	-6.297548
47544979	-5.783685
790097610	-5.542292
1718400349	-5.989260
15092872	-5.920435
1676771268	-6.245899
28785486	-1.370649
183637495	-5.654094
521926535	-5.810958
124062781	-6.581549
241771567	-6.224051
31210583	-5.039206
379378754	-5.568881
576268700	-6.235076
163209579	-4.199210
1066076640	-5.937428
93189203	-4.497822
939091	-2.765592
254557147	-6.117793
63506775	-6.046467
240839950	-4.223895
172662933	-5.539331
618586017	-4.137638
85616770	-5.336240
1091456496	-5.700888
267889663	-4.865100
160647819	-4.456023
510516465	-4.062729
18678924	-2.042926
35081819	-5.801080
15980436	-5.804405
20618764	-5.058493
1689821791	-6.216273
356199275	-5.116911
2205359364	-5.080099
211420609	0.885095
21631487	-5.481679
722800129	-5.047769
547174027	-5.120443
116748080	-5.787466
1057859527	-0.720783
27136225	-6.428898
269893425	-5.973119
1921776680	-4.439122
2196548623	-4.465242
124224165	0.546896
519728645	-4.654833
25214807	-5.142813
85898279	-6.377891
961520071	-5.743107
310608280	-4.358523
558895964	-5.607927
72831557	-4.605959
622198206	-6.260264
1027156464	-4.877804
18294521	-4.079395
1725039222	-6.055360
222320264	-4.746471
251408532	-5.072675
1542493423	-4.416722
543154345	-6.545298
259834782	-6.328692
21873714	-5.866089
108376246	-0.743157
16614802	-6.116642
371887563	-6.118169
1090002997	-4.081929
93552029	-5.117202
17111550	-5.818225
372503594	-6.533203
20015903	0.662263
934933188	-6.014048
332340557	-5.068086
944917346	-3.532601
2370786962	-5.291140
78941245	-4.944717
103727818	-4.376810
351266014	-5.096716
1607546875	-6.058137
99949940	-5.680943
1713542732	-5.642760
237600102	-6.057456
72129678	-5.037977
180389279	-5.775859
2179040628	-6.557372
517911880	-4.823257
2310494503	-6.440307
2293131060	-4.133926
218357036	-6.246906
558831200	-4.783928
402190452	-5.622189
97239626	-5.300699
11883722	-4.982556
394303189	-5.802583
110420252	-5.268696
61842393	-3.719753
357580948	-5.847971
1496512904	-5.169265
425889480	-4.299488
168830539	-6.210076
15710384	-5.427223
23109966	-6.505215
34773320	-6.402145
1469869638	-4.357589
198323147	-5.527461
29584150	-6.437939
322781751	-6.087713
976969338	-2.649779
748531489	-5.071070
886946899	-4.583439
397584127	-6.370847
234057152	-0.206987
26083271	-2.942202
26144769	-6.215792
287811065	-4.659485
52763281	-5.183824
27048645	-5.073158
28336822	-6.388922
131791939	-5.693541
81919296	-4.260118
306001688	-4.780075
125984383	-6.057119
1262557194	-6.364774
506462653	-5.840469
85396297	-1.493304
233557728	-4.353640
252819323	-0.760827
238314303	-6.242589
296068607	-4.937563
1058807868	-2.040491
49986081	-4.224309
14081659	-4.291185
452700445	-6.030159
207116000	-5.228897
1356966632	-6.279547
49171436	-4.790138
855057596	-6.133373
1340326969	-5.838054
598123678	-6.498573
966442267	-0.631403
326210627	-5.940687
108617810	-3.053533
221508042	-5.565278
39322371	-5.322883
31285825	-4.469588
97298155	-5.926911
98910693	-4.937886
1912048351	-5.756257
547416793	-5.957290
868637460	-5.936168
189904289	-5.630267
584012853	-4.027391
176134825	-5.112646
606101503	-5.027183
1469528666	-5.266131
543635294	-4.735529
360436349	-5.947946
481000411	-5.458455
326196796	-5.159748
1120550322	-4.828835
192441406	-5.209650
272542662	-3.008017
904655414	-5.272024
1060370282	-2.204513
121469977	-5.748128
73931897	-5.487869
46004597	-5.959904
1447399590	-5.183435
1201824876	-6.017662
359222643	-6.000721
384111224	-5.525976
80958602	-5.998783
1658898042	-4.493560
439049326	-4.733256
195193469	-4.611905
209787354	-5.887497
362688424	-4.529526
432676344	-2.342517
55581437	-5.626613
147487756	-6.514468
11856892	-2.636724
108689270	-4.418449
97931967	-4.245650
1644734071	-4.626123
198526130	-0.218579
475294870	-4.888937
399170640	-6.083953
76163900	-5.133218
998576058	-5.659329
430292078	-5.232097
823801824	-5.557025
1974399272	-6.070147
402719755	-2.826580
456032135	-4.663129
743694942	-5.832411
51943611	-5.092836
1350118422	-6.088873
30864583	-2.595597
39510422	-3.550721
353834752	-5.633602
2260579802	-5.974356
15392139	-4.809479
26977568	-4.825207
47892311	-5.973626
20517132	-4.954301
324403737	-4.457987
42913132	-5.027236
573495038	-6.466657
208692908	-2.457002
425286290	-6.349408
452344217	-6.335136
220249920	-5.142571
267854863	-3.167908
582875320	-6.000615
791967744	-4.567541
1548079500	-5.153311
288963206	-4.735869
239964750	-5.948461
2314375189	-4.285921
1729693597	-5.322701
89193992	-4.072928
1083448909	-1.843272
963480595	0.014421
221528389	-5.169868
1058460818	-4.503786
26637348	-4.024103
5988062	-2.070393
221162525	0.116548
1964821772	-5.762865
278145569	0.379670
387225200	-5.515775
435983624	-5.666117
17005219	-5.858434
90518536	-5.994096
17633159	-5.988112
1355805258	-5.682005
14579415	-4.789773
267339368	-4.973033
75578498	-5.087425
717905080	-4.587279
24183358	-1.470836
2318080736	-4.624430
1405337395	-4.403978
73833569	-5.347264
1646054551	-5.349473
245451804	-4.751519
887385018	-5.603286
15987296	-3.378454
54446722	-6.340967
467787311	-4.403856
78387677	-4.623063
1138688364	-5.467606
224391627	-2.302367
318095351	-6.501488
44177383	-0.725467
178229698	-5.578053
36117128	-4.593114
240812994	-0.403313
1080509366	-1.753704
1480654033	-6.069293
22242298	-6.067157
171693939	-5.921788
285737815	-6.584399
1055685948	-1.481649
25956294	-4.591330
1058051748	-1.863606
1092248911	-4.765466
18205674	-6.237556
245419752	-5.984941
7597712	-4.372040
418078050	-4.468949
472587512	-6.172691
379815077	-5.040190
516880804	-2.864222
14764240	-5.981311
115733549	-0.281681
1674501806	-4.280145
1058917562	-3.859946
16348437	0.460329
277363853	-5.489055
260807192	-6.101495
20245031	-4.095380
337785530	-6.223040
333663029	-4.925900
65433355	-5.647674
28423263	-2.831807
2312501226	-5.227437
585441089	-5.305624
126171100	-1.059308
349979682	-6.586297
841342315	-5.966111
525736608	-6.127544
557050706	-6.373539
334965470	-5.376666
249814580	-5.051077
274255909	-4.902324
310347243	-5.949775
1730532331	-4.829490
867444085	-6.202174
297498647	-5.509717
85476251	-5.437576
154699063	-6.223263
93761782	0.223354
1090009730	-5.517688
360080772	-6.217387
16631939	-5.358115
376064104	-6.330145
619964159	-4.461496
20468251	-5.758783
26513860	-4.377174
168502762	-2.073891
258900199	-3.005977
488297851	-5.017108
21269970	0.850192
24735461	1.046286
384538886	-5.369871
376946273	-4.696607
1331884178	-4.365813
377534571	-1.206351
2227361208	-5.987841
17544524	-0.763055
24298528	-6.182346
37982748	-4.404514
195790079	-5.589679
411765271	-6.083789
254032655	-5.523880
995193054	-3.699131
175131510	-5.923438
2412155161	-5.339192
1691191704	-6.083525
21797269	-4.903939
1228070911	-4.798025
123999551	-4.824559
7402662	-0.120017
2268031692	-4.578685
703301119	-5.339883
2385644521	-4.685188
190328374	-0.319033
240385577	-1.282434
18732816	-6.157868
976404032	-4.892114
613404995	-6.025902
239871673	0.944351
1897447471	-6.253114
55677432	-1.426083
22545491	-0.337811
156212602	-5.303333
305818200	-6.483703
2205545306	-4.744929
234837632	0.715519
18822612	-4.762912
345491974	-4.756489
2308777399	-6.482668
18030431	-0.579970
2207375216	-5.205927
70799357	-4.444644
148021006	-5.504171
23578274	-4.855103
296925880	-4.300937
903320070	-4.504349
15639642	-5.380375
161329769	-4.673073
22055226	0.231755
213634439	0.938587
8162322	-5.352753
1564956584	-5.428055
22509548	1.273412
14129299	-4.236813
34238458	-4.831422
511079500	-4.282232
377591325	-5.000127
2252607128	-4.293632
1015802058	-4.689925
756285384	-5.544992
264494662	-6.260115
90490354	-4.262864
14774189	-5.017081
34069014	-4.230433
1222684418	-5.432941
25755336	-5.482486
240840748	-4.711706
15160884	1.089212
472263579	-5.168305
7900962	-5.380121
27302870	-5.841138
1074101017	-1.635144
22028039	-4.256738
214209081	-5.964884
1601370486	-4.312074
2191060944	-4.808888
199510192	-5.270667
968650362	-3.435096
22523087	-1.300739
753647880	-6.155371
408105171	-6.474071
404132211	-0.409399
176896268	-6.150983
114756202	-3.466464
47468096	-5.724343
1431823160	-4.317024
40750860	-5.683564
358302508	-4.989356
347395654	-5.917028
65146567	-3.170979
31744825	-5.828233
136682183	-4.976527
33530012	-1.458891
2322307531	-4.238280
546176922	-5.399363
237019973	-5.804975
1031845399	-5.238041
346813911	-4.796858
189986982	-6.331669
777390745	-5.563173
59704563	-6.284751
234053893	0.886226
41445718	-3.375409
19670455	-5.918843
1132232611	-6.515310
194720228	0.264676
308852834	-5.323416
21144715	-5.964642
376527578	-5.194512
22669526	-0.371377
794546882	-6.334772
26818986	-6.050496
19576571	-4.457995
615537104	-6.395199
2352119654	-6.227851
21542518	-4.349178
494114249	-5.951287
1117326481	-4.295901
14354562	-4.119512
1023294366	-4.531746
336699225	-6.409236
360338075	-5.273684
265639238	-5.083729
402029058	-1.500741
535181994	-6.103318
18170310	0.734703
1068470480	-1.759930
109355585	-5.631608
1510311302	-4.681205
372315769	-5.396984
21333396	-4.636281
616965232	-4.747098
1516670166	-6.554635
233601728	-4.761254
114299101	-5.770484
61046743	-6.017104
177974542	-5.114756
300013543	-5.767156
254226686	-5.084635
14857525	-4.030033
237853147	-6.514833
300430043	-4.835634
121171657	-6.452402
37836873	-4.357362
187108150	-4.814802
36738199	-6.053175
1710292866	-5.634399
248735463	-1.410779
40954486	0.139605
284601302	-5.986752
1447467186	-4.261549
253281321	-6.578291
15602331	-6.300133
577609337	-5.862847
43273533	-5.460657
26777550	-4.475720
30045475	-4.247967
58228306	-5.507703
874694125	-5.757139
890904109	-4.573448
470703779	-6.540195
122183484	-5.405154
589070172	-4.785590
1075303104	-5.710503
457733782	-6.281227
117661549	-6.495598
20545793	0.324759
160919506	-5.797748
154233179	-5.484688
370467757	-5.234031
216486007	-4.955007
438040565	-5.534283
216855513	-6.057348
2264976900	-4.876303
378636572	-5.196153
321234739	-4.955060
2278730858	-6.343469
344525024	-6.193065
220765205	-5.855739
16002085	-5.124890
1681848204	-5.235279
123421771	-5.420657
831933780	-5.916731
1228652142	-5.434277
1283908939	-5.431933
747876121	-5.919113
780383160	-4.508192
531596035	-5.970858
1410590874	-3.139432
16827173	-1.536213
1625304829	-4.633247
429268149	-6.061354
110445334	-2.824565
22528309	-2.628897
132345883	-6.314774
233693291	0.416208
372506462	-5.171241
18863927	-4.985355
242873057	0.064477
430235090	-4.302229
36564017	-5.258113
304115290	-6.275390
1901018683	-6.427474
1037321378	-4.145171
278433367	-6.497301
302113333	-5.975274
1609169504	-4.995802
17997831	-4.683745
1531521632	-4.583565
291551843	-5.017223
14669951	-1.070364
368914608	-6.404337
1375871708	-4.304715
17340186	-5.825634
432766911	-4.451497
68281948	-6.425346
127963931	-4.989641
18646108	-3.052776
549438299	-6.287123
16336478	-4.598932
83195396	-6.398432
467636108	-6.066526
231898286	-5.861473
70590748	-4.443785
441040701	-6.068142
137084996	-5.762816
912598626	-5.426985
230720547	-4.399111
41861272	-5.813757
416644656	-6.379751
2317625354	-6.325825
28176898	0.985804
401989810	-4.287452
581275783	-5.349013
91935208	-5.775585
18791763	-0.022705
27688281	-5.021455
1853114688	-5.423833
14246001	-0.377160
1486445498	-4.993451
977560500	-6.458524
15715665	-5.214568
235279028	-6.140829
805188312	-4.839193
64507817	-5.133187
277193651	-4.728951
21910246	-5.987603
156763824	-4.966450
1045110018	-1.675335
614706394	-6.310464
36686040	0.293714
1917731	-0.834262
280913598	-5.362853
249787913	-1.509085
1242946140	-4.687506
1526488393	-5.622494
28008943	-5.954770
2316393866	-4.703938
526750889	-4.306699
1849400233	-6.048695
125613253	-4.943892
15380417	-5.026628
26051676	0.860788
90250351	-6.363207
931024693	-6.085510
2245423891	-5.694709
73791927	-5.828940
389357597	-6.303089
514749390	-6.565994
1232484468	-6.495409
935033864	-4.103682
27274887	-5.345928
952575223	-5.882119
414068004	-4.810683
49057566	-4.959965
702460382	-6.266038
243413616	-5.734997
121537837	-4.638774
122174004	-1.509346
265329329	-4.740181
237504609	-5.428240
858111194	-4.805416
246447524	-4.626704
20397563	-4.675783
260479308	-5.881662
935987066	-5.233922
1051446626	-4.530240
1428792126	-4.499902
15007149	-1.055262
238264015	-6.452623
237862972	0.243734
265993392	-5.616493
15976697	-2.105782
315992993	-4.966029
127919146	-4.843134
403639485	-4.663564
17120599	-5.959861
1105408002	-4.789139
328679423	-4.584680
130977700	-6.508824
70740010	-5.984666
894512114	-5.056595
78408666	-4.307688
2394285656	-4.261536
2292332720	-5.650012
21572351	-2.393910
1157543414	-4.827136
130600206	-3.997554
249219716	-1.118483
346949527	-5.560973
337595668	-4.324131
2155491151	-4.196427
51982954	-5.786578
15224867	-2.438990
27675227	-5.802198
2236668625	-5.990532
108323434	-6.227023
52052011	-4.119269
2304223555	-5.934581
538121732	-4.645011
50707364	-5.966659
470654192	-4.538363
1092757885	-0.718568
93950784	-4.489588
1360075950	-5.690338
19612749	-3.728137
1382011333	-4.914588
55440365	-6.151139
37497720	-4.915036
117432541	-6.052677
1613159058	-4.347205
103949895	-4.476945
399112142	-5.048785
22265452	-6.162589
1120582274	-5.567422
1089334250	-4.534228
461301890	-4.457235
198928268	-5.946181
12298112	-6.248290
240135871	-5.416788
22507324	-5.730277
117792965	-4.355181
381874511	-6.533025
741061716	-5.836238
325040651	-6.286432
294959299	-5.101556
457276155	-5.095404
1237156340	-4.599990
21643972	-5.329444
1362806395	-6.483974
136550204	-3.082698
18579364	-5.814592
1326498037	-5.388710
40510796	-5.066421
598853747	-6.242258
573916220	-4.730898
3913931	-4.504087
91346513	-6.098321
2329092852	-5.510149
2176134116	-4.761223
1461162020	-5.451499
183212100	-6.491513
15210284	-2.068746
133022865	-5.006796
171154131	-4.683028
18172905	-0.895202
123150166	-4.676412
938657858	-5.519298
191496735	-4.592036
252249233	-3.212485
137794015	-0.225355
220551206	-5.575321
65082057	-5.374969
1553746556	-4.873200
749375898	-5.921673
889786374	-6.513609
624927613	-4.472446
158290255	-5.258314
363540832	-5.099172
24509586	-6.194756
447277172	-4.363859
14398250	-5.956761
287545295	-4.799772
84119348	-1.242744
236541422	-4.399961
62387220	-6.382072
2316645626	-5.130758
18622869	-1.797919
53725673	-5.468049
1422790478	-6.482231
1112972713	-6.299180
443265529	-5.725132
335476450	-4.513074
1870463754	-4.503229
714409014	-4.442277
344516847	-5.990820
271007688	-5.847036
1387919042	-4.400031
627838899	-4.950353
33205490	-5.933774
1328762540	-6.137084
284664892	-5.342997
1265860620	-6.053349
619541619	-5.364070
249327401	-4.283387
1023872718	-4.357112
138531540	-4.925154
22076537	-4.717397
49969221	-5.697572
21346197	-5.791905
1431454158	-5.701063
24745957	-0.097365
626001129	-5.960853
1345850192	-5.373825
243502423	-6.542873
414543577	-5.595879
59281449	-6.368098
270792742	-5.303924
325830217	-2.135138
18496709	-3.814362
1035443946	-4.644010
286799590	-6.289118
1539064994	-5.705656
624753464	-6.370932
291756142	-2.292451
35013862	-6.066755
1849074780	-5.441667
171598736	0.004558
20209807	0.882047
1431884516	-5.011220
15923226	-0.355046
1209417007	-4.101454
2161486428	-5.409616
215346722	-5.746342
562618381	-5.479798
125208664	-5.179405
625296182	-5.933339
36691808	-6.553810
17680840	-6.536053
731524644	-6.209511
405785853	-5.834770
18566912	0.650890
1444416162	-6.163241
930009097	-6.065050
836709230	-6.034885
432771620	-2.644797
50370046	-5.822596
287896740	-5.443147
193076432	-5.019338
216355557	-5.127385
24448865	-5.344963
378547255	-6.281928
24195214	-1.370616
41017380	-4.762229
540241441	-4.629358
39803436	-6.120680
271593651	-6.286871
232127685	-4.824820
148348430	-4.798590
1413602821	-6.235783
524724189	-6.133289
249288197	-2.515880
63169388	-0.846440
19693903	-5.260841
15769734	-4.073379
1884258127	-5.971150
158397501	-5.886484
25382456	-4.860524
628559456	-4.723826
620708331	-4.592239
1872933859	-5.906856
23951197	-0.076672
2185601035	-5.633836
85342505	-5.137573
403539769	-5.351498
321380757	-5.743060
422076926	-4.364028
20469722	-5.774416
776698136	-5.488080
1092750030	-5.746876
50552213	-5.785478
19201438	-6.214075
157305077	-5.046522
213207055	-5.762965
130274805	-4.523750
348522887	-5.881658
2309440500	-5.029779
143489158	-5.874830
783749288	-5.182048
559073634	-6.139749
562640547	-5.195309
608902626	-5.113988
49194495	-5.351219
20880535	-6.285341
1210072844	-6.530920
54606494	-4.415375
81021861	-5.738744
18277655	0.404843
33537967	-4.146181
48354257	-6.210074
107620932	-6.074273
14540659	-4.609460
1636639214	-5.433015
365239637	-6.437302
15941955	-5.214903
1342502834	-5.797813
569212271	-6.027195
971412384	-6.091618
295685416	-0.061035
1963246038	-5.207352
250736913	-4.253361
1310708510	-4.518813
50634125	-5.113741
1539300170	-5.903947
1109679128	-5.296588
253654580	-6.022935
19563355	-5.731209
15458694	-1.477335
230100284	-5.441480
10615232	0.446268
1045853744	-0.591845
233949261	0.519481
593718490	-4.643614
1186810890	-5.055922
1186874899	-6.078250
288886063	-5.345126
247517295	-6.146118
30437038	-5.677324
63796828	-5.061908
915781920	-5.022388
18915145	0.032547
76348185	-4.418605
1915018465	-4.875338
22698090	-4.714124
20608910	-2.757082
87714473	-5.062352
1237704769	-6.049354
467823431	-1.773792
249410485	-1.396613
108052596	-5.554673
1316483802	-5.401802
23365717	-5.123971
477583514	-6.186002
200870788	-4.794089
33655490	-1.032148
14511951	-1.049417
933487722	-4.570633
430343685	-6.379746
24477294	-4.511111
234812598	0.864068
94103877	-4.236592
180197930	-6.032612
54207182	-4.473491
318711662	-5.591532
1347830329	-4.428948
22812434	-0.236245
14110710	-5.102394
15918353	-6.118614
15554922	-4.547556
254174408	-4.547096
53420694	-6.231583
1979395855	-5.573604
462285708	-4.964566
295805574	-5.451508
1072467470	-5.132920
20621911	-6.395152
759316808	-6.575994
1325640288	-5.592272
109071031	0.438751
2175130770	-5.149547
4389861	-4.482269
231510077	-3.007591
15764644	0.894672
15212187	-5.557963
127074099	-6.252617
43963249	0.163869
27311044	-2.302462
1183912596	-6.416241
1225410018	-5.379324
2192362761	-4.608676
589869443	-4.995225
240376522	0.142851
424522799	-5.002972
351133674	-5.191204
1692578893	-5.042290
18217624	0.399674
250462634	-6.472219
134302187	-6.080584
303920466	-6.352473
1346817602	-4.717934
1686565519	-4.917290
61313751	-5.621514
743167003	-5.383042
39787282	-4.346779
118941676	-5.255404
26305670	-5.315062
418269619	-6.066944
1070943116	-6.049128
209151429	-4.321275
26820795	-5.511855
806186582	-5.855060
442610682	-4.485251
15584433	-5.555351
703759688	-5.273810
631648466	-6.540203
127908221	-6.355862
1551310284	-6.173663
2294530717	-5.952644
1176615978	-5.036130
1465964245	-5.079665
192041694	-6.111081
74960018	-6.370652
584583739	-5.762079
2188340009	-5.078675
32537213	-5.270045
121656624	-3.183639
586730005	-5.549743
1007065914	-5.846117
417664241	-6.172614
16557756	-4.326764
788006827	-6.418543
46499643	-5.241930
80612021	-0.811790
2362779882	-4.413440
14345062	-3.180388
146263776	-4.885942
334127852	-5.449832
515898679	-6.070356
66209943	-4.306234
1673504017	-5.231170
224766531	-6.054810
2242638817	-4.977040
210926192	-2.046590
1031118500	-6.337056
1602268826	-4.765389
399502932	-4.537149
242761889	-3.649618
355881289	-4.085435
48425512	-6.150017
27242307	-5.140516
18137749	-0.255383
21111098	-1.749078
724658815	-4.506943
70587562	-6.417820
112740986	-1.112462
594582597	-4.700789
1155212191	-2.541505
67776968	-6.262557
50128726	-5.352039
29898014	-4.820468
28382250	-6.425381
39424870	-5.453536
1187949900	-6.392675
2340869731	-6.231252
53503202	-4.355577
16930125	-3.030192
242892689	-3.303220
1430814439	-5.489066
118540429	-4.133981
2294105892	-5.693978
417393341	-4.423859
16739711	-4.232390
312435184	-5.136481
56864092	-0.786640
221793778	-0.634493
17750784	-5.807656
427742683	-4.967401
1190825605	-6.260550
26596727	-3.357729
569666511	-5.746379
1480218668	-4.330535
26424123	0.514107
29751942	-4.691288
497535334	-4.351329
20597460	-1.118423
11651202	-1.655952
56440142	-5.270195
492480327	-5.731740
935398104	-5.060034
323166438	-5.563396
16474026	-6.301875
174369590	-5.345159
68888437	-6.455120
7350652	-4.813606
133832049	0.301270
131149247	-5.479013
346045240	-5.857126
1655093820	-6.466551
1080732656	-5.682252
119527861	-5.455635
1611680690	-4.912062
1620243926	-6.233831
237750442	-0.375227
38516217	-4.255604
1705042116	-5.220703
422964271	-5.600975
2364631970	-5.557802
1925431584	-4.888214
50731463	-5.591803
191688736	-4.259138
235190657	-0.339334
204881923	-4.560216
32265225	-6.381159
78569026	-3.551074
397382646	-5.267957
407053599	-5.307954
268007771	-4.955384
2467791	-0.687403
22508473	-2.034329
2435410690	-5.219949
1301606089	-6.396239
218267731	-5.853064
18632666	0.399901
22387804	-6.545455
6577802	0.096332
2288502470	-5.813980
1122064316	-5.948387
14925704	-4.680839
156029105	-4.276676
20113797	-1.684152
79022250	-5.278670
17033503	-6.433492
484134207	-5.835011
29793493	-5.052553
2161537962	-4.198757
718468320	-6.261392
67738195	-5.667892
44215945	-5.678780
221496713	-5.875898
788081918	-5.672300
860733170	-5.977945
23387115	-5.673580
22812754	-0.704095
98929990	-5.351015
297940478	-6.264882
264221149	-5.067931
18056015	-3.008358
62770351	-5.735847
628760912	-5.829881
587783109	-6.243957
58379000	-1.409162
121841737	-5.291211
39279393	-5.519024
92071963	-5.798434
127870840	-4.810102
22012091	1.035785
272019676	-4.212536
346885718	-4.284107
148086041	-4.827951
787373558	-2.939785
520245212	-6.574460
497546508	-5.656943
557806506	-4.690987
186430550	-6.411505
41377639	-5.639314
49045755	-5.963755
798420806	-6.186859
1006482620	-4.496160
154139987	-4.594394
1915752144	-4.945654
1308601632	-5.368822
1326751968	-5.031305
242618658	-3.188190
24045931	-4.543564
297532865	-4.772219
24670782	-6.045058
59888738	-5.512878
71358042	-5.871574
46724483	-5.667650
1468560242	-6.045774
1267462094	-4.361826
277750492	-6.469683
542842941	-6.065882
176135285	-5.810249
36394602	-4.433168
76350004	-0.217325
50150341	-4.437487
233346654	-6.516104
109287731	-0.581086
1686107834	-4.446957
1093441423	-5.471727
6092972	-5.694300
250719718	-6.202941
58492046	-5.705236
308721230	-1.045556
29766367	-3.542374
759251	-0.619338
393821580	-5.606388
77839894	-4.277925
1716914930	-5.742674
10102032	-0.009770
82649553	-0.627821
1653370998	-4.215080
1362944844	-4.569248
61906286	-6.157287
1932803906	-6.333119
221447516	-3.658683
1905156690	-5.205959
830918346	-5.722379
12788332	-3.233946
33622411	-5.575249
62354707	-6.068409
1621009105	-4.575362
104727439	-5.824072
24913074	-0.226855
106591004	-6.483092
18221712	-6.258913
5357812	0.898081
103335794	-4.953786
905020056	-5.450031
15603311	-4.426055
15762842	-5.113468
15555056	-5.693140
115979444	0.051877
2361890355	-5.690591
575344793	-5.555699
157382927	-5.176340
16062766	-4.550236
218779638	-6.170104
2302483196	-4.694453
1655816936	-4.993409
454947269	-5.325786
470366309	-4.573771
16130949	-4.211592
2409239300	-5.793151
270370405	-5.865599
29293808	-3.778191
244268646	-0.357896
16742053	-5.903588
942156122	-0.294195
703561088	-4.419827
382534366	-5.648957
17065503	-5.932316
1296038210	-4.557281
359596838	-6.439378
227088228	-3.189595
813286	0.988304
137571771	-5.530177
1234286196	-5.799345
14849664	-5.099274
140959145	-6.116146
148453195	-1.716679
301090775	-6.371692
14800483	-5.743351
792608948	-6.224047
950783972	-2.897115
220241174	-6.113902
381413722	-6.590288
119250381	-3.957137
24299006	-4.761322
389840566	-0.123385
36777778	-6.378622
88806753	0.177006
415780303	-4.907405
143779492	-5.638168
614542142	-6.013153
333504114	-5.844773
29848453	-5.227905
65919935	-6.246968
44682276	-5.522527
593813785	-5.788763
582931822	-6.388212
31801993	0.318365
94366606	-5.642869
162784542	-6.004398
330816212	-4.557918
448923637	-4.316127
1096507650	-6.523251
15428227	-0.456812
411997494	-4.986304
2252899873	-6.100954
14293310	-1.217373
40402146	-6.547099
18811140	0.854653
1365917090	-5.972008
273098660	-5.991393
88976164	-5.255566
23970171	0.482215
1347674623	-5.953700
223523798	-4.865623
15014405	-6.032816
1347436638	-5.366964
2836421	-3.661430
15964588	-6.245049
38254095	-0.194108
37094727	-0.206927
64161351	-6.113097
372345957	-6.373921
14672279	-5.378581
16030518	-6.040164
91137301	-5.130190
240663096	-5.947845
247334603	0.124495
20957491	-3.117177
26841582	-6.192345
28238988	-4.748997
30673492	-6.240378
35518656	-5.834195
322737879	-5.792437
1965801554	-5.699917
47614124	-4.768680
71281860	-4.294094
721052064	-5.413340
1949611364	-5.555889
18008330	-4.188565
148006729	-4.094617
1301328822	-4.219094
1183811947	-5.872933
17906632	-4.612324
155680896	-6.242204
26111775	-4.870458
349219528	-6.255078
86364947	-3.615121
2181453624	-5.876849
26316100	-4.584045
1556756886	-6.454019
20002401	0.372239
19269183	-2.614824
321119379	-4.348166
1300124792	-4.737179
563844379	-5.434966
751806494	-4.498820
33027306	-5.571266
23117388	-5.890397
819528355	-4.204549
267217520	-5.673441
886986138	-5.466731
497551327	-5.358468
59568948	-5.612461
1716366295	-4.751439
1905833168	-4.933756
448169106	-6.017463
148333607	-4.429100
289374103	-4.545049
360191435	-6.192924
450786176	-6.404611
23617145	-5.430439
317193393	-4.874937
144189766	-5.777341
279964598	-5.608433
1120931132	-5.056131
1137600571	-3.964204
33060832	-6.519338
18480494	-6.276294
292990703	-1.706562
1117009244	-6.476062
33576489	0.108947
17848544	-4.258977
463918261	-5.996357
990635636	-6.285198
18213420	-4.355323
214179002	-6.363996
195070336	-5.012818
885789362	-6.155111
22831059	0.599152
22081190	-4.492820
153486399	-2.007179
236480864	-6.414224
37202770	-5.873256
374161639	-4.685527
1242109014	-5.875513
211530910	0.877932
1606703838	-4.607441
348857253	-6.184997
167856299	-6.381391
502440556	-5.728316
14529929	-2.453412
631876809	-6.338249
1902537799	-5.960020
700126891	-6.267999
20444702	-3.477964
32789881	-5.685515
67906573	-6.157040
1032703770	-5.865825
7334402	0.129597
19245431	-3.992444
110924703	-4.338011
198523967	-5.442176
1058345042	-4.472044
2296636404	-6.378720
15471838	-4.341714
1702539968	-5.502863
20376424	-6.362719
21509894	-4.459902
1388590928	-5.805294
429181880	-6.488922
1073212812	-5.827172
283657826	-6.352807
460656473	-6.211230
1277984012	-5.745378
165533941	-6.328129
42638402	-5.309546
337752039	-4.537428
1393599296	-4.648880
114607567	-4.145431
1144145946	-5.799231
377702207	-5.227539
237814920	0.622211
851621377	-3.603814
1487887076	-5.813185
1852819452	-5.225804
109280446	-2.370761
1665719612	-6.343475
537156670	-4.328991
411526571	-4.207852
488127904	-6.353393
34270503	-5.242209
95602718	-5.827628
191208249	-5.099139
21351432	-5.716358
592019654	-5.026664
385429543	-0.701684
234937222	0.526129
26194384	-6.093545
47975734	-0.219355
1023320856	-5.959639
211901075	-0.058988
271552521	-6.200433
1222283971	-6.323478
2321129046	-5.620346
1722842137	-6.523196
1540496365	-6.544215
10025982	-4.587543
17530189	-5.090468
123667924	-5.916596
1962564906	-4.315898
110893482	-5.608074
93575832	-4.545265
40750718	-5.507150
960962340	-5.311911
222195455	-4.875547
16056306	0.763038
1074129612	-4.937730
60801758	-5.237999
21426423	-5.192070
319529691	-5.448187
161411080	-1.516326
161791703	-0.098404
939621458	-6.406602
16703058	-2.887149
301081520	-6.399809
32010840	-0.109885
834525002	-6.020623
26809683	-5.196621
202206694	-0.359623
520778762	-5.823457
8775672	-2.877918
317608866	-4.628006
24184717	-5.732379
1356531588	-5.201396
713463571	-5.296892
176260948	-5.022118
278005891	-3.116261
36737855	-6.544234
35758513	-5.714033
17896154	-0.687193
217550862	-4.994215
1110920106	-5.763269
1931992778	-4.254422
1128781184	-1.628605
29865139	-5.591196
977369880	-5.352445
62330632	-6.422290
34340464	0.950679
1033532365	-6.153499
830430216	-4.660150
155642785	0.104803
1154667132	-5.020843
1080602371	-4.786413
360605502	-5.778553
63787812	-4.201282
30027177	-4.367109
2369234174	-4.519617
5741722	-2.042159
551698752	-6.367910
545501375	-6.016593
1596947036	-5.566134
1449407450	-5.812501
326551457	-6.233114
95509057	-6.004634
423688722	-6.506003
328258374	-5.840299
705661256	-5.017225
496786334	-5.034782
1879871294	-5.385018
2374720591	-5.973652
1954751917	-5.339736
550401754	-2.334639
370076582	-5.209743
18820392	-3.885839
16298388	-6.524379
348861268	-5.017489
1623282788	-5.629932
14124614	-4.957126
36588739	-5.190581
88784440	0.350135
16804072	-6.482881
2356356972	-4.969972
1258312562	-4.796151
43216755	-4.685851
703640660	-6.230456
896620178	-5.129663
122473388	-6.030557
234906311	-1.758615
16018516	-4.571213
586045941	-5.179523
1115633996	-4.490604
485139684	-5.987126
1352594924	-6.231556
1621076712	-4.545605
175102610	-4.555365
63749707	-4.563789
20733972	-0.680467
17291452	-5.246381
20906882	-6.109613
615181714	-5.200577
78966155	-4.200931
1430524482	-5.064288
21669223	-5.577345
8870632	-5.697094
14730894	-2.853535
1959864463	-6.560101
21321475	-5.853413
272520742	-5.386193
19918558	-1.948945
1959387662	-4.567342
14216438	-5.909138
492378372	-5.898231
1154894353	-2.852882
1463550048	-6.546100
24305421	-6.370050
26265640	-4.822667
382441782	-5.431527
856549532	-5.979311
235271965	-0.310681
314335929	-1.724225
59969802	-5.824312
74058012	-6.075482
347877928	-6.570425
30500021	-6.348586
716563918	-5.724169
2255274860	-6.244734
411766612	-6.386547
39793438	-5.838052
41634520	-3.139540
51228911	-0.212151
247496974	-4.823120
234374703	0.416264
2168350939	-6.314235
455037005	-5.077979
267781214	-6.305869
26324609	-2.252764
17487795	-5.671102
339852137	-0.449657
230761725	-4.729089
14616459	-5.881681
1556371026	-6.396141
199325935	-0.210366
234927299	-4.698502
109025212	-0.807913
225326840	-5.379350
1363394484	-5.230918
75367781	-3.369310
343171266	-2.633992
15600527	0.604788
89526574	-5.365942
523397097	-4.851544
1092979962	-4.603137
63804234	-5.497922
206716135	-4.194566
260841091	-5.986707
47470008	-4.513283
68198447	-5.258506
2377726519	-6.541214
1221321108	-6.286995
205420257	-5.647756
1243902714	-3.384985
1049460835	-5.433101
49782398	-6.249922
1246599554	-4.856682
113420831	-1.051052
62907908	-6.554610
72874723	-5.198275
236899846	0.256204
1891157910	-6.061294
505932430	-6.008161
85778445	-5.645707
270067927	-4.423477
331268118	-6.449905
1201520622	-5.714869
538416721	-5.426650
359950567	-5.908491
6794502	-4.288356
1263944875	-5.834630
58287227	-6.163497
338553588	-4.250585
213182436	-4.603293
46176168	-1.868776
142721190	-2.827434
943501040	-5.815533
71070614	-6.291414
18317325	-0.278490
1065995022	-3.363349
21941446	-4.694605
87055347	-5.730459
259950795	-6.131833
506091865	-5.181268
1581759588	-5.655028
547839797	-4.814896
1697235505	-6.467012
932421955	-5.733180
46016028	-0.994726
25768647	-4.633538
17074440	-0.985201
1143929599	-5.547941
2254857197	-5.494359
631543401	-6.369117
959687432	-4.262742
97368029	-6.385057
32774989	-4.614633
415981838	-4.281129
180287231	-6.063556
472541504	-5.420093
1482327366	-6.416308
454953162	-5.251612
20552026	0.088964
180895768	-6.413911
14275291	0.212347
2324036732	-6.351628
346030501	-6.024287
14135426	-1.153977
191005134	-5.817161
14389132	-3.593040
16472624	-4.661882
286363562	-4.980043
163586067	-5.713390
390292636	-5.912698
991821667	-4.675434
20449956	-4.070219
1693751167	-4.893434
1658254478	-6.513294
268496469	-6.169374
1497383952	-4.649103
1313165581	-5.875646
1532014123	-6.220552
139574248	-5.484987
99157266	-4.749495
83200882	-5.006094
2317860566	-6.528068
216481299	-3.734846
805777398	-5.996257
361365479	-5.146246
97171189	-4.782680
807095	-0.545062
391413865	-4.412457
89820928	-3.737819
246499208	-4.862831
85606078	-2.447608
435877117	-4.605708
16385104	-4.426536
24135119	-5.087122
276763538	-6.448942
207731256	-4.886208
190699396	-6.512388
1870898497	-5.259683
1104083418	-6.460115
52992670	-5.630885
27676828	1.019099
310912778	-6.007255
47056405	-6.221750
352643501	-4.907151
252115520	-5.611271
47402168	-5.381458
404542591	-4.305730
594870776	-5.899046
240327228	-4.848560
263975503	-4.178785
1068990122	-5.459284
261263905	-6.505904
1357427004	-6.145560
19253918	-6.229140
586032653	-5.636974
451967996	-6.376749
18793575	-5.532966
23712174	0.116074
252819642	-2.336974
195019882	-4.195838
18244206	-5.381704
8953122	-1.992548
33655512	-5.958696
19926675	0.848344
287861586	-5.554191
323239103	-4.855659
17439675	-4.271088
18967498	0.453657
29598035	-6.116395
796737758	-5.465579
180396181	-5.400091
305389392	-4.953462
85353299	-5.144642
1423715941	-5.572116
17282256	-4.889206
1322558402	-4.707119
430830756	-5.732671
1733849666	-6.282328
449959102	-5.895608
733751245	-0.841494
1558893368	-5.533558
56653367	-5.545212
39191258	-6.488218
498961346	-6.198963
300515560	-5.212595
539866149	-5.158319
225988631	-6.275048
78431501	-0.217611
76392970	-6.086043
248791332	-6.329988
1117640744	-6.296171
118152495	-5.543973
15751083	0.165861
22262553	-6.098779
1905298878	-5.662958
1443203875	-5.963231
39308549	-0.410460
196147086	-5.413333
47891535	-6.101423
15029174	-3.899224
273795671	-4.228037
237944147	-0.532076
1738425180	-4.208730
758067224	-5.876560
424263083	-4.790487
456911539	-5.027876
64022803	-5.112952
262424195	-4.935820
1699808366	-4.222105
360427514	-6.492332
169472184	-6.453398
293254420	-4.779420
613725908	-2.282046
485264526	-5.460288
778724700	-6.457560
427024774	-6.044404
1068626984	-6.197187
148565166	-5.063933
29896465	-6.313507
15281676	0.188122
20713061	0.329255
193732179	-1.665991
1043702834	-5.036122
398232779	-5.052334
1516830966	-4.991517
864768235	-5.321273
2417754469	-6.409037
356390382	-4.864842
712959254	-6.303223
180846791	-5.994953
158495061	-6.033655
64660952	-4.960452
221792092	-1.761407
75785294	-5.415962
242068532	-6.307453
619479855	-4.615541
48117116	0.067632
443681123	-5.985701
380371286	-5.916642
30930019	-6.511118
195955478	-6.311961
2192766368	-6.498518
30043495	-3.425080
126644609	-5.577537
76651617	-6.399205
386455581	-6.457407
49316020	-5.382817
236916916	0.241108
5558312	0.835582
80473367	-3.713498
44117460	-5.796544
330001961	-6.116244
373311804	-6.415593
1849261916	-5.434889
180100015	-5.370196
234822928	-0.167066
269931179	-4.288617
8128442	-0.608864
292935209	-0.549589
572317065	-5.474028
19553409	-2.774345
242555999	-0.583453
996565820	-6.236857
886042746	-5.236210
98242752	-4.796218
28859894	-4.935955
16086967	-5.502564
1578519660	-6.306787
283265252	-4.493421
350930593	-6.259533
1002313952	-5.842131
2265167642	-5.344719
1076928920	-4.768291
1944510751	-5.415888
22417674	-6.434919
49697450	-4.372144
31350534	-5.965364
1694503231	-6.430987
1571660059	-5.447050
161344057	-5.764690
1189735556	-6.135110
809050796	-5.374079
22819917	-4.329308
1602752804	-6.342103
14809189	-6.180037
578069877	-4.335762
311165745	-4.716061
155669457	-4.585393
1643415560	-5.394157
249339682	0.148181
416686487	-5.235200
22097192	-6.027749
1927804778	-5.115664
1077121945	-4.679998
33345380	-4.359264
287269659	-6.010279
1955581326	-4.527965
1860099558	-4.371394
137381495	-5.620935
1408518626	-5.103744
317407076	-6.211387
1117953943	-6.377563
19726613	0.176650
1935184730	-6.091288
201877444	-4.904396
7713202	1.299811
57977498	-5.013665
87318108	-4.385797
9624742	-0.793902
19891260	-5.368478
254775647	-5.262234
15116570	-0.197062
1925654095	-6.389958
17643209	-4.222589
14344823	0.247434
308664726	-4.842750
558769636	-1.335603
40024874	-4.454442
198963912	-5.599023
189910408	-4.289063
50839205	-5.112944
560117034	-5.096506
2363258587	-4.597680
19739126	1.309638
338883349	-5.492759
48086014	-2.291559
2282872260	-5.434184
33665393	-5.428941
205886080	-6.378810
135931182	-4.590333
800162478	-5.805540
373011304	-5.118392
7270292	0.230741
17976923	-0.636410
104797238	-5.472809
2337254448	-4.611313
97150206	-6.213769
5561412	1.359267
42760147	-5.858777
191923358	-6.087981
581141508	-2.783394
223166587	-3.820137
193614775	-6.547719
28599820	-1.251047
1001025787	-4.327431
972323274	-4.461396
9855382	-0.502655
472632386	-5.226500
2230533374	-4.813847
2704951	-1.420010
1611064304	-4.849870
342601720	-4.746924
224320485	-3.617783
121620626	-6.366735
364564017	-4.607079
1469735982	-4.893653
17768436	-6.410184
19543987	-4.722232
1374923180	-6.155914
234024969	-4.399662
16031927	-0.819666
755802794	-5.405475
29501253	-0.096645
1403429444	-6.479111
1071768498	-4.393876
313344689	-6.563733
2288373518	-5.515144
250188760	-0.837237
891678516	-6.499312
1920276091	-5.615588
16100318	-6.469557
49453870	-5.361430
10168082	-0.563657
453698931	-4.897982
54598826	-4.955045
165511812	-6.381652
1599284149	-4.214211
237299871	0.386523
556000874	-6.174616
156975310	-5.892165
96662959	-5.259824
15297551	-4.561595
17513304	0.394222
364415553	-1.469732
305145458	-4.167303
2366260580	-6.462312
394272456	-6.282877
237129990	-6.339872
1020058453	-4.204618
317630465	-5.155569
39793961	-4.616073
377237995	-6.058620
133429379	-5.440769
64651898	-6.303419
776664410	-1.277633
235660311	-6.238847
63753027	-5.185678
1977097572	-6.409776
35829796	-0.240241
520950046	-4.483338
1521740594	-5.708413
1061486761	-6.293328
425565585	-5.387309
32135704	-5.379851
111635980	-2.074020
334320138	-6.255385
1262814457	-4.314115
137068935	-6.331081
237926856	-5.583914
48075643	-4.179945
919804596	-5.581017
244985138	-4.687850
77418275	-5.759736
230981077	-4.771324
109274506	-4.558064
14634720	-5.139148
193872188	-1.465677
43955137	-4.996538
1878559962	-4.675761
2241120434	-6.492835
209833543	-6.195393
1434486529	-4.694868
254277011	-6.139952
201453157	-5.480808
217137252	-4.835462
31611298	-0.423149
1517363570	-4.979074
51241574	-0.442488
162069635	-2.170910
356291170	-5.446928
474232856	-6.084391
1931698346	-5.461813
245378929	-6.572106
159524468	-4.504950
15675138	-0.061069
1602221707	-5.462904
27088314	-4.217090
2256726992	-6.495015
248852820	-5.390619
108671959	-6.284949
136471166	-6.104595
21220931	-2.101194
233238234	-4.809937
557671006	-5.150436
1060860422	-4.597604
2178681566	-6.157589
1535579558	-6.119493
22731105	-5.218386
260760840	-5.844326
72405094	-6.251591
18161620	-5.325508
338811841	-5.331905
1385690448	-4.748720
1898897300	-5.277346
621293247	-5.604008
128235400	-5.891620
217912727	-6.248462
531481241	-4.584336
1399903849	-4.473334
114887629	-4.698598
5392522	-2.490746
269908647	-4.713935
339814337	-5.309016
326208966	-4.624194
2162136865	-5.831392
80403646	-4.366577
131036750	-4.788173
53643803	-4.949420
30216513	-1.056760
860154126	-5.598129
19512725	-6.349141
405034710	-6.495195
16517357	-5.118962
85916265	-4.191083
1337252017	-4.959729
397430607	-5.935107
15727317	-3.231077
15159913	-2.642125
275098108	-5.875452
38500956	-5.409809
122770149	-5.985105
600991865	-6.135785
5496932	-1.511696
49649077	-5.130988
1627252382	-6.116571
260396714	-5.533328
37461389	-4.394662
1279783315	-6.099219
19808819	-4.978008
1305465990	-6.413944
474451843	-5.372489
220580561	-6.195453
16102244	-0.033628
71328021	-4.425387
122146840	-4.217915
1827782569	-5.276382
15954997	-0.332329
754277773	-5.646507
1920537577	-4.514421
21419440	-4.912211
381666107	-5.191714
25915690	-6.372070
17301179	-4.582929
19286569	-5.964458
1060487274	-3.286396
582475251	-5.388126
14984637	-2.062472
19257799	-4.854231
138770045	0.363636
407744769	-6.079954
57860368	-5.652366
16129920	-3.163535
23121519	-2.514800
24392175	-5.552862
15417358	-5.622707
240363117	-0.099677
1140648348	-2.907730
167699332	-5.136260
1911335244	-5.897215
1719880621	-6.544019
74164455	-6.302842
151200240	-6.005622
22946355	-5.324204
833990756	-4.418335
3108351	-0.452992
234469322	-0.104768
1693373094	-5.313063
351109901	-5.795813
247420668	-5.816619
538646538	-6.047830
16583468	0.628780
14763834	-6.098469
382791093	-0.827529
322794665	-6.001431
271985168	-6.128258
21636248	-4.447500
555593757	-6.002930
61250271	-4.183584
207317790	-5.452794
575766234	-4.479796
1002244244	-6.028649
84984380	-4.361308
1550794628	-4.494036
958081542	-6.374355
95978223	-6.164539
1305596696	-4.157872
15922214	-0.790643
15522251	-6.448001
978690895	-5.361856
62090497	-5.922269
791002021	-6.330440
2196576859	-5.504739
34122899	-6.389574
200400227	-4.391285
23789790	-4.983624
121990777	-5.524062
1469446608	-5.819968
2178860358	-5.077691
470126084	-6.362341
615953866	-5.935394
15745368	0.952522
42734224	-4.420568
1503451620	-5.178453
193794406	-0.665555
538185166	-1.056599
324171587	-5.164772
1463325120	-5.285957
15918708	-0.811026
188194323	-6.380709
135653370	-5.621224
34402366	-4.471654
24463788	-4.911147
2284159548	-4.954404
34932854	-6.345846
48587305	-6.030143
302382660	-5.430320
199286398	-4.201928
1462723416	-5.066380
359032147	-4.991829
400792588	-5.207087
572061403	-5.032935
247066289	-4.792407
930234066	-5.262498
34966987	-6.016475
2330410284	-6.135796
38067927	-5.531872
158398519	-0.006064
325804079	-5.337228
18873711	-4.636429
78403308	-0.354748
568151409	-4.880301
2311117897	-4.269111
110545675	-0.172950
24795163	-5.462535
454060961	-6.165242
357253772	-4.903787
19028248	-0.917885
74895491	-6.565678
801084110	-5.144691
16187637	-0.815491
1365881617	-5.537694
628018533	-5.837536
98017737	-5.157512
845711293	-4.294408
593840334	-5.019559
1380763326	-6.311647
193978839	-5.728201
115166212	-6.017899
1009269193	-3.450828
2253990607	-4.375531
105823136	-5.998759
287225290	-4.948747
137407124	-0.053223
426694458	-4.935077
245905555	-4.369755
1545715382	-6.249677
20078009	-2.689416
18060177	-4.528608
28969421	-6.256661
145292853	-6.193641
92055121	-6.203342
46263050	-4.848083
1736053987	-5.041747
2238098360	-4.952920
11379362	-4.371489
240760644	0.629812
301416337	-5.175160
965142457	-6.292536
1374780043	-5.939832
24260994	-6.465999
265529710	-6.309642
448077090	-5.557283
1157424444	-4.903213
218206502	-4.727570
25162697	-4.775282
1350864440	-5.943559
204905640	-4.487893
71036272	-5.505018
19658173	0.678306
15008539	-5.056182
124335509	-5.637323
66774077	-6.379942
770554297	-5.664962
1671690367	-4.803981
36654245	0.128987
2250858631	-6.024334
15985455	-0.641649
1396846357	-6.316157
385188446	-5.537064
1055730738	-3.826394
716984711	-5.008182
38039087	-6.160203
248252582	-6.146494
163570705	-1.075563
191728014	-4.332725
299802435	-5.810206
468601121	-4.739931
740417436	-5.217176
15856366	0.142166
1665514478	-6.186793
11650762	-4.243375
270017791	-4.560865
31128529	-4.216351
27385174	-5.439904
393585626	-4.923524
296361085	-0.046624
293131808	-0.271921
976579933	-5.150381
228784853	-5.262900
332040130	-6.317329
309267226	-1.024389
41750998	-4.822894
68917738	-5.521466
1874140452	-5.996136
159609651	-5.884454
458393298	-4.680395
403353373	-4.293326
249674727	-5.221305
2286252732	-5.989394
1080844782	-1.712830
1372288434	-4.694120
255876732	-4.951628
49541291	-5.989091
784971582	-4.994412
22527499	0.943570
21693764	-6.127551
16473577	-4.750569
159977219	-5.969492
140519774	-1.490870
27633572	-4.436801
31122582	-3.901861
32506723	0.394529
1655680988	-5.547851
2245220154	-4.813837
15075753	-3.525900
588237779	-4.400969
1468203217	-6.314987
188019606	-1.214332
242836537	-1.368437
193632778	-4.211399
19865528	-4.493001
351149827	-6.578812
18166778	0.551843
303861808	-1.707181
343830557	-5.136558
17353658	-5.140086
1541893820	-5.326935
195271137	-4.688763
362597648	-6.047853
249219490	-4.483090
26122639	-4.482478
46557945	-3.706830
398269985	-5.584421
48263046	-5.332857
1128514404	-2.632420
1262936000	-5.623689
537063930	-5.184592
305620929	-1.948698
15012486	-3.409649
156300451	-6.166259
305216911	-2.680590
757372008	-4.805688
32393576	-5.983839
1711193490	-5.654785
19151741	-6.395505
16814879	-5.860767
27705441	-5.754876
385288144	-4.476556
235251868	-0.007819
431990191	-5.743865
236118432	-6.260728
91032815	-6.311321
2367536538	-5.278918
452004245	-5.237354
135297032	-1.660994
166536928	-6.066618
1476337592	-4.614871
32379396	-5.831267
589425352	-5.646419
633855519	-4.327531
17800215	1.049135
235312723	0.007635
123934875	-5.825914
983813816	-4.830228
359133002	-4.824848
246769138	-0.116046
602997805	-6.302339
30619527	-5.091643
2203931420	-4.471492
126980084	-5.417358
222721984	-4.446289
167507135	-5.016478
459446627	-4.569479
284744912	-5.593739
59771400	-0.947625
1096059529	-1.677469
1385871187	-4.575486
1022263688	-4.626753
271958454	-4.953077
1540360435	-5.616471
765038167	-4.419342
16803651	-5.052559
18029328	-4.714053
2361531690	-4.421779
60984835	-2.004449
112236901	-6.500061
404226735	-4.529497
1911879768	-6.149081
50452197	-0.415076
55896443	-6.097615
159292313	-4.909071
1883356866	-4.241223
314761332	-5.715810
26607712	-4.681223
21786287	-5.509908
15356407	0.359781
2739461	-6.519945
161743731	0.277649
270182385	-5.093495
349379430	-5.094622
57751453	-4.964492
1265207760	-5.940786
27886115	-6.045059
16441318	-6.401815
96800896	-4.268646
23976316	1.209063
21762137	-5.442892
350927143	-5.824298
539485640	-6.148346
407323365	-5.383043
275725571	-6.179665
77308668	-4.634436
30095477	-4.991872
330650569	-6.049951
108083058	-5.247014
1644805254	-6.271349
7356562	0.279102
2305315345	-4.445785
360804642	-4.703706
919927722	-4.908655
15207668	-0.042617
1214475872	-6.252274
44478497	-4.783212
16099657	-6.309907
857748156	-6.120131
1678290240	-6.436417
76381104	-3.997889
407039290	-5.341961
344109654	-6.187561
15035209	-5.154126
254805061	-5.572434
9300262	0.585081
242426145	-2.754262
1902563203	-5.602669
1909542326	-6.360270
185684821	-6.223556
21157904	0.220464
253100055	-6.544335
396794501	-6.002963
30050899	-2.537715
47736933	-6.444879
209792690	-2.878502
11134252	-0.365005
480056408	-5.264267
14125897	-1.339988
1075843532	-5.778282
174847410	-4.733896
1173237842	-4.245659
610415617	-5.790299
30823752	-6.458280
14597351	-5.915029
316819997	-6.088840
32007346	-4.739195
356881780	-6.426015
323511585	-6.537121
43108099	-6.201225
49675523	-5.358743
299883942	-1.529202
1214026033	-5.176528
293459696	-5.025740
793992	-4.465996
2236741645	-5.813520
16469463	-5.413656
1462357878	-4.465669
1852444146	-4.616726
288295387	-5.165625
63502107	-5.802848
323863880	-4.739592
93723445	-4.656793
85418520	-5.776884
405134921	-4.997583
2301967142	-4.290140
148041415	-4.328593
284296658	-4.596461
1898624934	-5.722458
1444380402	-5.630005
554109268	-6.506962
2297176518	-6.283998
1071900114	-4.000267
254189414	-4.419489
469674025	-6.048915
1422126799	-6.483133
327798242	-5.695648
80958505	-5.430239
393603441	-4.734671
181101417	-6.355967
52989817	-4.780067
818586175	-4.616469
2277763242	-6.054108
31120881	-4.521362
1025653922	-4.192480
54686639	-5.749810
185049728	-5.405979
530864692	-6.336330
44195577	-5.445889
281162551	-5.303185
954172328	-6.091248
34850480	-5.616267
17750110	-6.409668
38036372	-5.233827
48115928	-1.545528
514929629	-4.599813
251656840	-5.650619
14173315	-2.235325
1884324084	-6.541536
281540744	-0.861665
18891923	0.283553
257658885	-6.114349
1246366651	-5.195306
330938673	-6.543407
1059240924	-2.199230
194536303	-6.146490
1339931490	-5.222596
518644221	-3.445216
431266828	-5.397396
432092458	-4.226942
234022257	0.507517
47747074	-4.654082
73925960	-4.221591
450108691	-4.973531
278124059	-1.791013
473199911	-6.159011
196619213	-5.244815
227036687	-4.665617
1630446259	-6.035062
16669075	-0.327609
75843152	-4.453747
1510065122	-6.488559
392998644	-4.288610
78130610	-4.603259
2203399435	-5.925973
1906353372	-5.252137
56763589	-6.335910
116534252	-5.870471
15324851	-0.218236
209598477	-5.375524
244526889	-4.627835
1488969002	-6.002332
232992031	-4.504828
15394954	1.026141
18805303	1.008295
224285242	-0.226000
883557414	-5.042845
43050282	-6.501756
18548136	-6.000397
267938462	-2.453160
585206397	-4.491081
291676686	-5.881651
1939381628	-6.080382
309605202	-5.940237
77017567	-3.887776
779118265	-4.560467
751212379	-6.117407
245136682	-5.764757
115488968	-5.302059
2253968388	-4.350648
1075666608	-4.546905
555473643	-5.602518
51267980	-5.510834
176646411	-6.405153
728565668	-4.267358
487067075	-5.043320
16054728	-5.311983
1055362014	-5.689338
47412499	-1.883571
337122716	-4.479583
870670477	-4.237302
1572830660	-4.833974
391814356	-5.569689
13218102	-0.054530
1418013151	-5.430619
71294756	-3.322258
5660532	-4.226485
398165004	-5.943937
516642662	-5.454416
14587949	-2.760296
17992453	-6.010254
485842327	-4.446257
2234105580	-5.537423
19929362	0.917190
151589736	-5.159555
45151382	-6.419222
381152398	-2.539753
21950364	-6.394439
326043489	-6.336339
233724961	-4.367268
462033343	-5.836841
186506052	-4.252041
75347500	-5.142360
449795350	-5.519009
701303623	-5.360479
1439879557	-5.124362
246341769	-2.170244
186291444	-5.127105
378738565	-4.212666
219429281	-0.583563
1932363210	-5.331111
308276891	-5.473119
1580451673	-5.880221
74302172	-5.840022
360893245	-6.183757
1375646822	-5.418127
237312687	0.499673
119162694	-4.464979
21619519	-1.558191
490535112	-5.606733
224297637	-5.436150
1497534576	-4.188353
14308987	-4.256149
345261756	-4.893232
1255785854	-6.317694
18216752	0.995702
2184765932	-5.978173
1525086182	-6.102377
56538228	-6.336812
95166404	-4.263955
342945847	-5.241712
630802892	-6.021388
15350894	-5.633582
19616327	-1.810967
390522985	-5.991564
2287788476	-5.871720
624186253	-4.948563
621500066	-6.301540
24300215	-5.837289
1624698122	-6.536087
236479311	-2.424367
594060392	-4.396379
1072453910	-4.405760
538086333	-5.577102
342780479	-4.442903
178419778	-5.905335
280206584	-4.757518
345555778	-5.225676
1125409915	-4.244731
93936388	-4.319290
234014087	-0.975844
473401390	-4.569667
993153006	-0.721636
19139963	-0.727490
41464356	-6.297532
506033683	-4.444962
590696606	-5.921221
1652541	-0.422909
235217558	-2.167017
425489816	-6.414171
235591153	-6.125242
22903983	-5.851900
344033052	-5.401057
946114207	-6.346656
770448248	-6.485422
19407835	0.727772
26778110	0.742237
1327675195	-5.974266
169588591	-6.122605
78673043	-4.903642
15496979	-5.535703
801523267	-5.767328
45340027	-4.327532
399432469	-6.233783
125397444	-5.241152
72198806	0.619297
197307435	-4.551525
1134292500	-4.267141
20563979	-4.279638
164707575	-4.930404
14617444	-6.255788
263414131	-5.595337
31006603	-4.029798
201079432	0.328251
1149312193	-5.709187
117974827	-6.349037
89814216	-6.006566
238861711	-5.816137
253149069	-5.245982
34666990	-4.769718
555845120	-4.292847
80111837	-4.710001
1406277577	-5.588909
529973619	-5.122328
950328072	-4.379956
153944899	-0.485533
1335517206	-3.994935
242376736	-3.849117
584351142	-5.235033
1183865954	-6.420882
368977925	-5.896780
75398827	-6.416691
224294785	-0.202061
173363468	-5.772522
388958868	-5.142824
133864713	-6.517050
91179070	-5.023424
289530036	-5.618470
143889472	-5.627114
51284800	-4.729443
233601235	-4.535370
250710495	-0.944980
15434632	-5.412161
36183582	-5.771683
441425863	-4.705092
221614578	-5.311340
439596778	-4.700141
20841089	-4.353631
575385464	-6.025824
40526985	-5.118843
248850174	-0.399841
37920978	0.998198
15939889	-2.133531
1490306108	-4.229664
433079096	-5.364573
463132556	-3.221573
2312281051	-5.748986
1458461443	-6.244989
19877680	-5.026663
377773483	-6.336505
180142423	-4.309899
13067732	-4.712551
38787045	-4.427374
1143060714	-4.468794
452413225	-4.718686
18043103	-6.359935
1282568923	-6.540054
339172700	-5.749682
112604826	-6.125640
1229226714	-5.442246
249834165	-4.232279
2305350474	-4.637505
2377621136	-5.808132
18289929	-5.341781
366228554	-4.751615
24742936	-5.497982
85634199	-4.779645
93288759	-4.554844
1051127714	-1.173275
197290856	-4.974082
20071932	-5.321984
48807726	-4.315814
486380694	-5.939637
168666357	-5.392757
215909539	-6.236920
168673083	-0.835420
47632905	-5.208515
1069918782	-4.900651
28252475	-6.185536
1123683068	-4.610098
2314336918	-5.115743
84129740	-2.516702
229197216	-1.267950
247850985	-4.771279
2369496272	-5.259446
85970738	-4.736937
15715842	-4.734011
153919023	-3.773557
499978095	-4.359835
1365631760	-5.161273
389759292	-5.809062
38465240	-6.055218
1512666349	-5.329131
1656055824	-6.481672
1662929678	-4.811713
117197307	-4.291141
991357832	-4.467663
34438002	-6.113570
104631905	-5.512139
1262623074	-5.639970
132278386	0.252893
15948219	-6.542581
1011705054	-4.514890
251728316	-6.582981
20495104	-6.514649
612716532	-4.962173
110050273	-6.565585
113214730	-4.234094
237770636	-2.271609
247596046	-4.520526
62543872	-5.248907
123282266	-5.358333
133439172	-1.563498
1037084538	-5.836722
111632324	-6.319009
534405915	-6.095186
276197098	-5.211627
77664666	-5.335978
1394549060	-5.566603
2199888721	-5.154226
225921757	0.392716
91744236	-5.296358
428333	-0.773819
85634177	-4.097602
255829884	-5.462704
1328123624	-6.097917
325717986	-5.263992
266830495	-4.533851
611834439	-4.777776
960696949	-4.296544
15572155	-3.928985
433791263	-5.979129
1636291356	-6.254601
19912734	-0.791331
337932925	-4.860128
543822491	-5.666098
49634881	-6.485205
468930111	-6.336033
620298978	-4.775585
349947276	-4.364134
60638933	-5.449126
282775291	-5.471971
26677801	-6.121169
23035691	-6.381938
534599939	-5.700934
195042501	-6.327297
50325797	-0.194881
65453528	-4.430920
2321775476	-5.932648
229592356	0.297838
1071764281	-4.849577
2340967118	-5.331171
1223102983	-6.365635
122719755	-4.208058
124196924	-6.008155
17525171	-5.384232
52503751	-0.113071
76452765	0.604168
1634852712	-5.714117
1172636797	-5.033242
33977070	1.076387
21048033	-2.519523
217543151	0.354516
1726999796	-6.461734
401955731	-6.158039
948491592	-4.854023
267583652	-6.154914
225242868	-4.747632
487906127	-4.550457
286898862	-5.651411
605098090	-4.822528
1071102246	-1.285114
1075551668	-6.005373
1441675236	-5.780710
206428391	-6.069802
325298865	-5.456087
1626115357	-5.120407
600737301	-5.293882
43476440	-4.203081
1061385474	-1.432906
362052555	-4.890887
281509650	-5.241111
1228818295	-4.824567
516131688	-4.410795
1222257180	-3.318041
158205177	-5.398069
28889556	-5.853734
248004920	-6.519813
23632545	-5.310187
1023236538	-4.743037
24737755	-5.092525
41406567	-6.450460
117197740	-5.994285
69715433	-5.916742
74198348	0.735360
463606038	-5.899385
1061006802	-4.659657
575749942	-4.638725
115754120	-5.510445
15448332	-5.440127
1131203611	-4.765039
298059168	-4.973827
610325685	-5.298278
241207373	-0.348744
1332628436	-6.308275
1925656796	-5.726267
211254250	-5.964786
851120473	-5.864859
108619944	-5.547427
95070642	-4.560841
450708486	-5.161696
257170128	-5.670765
154648736	-5.665870
442824717	-1.126850
1571215884	-5.291029
308563367	-5.871448
1440997712	-4.824676
19793648	-6.222494
1536065244	-4.652268
122207745	-2.638299
362654346	-4.357274
78369108	-3.360466
14859559	-4.406380
318464838	-6.361148
425527664	-5.634700
286034058	-5.389907
1552818054	-5.529967
37766935	-5.234578
266772387	-6.078970
986188543	-5.180819
1372431026	-4.521623
282233418	-6.388351
308748838	-5.801414
256178459	-4.875945
70156027	-4.145104
407584834	-6.406591
633131271	-6.302704
1072382221	-1.550245
1437466362	-5.287172
373883896	-4.535373
1901113928	-4.779348
1484301392	-6.556375
799658150	-6.172485
1198766904	-5.028348
785414496	-2.124637
84677520	-5.367350
1797991	-4.355441
608182396	-6.289678
170767454	-4.398161
15361570	-2.637605
9508922	1.011949
376477453	-4.548831
190160433	-5.433234
373326597	-6.500709
122212010	-5.191279
44127294	-6.548716
22797378	-4.070731
1592481150	-5.752354
233842454	-0.032364
265155317	-6.263722
564225302	-5.200224
2358445766	-5.578659
127894579	-5.398989
30313925	0.898629
1058717720	-2.271674
20641972	-6.375402
1877628114	-4.669484
1412998502	-5.657512
40466049	-4.986125
1008962922	-4.720303
13383292	-4.955415
100330676	-5.713982
330583779	-4.668601
5692662	-6.070142
1494474121	-4.296118
566631178	-5.005081
237781383	0.324822
2251095308	-5.185997
975200486	-4.209707
16712666	-5.156867
1656884071	-4.891790
1355831521	-5.392970
279634424	-5.683298
29610442	-4.991016
8542882	-2.132271
18724011	-5.796617
237348797	-0.329909
248699486	0.006244
633825457	-4.264669
29929730	-6.321731
18916432	0.249384
19518515	-4.309699
52537790	-5.979838
455041792	-5.898355
253016264	-6.290445
116518445	-5.654002
533702418	-5.763219
29710286	-4.605443
26976860	-4.896791
25086658	0.406565
1969641703	-5.082808
189236855	-6.175400
23536035	-6.007598
617382180	-4.368516
2281176661	-4.623250
1917347892	-6.585387
1305481388	-5.650292
761840588	-6.087177
16560935	-5.198251
180032621	-5.492997
294965312	-5.613787
380001296	-5.163583
398990591	-4.249755
133448248	-6.087915
1608892718	-5.013738
409799018	-6.525320
1622931326	-6.422779
36126319	-6.258285
156075520	-5.386510
5031151	-6.091056
340296149	-5.085358
378096410	-5.473375
242993672	-4.602764
