14412533	0.073391
2163623972	-1.001900
249222850	-0.699059
1281503318	-0.974934
387984038	-0.462758
1206306506	-0.426919
57931553	-0.593860
2258783241	-1.049971
63160932	-0.554620
25198840	-0.348579
15289825	-0.197590
1452476780	-0.128421
1086619808	-0.817788
1623308912	-0.787672
2194801027	-0.909654
20467163	0.719505
19824430	0.044540
1739650556	-0.080274
59558161	-0.244832
1444015610	-0.923106
804861259	-0.966015
252254916	-0.558227
40057701	-0.839946
2375722164	-1.297166
451032276	-0.540229
1120298527	-0.859153
16860684	-0.381390
187414539	-1.104905
479674626	0.110010
19394188	0.875209
1155335864	-0.817677
20635633	-1.138041
248718904	-0.242806
252644673	-0.586536
534680801	0.171146
932446728	0.183406
235373000	0.452748
1377700518	-1.245092
437741704	-1.103536
414516629	-0.116040
46807181	-0.114251
1691930744	-0.602805
153694167	-0.868382
16705010	-0.776035
22509598	-1.154713
31054788	-0.419998
1545781357	-1.319630
5990782	0.087414
239949176	-0.355604
174879603	-0.038418
547778460	-0.355436
15993122	-0.359778
44209472	0.134003
17811916	-0.755241
37131103	0.181014
83932732	-0.267612
22006412	-1.236566
132201224	-0.385139
1647266078	-0.087854
126632552	-0.206117
16789970	0.092675
1183998762	0.021544
317216233	-1.069577
354493762	-0.177009
24773493	0.066548
119899270	-0.381349
414774285	0.177920
1252129242	-1.113436
295868971	-0.552024
19186003	-1.023266
564908956	-0.846225
528484792	-1.114321
2291373043	-0.520158
2260662498	-0.687531
40523440	-0.100690
471606410	-0.765422
25668918	-1.138029
320787415	-1.142252
383393464	-0.672482
463890972	-0.353154
48366585	-0.603005
239584537	-0.177528
1357793240	-1.387413
51535196	-0.147103
22930392	-1.234449
35137957	-1.258310
199317006	-0.621863
197628846	-0.116813
223360975	0.142606
29157809	-0.226641
776063954	0.150707
277107570	-0.432685
873631776	0.101700
18943752	-0.500288
492616846	-1.166067
75927706	-0.988260
1334517175	0.026931
29205600	-0.371126
182815759	-0.453197
54412900	0.112428
860696202	-0.862809
171813900	0.067902
19312039	-0.220343
1009921273	0.039575
717888988	0.193921
536281139	-0.488519
474326839	-0.479981
237763317	0.082593
164732631	-1.219128
18890707	-0.708963
18696134	0.223080
217454584	-0.571205
25168293	-0.624971
13491312	0.483425
311789873	-1.245723
467801778	0.052436
216881337	-0.214164
35998429	0.144481
16256269	-0.304294
1226281657	-0.916142
47127416	0.147392
598384016	-0.304175
456986241	-0.139626
9532402	0.206447
26459660	-0.413469
35060071	0.227448
424122984	0.150298
164007407	-0.166998
1127447660	-1.316706
728708694	-0.010385
40367637	-0.470613
1367531	-0.207956
89657363	-0.720162
10375552	0.035780
28480805	-0.302287
1328434170	0.113095
1055907624	0.485596
28856628	-0.763821
1915916724	-0.932859
708309848	-0.926166
108052620	-0.040952
11348282	0.277378
104615577	-0.759117
15697940	-0.147715
1925127612	-0.594005
1222580420	-0.569934
254310640	-0.855231
201791908	-1.166898
1189780298	-1.028929
502184923	0.116652
25124372	-1.071075
2237923975	-0.638230
18909919	-0.114799
384913290	-0.912985
177028305	-1.243780
266133081	0.239320
249348006	-0.382713
96386080	0.124723
66369181	-0.370957
277008614	-0.527959
254859330	-0.895570
237460752	-0.929857
2360123726	-0.082228
343588320	-0.971672
22113371	-0.121677
2221362486	-0.375803
1025521	-0.008897
79729138	-0.870062
1060984272	0.594591
358606388	-0.779705
23220731	-0.472477
325691585	-0.063709
1408162200	-0.245881
274824692	-0.111573
186299824	-0.270949
612117635	0.345996
35762860	-0.754495
19216998	-0.386291
409522947	0.027801
112765894	-0.777008
3135241	0.619059
280346878	-0.534811
220208804	-0.184138
116141817	-1.089807
611886875	-0.754729
73303753	0.053286
25226477	-0.466065
331678866	-0.820568
261918703	0.018118
561628839	-1.036635
47544979	-0.027514
790097610	-0.191610
1718400349	-0.747535
15092872	0.212855
1676771268	-0.496931
28785486	-0.167608
183637495	-0.779070
521926535	-0.660696
124062781	-0.654594
241771567	-0.485752
31210583	-0.575045
379378754	-0.159676
576268700	0.101901
163209579	-0.712189
1066076640	-0.542504
93189203	-0.639350
939091	-0.755326
254557147	-0.372911
63506775	-0.166272
240839950	-1.251798
172662933	-0.527473
618586017	0.146605
85616770	-0.583447
1091456496	-1.026371
267889663	-0.856666
160647819	-0.676451
510516465	-0.655353
18678924	-0.656577
35081819	-0.131025
15980436	-0.567679
20618764	-0.026162
1689821791	-1.087706
356199275	-0.621829
2205359364	-0.855551
211420609	0.646951
21631487	-0.395770
722800129	-1.099452
547174027	-1.179904
116748080	-0.677750
1057859527	-0.205731
27136225	-1.059638
269893425	-0.448626
1921776680	-0.932294
2196548623	-0.344771
124224165	0.160065
519728645	-0.950109
25214807	-0.688679
85898279	-0.238878
961520071	-1.191552
310608280	-1.100904
558895964	0.094021
72831557	0.001060
622198206	-0.711905
1027156464	0.059080
18294521	-0.169869
1725039222	-0.133724
222320264	0.089171
251408532	-0.307724
1542493423	-0.348748
543154345	-1.069975
259834782	-0.317334
21873714	-0.710801
108376246	-0.380307
16614802	-0.082589
371887563	-0.143510
1090002997	-0.341196
93552029	-0.384013
17111550	-0.702872
372503594	-0.549408
20015903	0.067448
934933188	-0.534496
332340557	-0.395266
944917346	-0.443484
2370786962	-0.284437
78941245	-0.036872
103727818	-0.480126
351266014	0.060330
1607546875	-0.194571
99949940	-0.066304
1713542732	-1.181358
237600102	-0.393951
72129678	-0.613538
180389279	-0.429952
2179040628	0.150499
517911880	-0.158249
2310494503	-0.135707
2293131060	-0.060375
218357036	-0.328905
558831200	-0.594680
402190452	-0.036486
97239626	0.159782
11883722	0.093635
394303189	-1.168122
110420252	-0.090428
61842393	0.089979
357580948	-1.106660
1496512904	-1.213884
425889480	-0.140193
168830539	-0.309946
15710384	-0.370648
23109966	-1.097098
34773320	-1.232530
1469869638	-0.635211
198323147	-0.791713
29584150	-1.095443
322781751	-0.453540
976969338	-0.195035
748531489	-0.032022
886946899	-1.173997
397584127	-0.022551
234057152	0.625180
26083271	0.167846
26144769	-0.482974
287811065	-0.412504
52763281	0.211892
27048645	-1.067336
28336822	-0.118186
131791939	-0.965012
81919296	-0.809046
306001688	-0.054980
125984383	-0.828724
1262557194	-0.922020
506462653	-0.060954
85396297	0.587724
233557728	-0.934175
252819323	0.529157
238314303	-0.922151
296068607	-0.660355
1058807868	-0.640662
49986081	0.038621
14081659	-0.676948
452700445	-0.654901
207116000	-0.781162
1356966632	-0.460088
49171436	-0.863493
855057596	-0.275309
1340326969	-0.674472
598123678	-1.026740
966442267	0.624582
326210627	-0.730703
108617810	-0.671878
221508042	-0.867630
39322371	-0.107496
31285825	-0.930777
97298155	-0.885529
98910693	-0.646158
1912048351	-0.539516
547416793	-0.634482
868637460	-1.006549
189904289	-0.182310
584012853	-0.272949
176134825	-1.103437
606101503	0.109844
1469528666	-0.033768
543635294	-0.282679
360436349	-0.188004
481000411	-1.241557
326196796	-1.110365
1120550322	-0.628561
192441406	-0.968047
272542662	-0.526666
904655414	-1.047952
1060370282	-0.473331
121469977	-0.876882
73931897	-1.045899
46004597	-0.755790
1447399590	-1.257124
1201824876	-0.214941
359222643	0.085731
384111224	-1.284375
80958602	-0.403592
1658898042	-1.215326
439049326	-1.013504
195193469	-0.204138
209787354	-0.277648
362688424	-0.365949
432676344	0.382223
55581437	-1.060776
147487756	0.159645
11856892	-0.559089
108689270	-0.110572
97931967	-0.743860
1644734071	-0.902254
198526130	-0.494795
475294870	-0.276896
399170640	-0.146125
76163900	-0.269387
998576058	0.180053
430292078	-1.261662
823801824	-0.041631
1974399272	-1.276780
402719755	-0.256324
456032135	-0.127846
743694942	-1.321374
51943611	-1.138235
1350118422	-0.264019
30864583	0.459588
39510422	-0.632258
353834752	-1.172776
2260579802	0.098145
15392139	-0.165240
26977568	0.133064
47892311	-0.308640
20517132	-1.056215
324403737	-1.156393
42913132	-0.842474
573495038	-0.678294
208692908	0.504015
425286290	-0.478852
452344217	-0.879858
220249920	-0.495811
267854863	0.324730
582875320	-0.923691
791967744	0.039822
1548079500	-0.644548
288963206	-0.329071
239964750	-0.049190
2314375189	-0.048503
1729693597	-0.904885
89193992	-0.629213
1083448909	-0.073465
963480595	-0.204179
221528389	-0.688082
1058460818	-0.462721
26637348	-0.749964
5988062	-0.560326
221162525	0.618574
1964821772	-0.462885
278145569	0.477457
387225200	-0.649250
435983624	-0.334151
17005219	-0.615727
90518536	-0.293771
17633159	-0.334619
1355805258	-0.028012
14579415	-0.372312
267339368	0.021722
75578498	0.123703
717905080	-0.283624
24183358	0.510943
2318080736	-1.031138
1405337395	-0.460391
73833569	0.103107
1646054551	-0.819986
245451804	-0.526074
887385018	-1.270263
15987296	-0.638456
54446722	-0.128647
467787311	-0.057172
78387677	-0.101249
1138688364	-0.780828
224391627	0.176723
318095351	-0.730470
44177383	0.573636
178229698	-1.019359
36117128	-0.456574
240812994	0.331874
1080509366	-0.547814
1480654033	-0.536088
22242298	-0.019121
171693939	-0.373533
285737815	-0.561194
1055685948	-0.886926
25956294	0.055301
1058051748	0.337057
1092248911	-1.145093
18205674	-1.015575
245419752	-0.662612
7597712	-0.743336
418078050	-0.719496
472587512	-0.049052
379815077	-0.003762
516880804	0.150274
14764240	-0.476904
115733549	0.534219
1674501806	-0.338766
1058917562	-0.069313
16348437	0.751838
277363853	-0.786677
260807192	-0.249341
20245031	0.065126
337785530	-1.003299
333663029	-0.618418
65433355	-1.149523
28423263	-0.189443
2312501226	-1.001354
585441089	-0.102990
126171100	0.367192
349979682	0.198090
841342315	-0.416601
525736608	-0.234494
557050706	-0.815996
334965470	-0.539151
249814580	-0.859948
274255909	-0.300998
310347243	-0.898921
1730532331	0.165434
867444085	-0.260023
297498647	-1.098539
85476251	-0.231994
154699063	-0.964372
93761782	0.463489
1090009730	-1.352662
360080772	-0.694760
16631939	-0.664022
376064104	-0.175073
619964159	-1.248102
20468251	-0.870120
26513860	-1.053863
168502762	-0.023271
258900199	-0.690025
488297851	-0.744132
21269970	0.148905
24735461	0.821987
384538886	-0.343443
376946273	-0.315886
1331884178	-1.242829
377534571	-0.533773
2227361208	0.074399
17544524	0.710828
24298528	-0.726143
37982748	-0.128137
195790079	-0.435390
411765271	-0.086419
254032655	0.105161
995193054	-0.249732
175131510	-1.232599
2412155161	-1.043909
1691191704	-1.076526
21797269	-0.625604
1228070911	-0.626709
123999551	-1.140711
7402662	-0.697076
2268031692	-0.896347
703301119	-1.097174
2385644521	-0.176691
190328374	0.211723
240385577	-0.055172
18732816	-1.164662
976404032	-0.316087
613404995	-0.117758
239871673	0.401921
1897447471	-0.509376
55677432	-0.192642
22545491	-0.017285
156212602	-0.477581
305818200	-0.863625
2205545306	-0.655294
234837632	-0.207917
18822612	-0.234494
345491974	-0.258430
2308777399	-0.199457
18030431	-0.546381
2207375216	0.140004
70799357	-0.524356
148021006	-1.011962
23578274	-0.108077
296925880	-0.082487
903320070	-0.246053
15639642	-0.831186
161329769	0.269429
22055226	-0.147844
213634439	0.677494
8162322	-0.037286
1564956584	-0.563637
22509548	0.436838
14129299	0.188989
34238458	-0.076606
511079500	-1.145637
377591325	-1.209834
2252607128	-1.105205
1015802058	-0.761219
756285384	-0.315476
264494662	-0.044313
90490354	-0.007176
14774189	-0.703668
34069014	-1.290474
1222684418	-0.114147
25755336	-0.949071
240840748	-0.670654
15160884	0.531216
472263579	-0.373837
7900962	-0.214064
27302870	-0.179286
1074101017	0.161698
22028039	-0.615434
214209081	-0.787380
1601370486	-0.944265
2191060944	-0.598718
199510192	0.024328
968650362	0.242426
22523087	-0.357996
753647880	-0.467110
408105171	-0.938394
404132211	-0.380619
176896268	-1.109557
114756202	-0.024387
47468096	-1.211025
1431823160	-0.175582
40750860	-0.880441
358302508	-0.612403
347395654	-0.661207
65146567	-0.372196
31744825	-0.637594
136682183	-0.110905
33530012	0.177340
2322307531	-0.088889
546176922	-0.324219
237019973	-0.936433
1031845399	-0.228689
346813911	-0.871160
189986982	-0.528387
777390745	-0.842635
59704563	-0.802773
234053893	0.354125
41445718	-0.233432
19670455	-0.173438
1132232611	-0.342110
194720228	0.024201
308852834	-1.167622
21144715	-1.104964
376527578	0.116683
22669526	-0.780159
794546882	-0.740285
26818986	-0.602700
19576571	0.214922
615537104	-0.899647
2352119654	-0.984600
21542518	-1.106183
494114249	-0.689014
1117326481	-1.314260
14354562	-0.052777
1023294366	-0.705206
336699225	-0.383467
360338075	-0.908884
265639238	-1.119948
402029058	-0.379144
535181994	0.132607
18170310	0.047217
1068470480	-0.154650
109355585	-0.623597
1510311302	0.079267
372315769	-1.324374
21333396	0.125641
616965232	-0.897599
1516670166	-0.670987
233601728	-1.032677
114299101	-0.042416
61046743	-0.942020
177974542	-1.024428
300013543	0.149993
254226686	0.081802
14857525	-0.534786
237853147	-0.896295
300430043	-0.914353
121171657	-0.326226
37836873	0.094324
187108150	-0.104381
36738199	-0.381678
1710292866	-1.079775
248735463	0.490193
40954486	0.380258
284601302	-0.084077
1447467186	-0.053456
253281321	-0.795309
15602331	-0.249809
577609337	-0.626113
43273533	-0.404194
26777550	-0.091601
30045475	-0.794660
58228306	-0.693337
874694125	-0.028485
890904109	-0.568611
470703779	-1.024223
122183484	-1.162667
589070172	-0.217148
1075303104	-0.802199
457733782	-1.084593
117661549	-0.618428
20545793	-0.006013
160919506	-0.085101
154233179	0.144533
370467757	-0.308512
216486007	-0.354604
438040565	-1.098520
216855513	-1.200679
2264976900	-0.861115
378636572	-0.427401
321234739	-0.363356
2278730858	0.207919
344525024	0.047732
220765205	-1.010826
16002085	-0.675051
1681848204	0.181186
123421771	-1.191151
831933780	-0.928012
1228652142	-0.276546
1283908939	0.121618
747876121	-0.226961
780383160	0.136073
531596035	-0.196155
1410590874	0.147521
16827173	0.017337
1625304829	-1.089209
429268149	-0.035019
110445334	0.518704
22528309	0.304470
132345883	-0.696031
233693291	-0.317196
372506462	-0.072621
18863927	-0.057010
242873057	0.053287
430235090	-0.665070
36564017	-0.846477
304115290	-1.249041
1901018683	0.087036
1037321378	-0.002222
278433367	-0.473379
302113333	-0.834981
1609169504	-0.497465
17997831	-0.544860
1531521632	-0.154090
291551843	-0.995929
14669951	0.382996
368914608	-1.226709
1375871708	-0.943425
17340186	-1.335906
432766911	0.110510
68281948	-1.121192
127963931	-0.466425
18646108	-0.123590
549438299	-1.190636
16336478	-0.484673
83195396	-0.773972
467636108	-0.604824
231898286	-0.660965
70590748	-1.050758
441040701	0.096466
137084996	0.159528
912598626	0.235238
230720547	-0.232689
41861272	-0.005799
416644656	0.135212
2317625354	-1.013443
28176898	-0.161190
401989810	-0.194926
581275783	0.157605
91935208	-0.813584
18791763	0.618912
27688281	-1.018618
1853114688	-0.755643
14246001	-0.145049
1486445498	-0.527779
977560500	-0.598781
15715665	-1.138323
235279028	-0.729075
805188312	-0.941189
64507817	-0.080527
277193651	-0.757646
21910246	0.139797
156763824	0.086349
1045110018	-0.167684
614706394	-1.148135
36686040	-0.422498
1917731	-0.079440
280913598	-0.474177
249787913	-0.460955
1242946140	-1.164569
1526488393	-0.733898
28008943	-0.140129
2316393866	-0.973300
526750889	-0.157793
1849400233	-0.574972
125613253	-1.212562
15380417	-0.046866
26051676	0.468232
90250351	-0.215154
931024693	0.005128
2245423891	-0.964771
73791927	-1.362439
389357597	-0.528831
514749390	0.195358
1232484468	-1.003130
935033864	-0.277004
27274887	-0.128799
952575223	0.181535
414068004	0.123116
49057566	-0.244074
702460382	-0.191537
243413616	0.011694
121537837	-0.862528
122174004	0.503464
265329329	0.190390
237504609	-0.049770
858111194	-0.390773
246447524	-0.141757
20397563	-1.060318
260479308	-0.056016
935987066	0.211636
1051446626	0.559747
1428792126	-0.081435
15007149	0.390459
238264015	-0.977589
237862972	-0.341006
265993392	-0.175387
15976697	-0.270354
315992993	-0.022721
127919146	-0.165789
403639485	-0.927294
17120599	-0.642860
1105408002	-0.332223
328679423	-0.099276
130977700	-0.577116
70740010	-1.020182
894512114	-0.625952
78408666	-0.386625
2394285656	-0.336208
2292332720	-0.248578
21572351	-0.272891
1157543414	-0.423415
130600206	-1.017997
249219716	-0.146024
346949527	-0.501484
337595668	-0.368519
2155491151	-0.672495
51982954	-0.444376
15224867	0.532507
27675227	-0.685431
2236668625	-0.241803
108323434	0.115143
52052011	-1.018932
2304223555	-0.003499
538121732	-1.146810
50707364	-0.667204
470654192	-0.956954
1092757885	0.091406
93950784	-0.270076
1360075950	-1.018422
19612749	0.217864
1382011333	-0.659389
55440365	-1.217185
37497720	0.133184
117432541	-1.209369
1613159058	0.027116
103949895	-0.125699
399112142	-0.483192
22265452	-0.341704
1120582274	-0.908006
1089334250	0.589960
461301890	-0.403497
198928268	-0.380199
12298112	0.125246
240135871	0.085448
22507324	0.030103
117792965	-0.086777
381874511	-1.020051
741061716	-1.167907
325040651	-1.014824
294959299	-1.184972
457276155	-0.370539
1237156340	-1.082265
21643972	-0.647478
1362806395	-1.429924
136550204	-0.975220
18579364	-1.273183
1326498037	-0.193916
40510796	-0.567705
598853747	-0.705030
573916220	-0.411477
3913931	-0.481316
91346513	-0.021292
2329092852	-0.833601
2176134116	-1.019811
1461162020	-1.059655
183212100	-0.798199
15210284	-0.752382
133022865	0.134512
171154131	-0.496148
18172905	-0.596818
123150166	-0.627565
938657858	0.284197
191496735	-1.011661
252249233	-0.206706
137794015	0.338233
220551206	-0.097380
65082057	-0.756135
1553746556	-0.125182
749375898	0.190125
889786374	-0.098632
624927613	-0.758861
158290255	-0.725550
363540832	-1.269544
24509586	0.054987
447277172	-0.783503
14398250	-0.645391
287545295	-0.046382
84119348	-0.003331
236541422	0.375176
62387220	-0.430586
2316645626	-0.546451
18622869	0.351738
53725673	-1.049890
1422790478	-0.648701
1112972713	-0.528903
443265529	-0.375814
335476450	-0.509846
1870463754	-0.699264
714409014	-0.780722
344516847	-0.071800
271007688	-1.255471
1387919042	-0.757935
627838899	-0.415646
33205490	-0.291090
1328762540	-0.715181
284664892	0.141226
1265860620	-0.994275
619541619	-0.216290
249327401	-0.244711
1023872718	-0.010592
138531540	0.072271
22076537	0.112789
49969221	0.029661
21346197	-0.772163
1431454158	-0.197324
24745957	0.537718
626001129	-1.062379
1345850192	-1.305663
243502423	-0.837869
414543577	-0.607890
59281449	-0.067253
270792742	0.091263
325830217	0.233834
18496709	0.453170
1035443946	-0.691049
286799590	-0.986881
1539064994	-0.902549
624753464	-0.653684
291756142	0.121506
35013862	-0.700603
1849074780	-0.113063
171598736	0.056555
20209807	-0.114028
1431884516	-0.215093
15923226	-0.111481
1209417007	-0.610855
2161486428	-0.436969
215346722	-1.031919
562618381	-0.302511
125208664	-0.381579
625296182	-0.328540
36691808	-0.386257
17680840	-1.279404
731524644	-0.183413
405785853	-0.680365
18566912	0.397540
1444416162	-1.127598
930009097	-0.962709
836709230	-0.558821
432771620	0.202095
50370046	0.007126
287896740	-0.027389
193076432	-0.744975
216355557	0.195204
24448865	-0.803255
378547255	-0.667664
24195214	0.446929
41017380	0.439676
540241441	-0.866358
39803436	-1.314165
271593651	-0.503316
232127685	0.079854
148348430	-0.319169
1413602821	-0.681884
524724189	-0.364521
249288197	0.519394
63169388	-0.196817
19693903	-0.624170
15769734	-0.843226
1884258127	-0.042188
158397501	0.141082
25382456	-1.030464
628559456	-0.853532
620708331	-0.644841
1872933859	-0.113833
23951197	-0.420300
2185601035	-0.778747
85342505	0.098163
403539769	-0.983799
321380757	-0.361905
422076926	-1.026088
20469722	0.220363
776698136	0.084247
1092750030	-0.472424
50552213	-1.054858
19201438	-0.149243
157305077	-0.858995
213207055	-1.120618
130274805	-0.552205
348522887	-0.251731
2309440500	-0.555251
143489158	-1.092410
783749288	-1.295321
559073634	-0.118705
562640547	-0.068593
608902626	-0.223256
49194495	-0.294116
20880535	-0.295764
1210072844	-1.248764
54606494	-0.444024
81021861	-0.780057
18277655	0.328364
33537967	0.215010
48354257	-0.159994
107620932	0.117131
14540659	-0.630237
1636639214	-0.080174
365239637	-0.158309
15941955	-0.035654
1342502834	-0.164716
569212271	-0.852785
971412384	-0.233727
295685416	-0.318831
1963246038	-0.214577
250736913	0.077088
1310708510	-0.788179
50634125	0.050278
1539300170	0.096325
1109679128	-0.342034
253654580	-0.518341
19563355	-0.886264
15458694	0.548136
230100284	-1.058839
10615232	0.436971
1045853744	-0.261450
233949261	0.416370
593718490	-0.801063
1186810890	-0.986631
1186874899	-0.710291
288886063	0.167350
247517295	-0.078010
30437038	-0.779250
63796828	-0.207521
915781920	0.257074
18915145	0.454174
76348185	0.065871
1915018465	-1.323998
22698090	-1.349090
20608910	-0.274000
87714473	0.402671
1237704769	-0.534918
467823431	-0.550275
249410485	-0.544676
108052596	0.256536
1316483802	-0.662354
23365717	-0.411089
477583514	-0.492406
200870788	-1.027181
33655490	0.573698
14511951	-0.221427
933487722	-0.339080
430343685	-0.398003
24477294	0.008279
234812598	-0.008819
94103877	0.041137
180197930	-0.450124
54207182	-0.672833
318711662	0.205640
1347830329	-1.360432
22812434	0.232299
14110710	0.024548
15918353	-0.696498
15554922	0.116455
254174408	0.055889
53420694	-0.672883
1979395855	-0.381816
462285708	-0.597210
295805574	-0.345900
1072467470	-0.183232
20621911	-1.180200
759316808	-0.571986
1325640288	-0.172196
109071031	-0.218480
2175130770	-0.657020
4389861	-0.959019
231510077	0.450789
15764644	-0.193148
15212187	-1.117784
127074099	-1.196837
43963249	0.238942
27311044	0.313224
1183912596	-0.927991
1225410018	-0.386517
2192362761	-0.748339
589869443	-0.116514
240376522	0.061357
424522799	-0.625931
351133674	-0.739843
1692578893	0.086711
18217624	0.134123
250462634	-0.017642
134302187	-0.212119
303920466	-0.485806
1346817602	-0.659321
1686565519	-1.018511
61313751	0.012054
743167003	-1.038256
39787282	-0.161240
118941676	-0.957910
26305670	-0.544533
418269619	-0.494394
1070943116	-0.160427
209151429	-0.981077
26820795	-1.121066
806186582	0.007014
442610682	-0.129061
15584433	-1.144977
703759688	-0.637612
631648466	-0.749330
127908221	0.119243
1551310284	-0.790671
2294530717	-0.196117
1176615978	-0.566959
1465964245	0.163452
192041694	-1.172040
74960018	-0.063975
584583739	-0.106013
2188340009	0.049264
32537213	-0.947378
121656624	-0.687549
586730005	-0.841231
1007065914	-1.085560
417664241	-0.530958
16557756	-1.299453
788006827	0.201288
46499643	-0.767503
80612021	-0.051381
2362779882	-0.584756
14345062	-0.189935
146263776	-1.004767
334127852	-0.475557
515898679	-0.329783
66209943	-0.407681
1673504017	0.114855
224766531	-0.915087
2242638817	-0.483984
210926192	0.019848
1031118500	-0.109006
1602268826	0.026509
399502932	-0.055810
242761889	-0.726767
355881289	-0.870745
48425512	-0.961407
27242307	-1.158644
18137749	-0.324690
21111098	-0.023990
724658815	0.036007
70587562	-1.235424
112740986	0.590583
594582597	-0.818903
1155212191	0.183685
67776968	-0.537509
50128726	0.082091
29898014	-0.346325
28382250	0.119289
39424870	-0.098690
1187949900	-0.764982
2340869731	-0.868746
53503202	0.096652
16930125	-0.544255
242892689	-0.728585
1430814439	-0.713286
118540429	-1.111704
2294105892	-0.368972
417393341	-0.574550
16739711	-0.563467
312435184	-1.058686
56864092	0.573944
221793778	0.132034
17750784	-0.768901
427742683	-0.978806
1190825605	-0.130064
26596727	-0.900559
569666511	0.068224
1480218668	-0.788923
26424123	-0.023827
29751942	-1.109728
497535334	-0.660423
20597460	-0.342254
11651202	-0.000721
56440142	-0.848922
492480327	-0.049075
935398104	-0.213743
323166438	-0.111107
16474026	-0.188816
174369590	-0.759523
68888437	-0.532526
7350652	-0.330591
133832049	0.161491
131149247	-0.700766
346045240	0.209477
1655093820	-0.872017
1080732656	-0.805344
119527861	-0.259418
1611680690	-1.115473
1620243926	-1.114743
237750442	0.632384
38516217	0.403857
1705042116	-0.915305
422964271	-0.230147
2364631970	-0.990166
1925431584	-0.739388
50731463	-1.206519
191688736	-0.995826
235190657	0.268744
204881923	-0.818066
32265225	-0.311030
78569026	-0.262897
397382646	-0.036145
407053599	-0.570263
268007771	-0.137655
2467791	-0.130000
22508473	0.173770
2435410690	-1.129197
1301606089	-0.642461
218267731	-0.658609
18632666	0.228503
22387804	-0.609597
6577802	-0.284627
2288502470	-0.896512
1122064316	-1.177095
14925704	-0.919563
156029105	-0.938568
20113797	-0.490155
79022250	-1.300587
17033503	0.063283
484134207	-0.798235
29793493	0.103773
2161537962	0.070067
718468320	-0.785911
67738195	0.118428
44215945	-0.558583
221496713	-1.096798
788081918	0.015463
860733170	0.178765
23387115	-0.498823
22812754	0.635472
98929990	0.078421
297940478	-1.167890
264221149	-0.231946
18056015	-0.748716
62770351	0.168751
628760912	-0.682873
587783109	-1.069154
58379000	-0.411456
121841737	-1.106334
39279393	-0.713849
92071963	-0.237133
127870840	-0.713420
22012091	0.662925
272019676	-0.996931
346885718	0.202950
148086041	-0.213417
787373558	-0.478075
520245212	-0.734794
497546508	0.114843
557806506	-0.949328
186430550	-0.968165
41377639	-0.649102
49045755	0.094223
798420806	-0.668505
1006482620	-0.090976
154139987	-1.065618
1915752144	-0.358902
1308601632	-0.932857
1326751968	-0.270240
242618658	0.324404
24045931	-0.808160
297532865	-0.930513
24670782	-1.205650
59888738	-0.475259
71358042	-0.820071
46724483	0.118999
1468560242	-1.255786
1267462094	-0.795680
277750492	-0.728388
542842941	-0.927756
176135285	-1.182683
36394602	-1.053687
76350004	-0.050216
50150341	-0.794763
233346654	-0.449254
109287731	-0.528422
1686107834	0.125046
1093441423	-0.846601
6092972	0.094990
250719718	-0.024145
58492046	-1.000460
308721230	-0.752616
29766367	-1.081341
759251	0.346359
393821580	-1.322410
77839894	-0.788351
1716914930	-1.183552
10102032	0.139723
82649553	-0.136736
1653370998	0.046108
1362944844	0.080742
61906286	0.142879
1932803906	-0.351468
221447516	-0.072648
1905156690	-0.387978
830918346	-0.858939
12788332	0.552534
33622411	-0.672523
62354707	-0.397391
1621009105	-0.529550
104727439	-0.133719
24913074	-0.206850
106591004	-1.141203
18221712	-1.215005
5357812	0.321649
103335794	-0.111653
905020056	-0.676497
15603311	-0.258100
15762842	0.020566
15555056	-1.195631
115979444	0.541621
2361890355	-0.465595
575344793	-0.491100
157382927	-0.158940
16062766	0.173470
218779638	-1.288802
2302483196	-0.671838
1655816936	-0.817505
454947269	-0.459569
470366309	0.017138
16130949	-0.884529
2409239300	-0.347971
270370405	-0.644778
29293808	-0.677794
244268646	0.729550
16742053	0.158582
942156122	0.213994
703561088	-0.659539
382534366	-1.095713
17065503	-1.162102
1296038210	-0.886050
359596838	-0.237475
227088228	0.396490
813286	0.515544
137571771	-1.005489
1234286196	-0.383837
14849664	0.152937
140959145	0.058122
148453195	-0.436452
301090775	0.135000
14800483	-1.154327
792608948	-0.501421
950783972	-0.174663
220241174	-1.047640
381413722	-0.115448
119250381	-0.480104
24299006	-1.057546
389840566	-0.741289
36777778	-1.057331
88806753	0.268857
415780303	-0.585882
143779492	-0.126161
614542142	-0.587995
333504114	0.186843
29848453	-0.444305
65919935	-0.135870
44682276	0.276092
593813785	-0.654031
582931822	0.009081
31801993	0.522106
94366606	0.223885
162784542	-0.987426
330816212	-0.318769
448923637	-0.983184
1096507650	-0.015523
15428227	-0.026868
411997494	0.107181
2252899873	-0.615924
14293310	-0.631952
40402146	-0.719860
18811140	-0.187608
1365917090	-0.641157
273098660	0.071553
88976164	-0.978200
23970171	-0.589763
1347674623	-0.055687
223523798	-0.224153
15014405	-0.772391
1347436638	-0.365526
2836421	-0.040702
15964588	-0.395266
38254095	-0.652728
37094727	0.628878
64161351	-0.693850
372345957	-0.214259
14672279	-0.489470
16030518	-1.059256
91137301	-0.826468
240663096	-0.206309
247334603	0.565408
20957491	-0.036589
26841582	-1.012323
28238988	-1.053421
30673492	0.215228
35518656	0.138737
322737879	-1.181935
1965801554	-0.811904
47614124	-0.550599
71281860	-0.338719
721052064	-0.236835
1949611364	-0.295748
18008330	-0.087916
148006729	-0.210960
1301328822	-0.848220
1183811947	-0.590447
17906632	-0.912212
155680896	-0.056607
26111775	-1.135320
349219528	-0.148975
86364947	0.178197
2181453624	-1.215902
26316100	-0.027317
1556756886	-1.246514
20002401	0.010961
19269183	-0.550233
321119379	-0.075670
1300124792	-0.795517
563844379	-0.830500
751806494	-0.292739
33027306	0.109148
23117388	-0.526162
819528355	0.082223
267217520	-0.333409
886986138	-0.112789
497551327	-1.199256
59568948	-0.835626
1716366295	-0.747861
1905833168	-0.907963
448169106	-0.266429
148333607	0.061698
289374103	-0.720698
360191435	-0.285009
450786176	-0.896215
23617145	-1.201265
317193393	-1.071728
144189766	0.188927
279964598	-0.397407
1120931132	-0.549027
1137600571	-0.137577
33060832	-0.884686
18480494	-0.045932
292990703	-0.569247
1117009244	-0.967073
33576489	-0.538798
17848544	-1.178282
463918261	-0.166062
990635636	-0.800585
18213420	-1.211763
214179002	-0.988266
195070336	-1.070226
885789362	0.083922
22831059	0.059441
22081190	-0.733514
153486399	-0.356388
236480864	0.078904
37202770	-0.002923
374161639	-0.923138
1242109014	-0.958374
211530910	0.176107
1606703838	-1.365957
348857253	-0.209783
167856299	0.137421
502440556	-0.968209
14529929	-0.590982
631876809	-1.273995
1902537799	-0.042197
700126891	-0.659999
20444702	-0.393552
32789881	-0.770720
67906573	0.134677
1032703770	-0.117687
7334402	-0.460432
19245431	-1.077344
110924703	0.256444
198523967	-0.566530
1058345042	0.357445
2296636404	-1.320137
15471838	-1.269362
1702539968	-1.094769
20376424	-0.100327
21509894	-0.193951
1388590928	-0.835256
429181880	-0.568005
1073212812	-0.665261
283657826	-0.923933
460656473	0.095851
1277984012	-0.775220
165533941	0.235367
42638402	-0.847056
337752039	-0.382098
1393599296	-1.028360
114607567	0.296114
1144145946	0.129102
377702207	-0.642521
237814920	0.233688
851621377	-0.787640
1487887076	-1.165302
1852819452	-0.809911
109280446	0.296389
1665719612	-0.108763
537156670	-0.789889
411526571	0.099077
488127904	0.098302
34270503	-1.117398
95602718	-0.452068
191208249	-0.800993
21351432	0.016578
592019654	-0.213347
385429543	0.287258
234937222	-0.456162
26194384	-0.447257
47975734	0.425898
1023320856	0.026497
211901075	0.343868
271552521	-0.817976
1222283971	-0.285240
2321129046	-0.240030
1722842137	-1.080199
1540496365	-1.208621
10025982	-0.119534
17530189	-0.919720
123667924	-0.132644
1962564906	-0.123745
110893482	0.067680
93575832	-0.405891
40750718	-0.299790
960962340	0.298422
222195455	0.119421
16056306	0.653867
1074129612	0.396896
60801758	-0.969242
21426423	-0.911520
319529691	0.097796
161411080	0.340088
161791703	-0.197011
939621458	-0.682344
16703058	-0.380009
301081520	-0.962686
32010840	0.657543
834525002	-0.915429
26809683	-0.924363
202206694	0.658475
520778762	-0.843316
8775672	0.672317
317608866	0.118146
24184717	-0.996568
1356531588	0.150962
713463571	0.163688
176260948	-0.975677
278005891	-0.368205
36737855	-0.236367
35758513	0.157473
17896154	0.103445
217550862	-0.161259
1110920106	-0.924027
1931992778	-0.511663
1128781184	0.476701
29865139	-0.872809
977369880	-0.726378
62330632	-1.115925
34340464	0.004164
1033532365	-0.510215
830430216	-1.112639
155642785	-0.281048
1154667132	-0.300743
1080602371	0.077862
360605502	-0.970638
63787812	-1.043933
30027177	-0.456520
2369234174	-0.401552
5741722	-0.232914
551698752	-1.093561
545501375	-0.234079
1596947036	-0.573274
1449407450	-1.142002
326551457	-0.552215
95509057	0.026807
423688722	-0.177309
328258374	-0.553144
705661256	-0.493133
496786334	-1.175578
1879871294	-0.212810
2374720591	-0.280539
1954751917	-0.452534
550401754	-0.375739
370076582	-1.185344
18820392	-0.554006
16298388	-0.561282
348861268	-0.121334
1623282788	-1.173769
14124614	-0.788656
36588739	-0.673534
88784440	0.501211
16804072	-0.621817
2356356972	-0.663274
1258312562	-0.314634
43216755	-0.152154
703640660	-1.080168
896620178	-0.731983
122473388	0.169846
234906311	-0.250686
16018516	-1.075180
586045941	-0.890909
1115633996	-1.088092
485139684	-0.364047
1352594924	-0.478215
1621076712	-0.202655
175102610	-0.371554
63749707	-0.614783
20733972	0.408785
17291452	-0.319846
20906882	-1.292804
615181714	-0.650980
78966155	-0.387419
1430524482	-0.055571
21669223	-0.899871
8870632	-0.687276
14730894	-0.288265
1959864463	-1.060161
21321475	-0.395758
272520742	-0.640996
19918558	0.166346
1959387662	-0.183038
14216438	0.210555
492378372	-0.194103
1154894353	0.253889
1463550048	-1.141853
24305421	-0.125431
26265640	-0.079808
382441782	-1.168710
856549532	-1.105343
235271965	0.650704
314335929	0.059927
59969802	-0.381115
74058012	-1.162964
347877928	-0.500846
30500021	0.390933
716563918	-0.359418
2255274860	-1.239550
411766612	-0.489000
39793438	-1.101833
41634520	-0.485394
51228911	0.077018
247496974	-0.259765
234374703	-0.305438
2168350939	-1.188325
455037005	0.083260
267781214	-0.235011
26324609	0.141612
17487795	0.288099
339852137	-0.207964
230761725	-0.923712
14616459	-0.884535
1556371026	0.059212
199325935	0.217510
234927299	-0.464907
109025212	0.454539
225326840	-1.280371
1363394484	-0.038524
75367781	-0.426922
343171266	-0.462199
15600527	0.461805
89526574	-0.262129
523397097	-0.695915
1092979962	-0.426422
63804234	0.163526
206716135	-0.584542
260841091	-0.505701
47470008	-0.108745
68198447	-1.095409
2377726519	-0.193583
1221321108	-1.006704
205420257	-1.122234
1243902714	-0.557067
1049460835	-0.823990
49782398	-0.422551
1246599554	0.025356
113420831	0.638066
62907908	-0.808102
72874723	0.036107
236899846	0.019857
1891157910	-1.202253
505932430	-1.057880
85778445	-0.646003
270067927	-0.272828
331268118	-1.008868
1201520622	-1.178026
538416721	-0.232543
359950567	-1.039769
6794502	0.293680
1263944875	-0.344119
58287227	-0.742046
338553588	-0.683723
213182436	-0.910886
46176168	0.241609
142721190	-0.129552
943501040	-0.736908
71070614	-1.312471
18317325	0.227431
1065995022	-0.881918
21941446	-0.681841
87055347	0.160638
259950795	-1.032380
506091865	-0.419324
1581759588	0.041760
547839797	-0.397969
1697235505	0.021717
932421955	-0.818809
46016028	0.089517
25768647	-1.160968
17074440	0.116353
1143929599	-0.256872
2254857197	-0.791905
631543401	-0.606208
959687432	-1.207017
97368029	-1.331159
32774989	-0.375809
415981838	-0.237061
180287231	-0.110937
472541504	-0.222620
1482327366	0.124646
454953162	-0.555812
20552026	0.656212
180895768	-0.177105
14275291	-0.009892
2324036732	0.102699
346030501	-0.348617
14135426	-0.167606
191005134	-0.779398
14389132	-1.029192
16472624	-0.886377
286363562	0.068569
163586067	-0.999021
390292636	-0.144428
991821667	0.155012
20449956	-0.429488
1693751167	-1.040028
1658254478	-0.085537
268496469	-0.186290
1497383952	-0.694840
1313165581	-1.150686
1532014123	-0.833832
139574248	-0.919377
99157266	-0.496450
83200882	-0.397903
2317860566	-1.186851
216481299	-0.887847
805777398	-0.581542
361365479	-0.650929
97171189	-0.448817
807095	0.622757
391413865	0.137084
89820928	-0.966537
246499208	-0.693425
85606078	-0.749376
435877117	-0.706411
16385104	-1.123880
24135119	-1.095111
276763538	-0.192607
207731256	-1.102614
190699396	-0.798268
1870898497	-0.106410
1104083418	-0.618497
52992670	-0.272551
27676828	-0.040632
310912778	0.036472
47056405	-1.246348
352643501	0.016935
252115520	-0.313519
47402168	-1.013271
404542591	-0.634332
594870776	-1.149522
240327228	-0.317769
263975503	0.167843
1068990122	-0.406911
261263905	-1.039267
1357427004	-1.089561
19253918	-0.685835
586032653	-0.634672
451967996	-0.469069
18793575	-0.792693
23712174	0.276504
252819642	-0.790095
195019882	-0.501664
18244206	0.064666
8953122	0.638646
33655512	0.066598
19926675	-0.253941
287861586	-0.903067
323239103	-1.191639
17439675	-0.894455
18967498	0.092044
29598035	-0.114071
796737758	-0.049805
180396181	-1.131038
305389392	-1.181162
85353299	-1.098776
1423715941	-0.574235
17282256	-0.416286
1322558402	-0.410654
430830756	-1.191513
1733849666	0.143481
449959102	-0.605166
733751245	0.051041
1558893368	-1.206184
56653367	-0.337769
39191258	-0.140688
498961346	-1.239613
300515560	-0.470658
539866149	0.110047
225988631	0.294326
78431501	-0.057945
76392970	-0.816209
248791332	0.026948
1117640744	-1.175958
118152495	-0.768972
15751083	0.637200
22262553	-0.270226
1905298878	-1.243422
1443203875	-0.151757
39308549	-0.078295
196147086	-1.254156
47891535	-0.394475
15029174	-0.245068
273795671	0.123429
237944147	0.136494
1738425180	-0.818836
758067224	-0.403073
424263083	-0.631013
456911539	-1.007747
64022803	-0.216037
262424195	-0.081873
1699808366	-0.484115
360427514	-1.124832
169472184	0.210893
293254420	-1.060613
613725908	0.350460
485264526	-1.151181
778724700	-1.005163
427024774	-1.118905
1068626984	-0.449354
148565166	0.120416
29896465	-0.036926
15281676	0.495482
20713061	0.217996
193732179	-0.448771
1043702834	-1.012180
398232779	-0.881084
1516830966	-0.616700
864768235	-1.244455
2417754469	-1.411854
356390382	-0.035421
712959254	-0.420350
180846791	-0.755041
158495061	-0.214034
64660952	-0.262348
221792092	0.218570
75785294	-0.253723
242068532	-0.709128
619479855	-0.228686
48117116	-0.121273
443681123	-0.839057
380371286	0.104522
30930019	0.099626
195955478	-0.555704
2192766368	-0.100611
30043495	0.582376
126644609	-0.974314
76651617	-0.060288
386455581	-0.984423
49316020	-0.675083
236916916	0.140339
5558312	0.323224
80473367	-0.420378
44117460	-1.093208
330001961	-1.305658
373311804	-0.330544
1849261916	0.024065
180100015	-1.070624
234822928	0.386227
269931179	0.064500
8128442	-0.266500
292935209	0.325293
572317065	-0.790685
19553409	-0.812245
242555999	-0.403714
996565820	-0.172394
886042746	-0.116633
98242752	-0.102881
28859894	0.000221
16086967	0.062452
1578519660	-0.609607
283265252	-0.359000
350930593	-0.641188
1002313952	-0.390611
2265167642	-0.023642
1076928920	-0.621952
1944510751	0.132962
22417674	-1.175951
49697450	-0.546191
31350534	-0.886003
1694503231	-0.656243
1571660059	-0.384720
161344057	-0.876071
1189735556	-1.005141
809050796	-1.059954
22819917	-0.783733
1602752804	-0.225609
14809189	0.016657
578069877	-0.651611
311165745	-1.073679
155669457	0.530902
1643415560	-0.353765
249339682	-0.119396
416686487	-0.274102
22097192	-0.279036
1927804778	-0.515781
1077121945	0.029538
33345380	-0.368142
287269659	-0.356834
1955581326	-0.188062
1860099558	-0.472318
137381495	0.147957
1408518626	-0.691227
317407076	-0.872007
1117953943	-1.243290
19726613	0.219758
1935184730	-0.058531
201877444	-0.931625
7713202	0.106141
57977498	-0.866639
87318108	-0.876496
9624742	-0.657337
19891260	0.187228
254775647	-0.148446
15116570	-0.338839
1925654095	-0.009312
17643209	-0.992660
14344823	0.312521
308664726	-0.013816
558769636	0.134036
40024874	-0.517963
198963912	0.178809
189910408	-0.914531
50839205	-0.624218
560117034	-0.535890
2363258587	-0.270300
19739126	0.684638
338883349	-1.185593
48086014	-0.806393
2282872260	-0.349839
33665393	-0.341088
205886080	0.157353
135931182	-0.920110
800162478	-0.932144
373011304	-0.788030
7270292	-0.549694
17976923	-0.424508
104797238	-0.079174
2337254448	-0.954260
97150206	-0.994932
5561412	0.735546
42760147	-0.099081
191923358	-0.705513
581141508	-0.098882
223166587	-0.397246
193614775	0.116792
28599820	0.293430
1001025787	-0.240656
972323274	-1.321163
9855382	0.474932
472632386	0.082046
2230533374	-0.056042
2704951	-0.280401
1611064304	0.027160
342601720	-0.363571
224320485	-0.826358
121620626	-0.721456
364564017	0.139825
1469735982	-0.453906
17768436	-0.659901
19543987	0.072388
1374923180	0.036470
234024969	-0.346407
16031927	-0.317970
755802794	-0.144625
29501253	0.267493
1403429444	-0.797042
1071768498	0.058521
313344689	-0.201012
2288373518	-0.765800
250188760	0.285876
891678516	-1.345516
1920276091	-1.223982
16100318	0.186537
49453870	-0.504844
10168082	0.493560
453698931	-0.590182
54598826	0.237633
165511812	-0.513131
1599284149	-0.606535
237299871	0.198412
556000874	-0.598494
156975310	-0.223373
96662959	-0.716384
15297551	-1.194043
17513304	0.475416
364415553	-0.161463
305145458	-1.272973
2366260580	-0.820967
394272456	-0.997130
237129990	-1.121782
1020058453	-0.694938
317630465	-0.747673
39793961	-0.559074
377237995	0.141076
133429379	-1.196912
64651898	-1.151877
776664410	-0.093496
235660311	0.046627
63753027	-0.753186
1977097572	0.044125
35829796	0.284377
520950046	-0.370765
1521740594	-0.075522
1061486761	0.016695
425565585	0.026714
32135704	0.378138
111635980	-0.052012
334320138	-1.042248
1262814457	-0.095049
137068935	-0.387037
237926856	-0.072809
48075643	0.175743
919804596	-0.720630
244985138	-0.147750
77418275	-1.051795
230981077	0.124573
109274506	-0.785244
14634720	-0.360011
193872188	0.224994
43955137	-1.215890
1878559962	-0.477423
2241120434	-0.723729
209833543	-0.262504
1434486529	-0.036440
254277011	-0.645776
201453157	0.015177
217137252	-0.577908
31611298	0.486496
1517363570	0.184988
51241574	-0.511244
162069635	0.294834
356291170	-0.318592
474232856	-0.375117
1931698346	-0.621691
245378929	-0.717524
159524468	-1.258321
15675138	-0.152403
1602221707	-0.956848
27088314	-0.744249
2256726992	-0.064414
248852820	-0.914895
108671959	0.072664
136471166	-0.067831
21220931	-0.221804
233238234	-0.247201
557671006	-0.241500
1060860422	-0.783534
2178681566	0.119092
1535579558	-0.092698
22731105	-0.484635
260760840	-0.623496
72405094	-0.859508
18161620	-0.715677
338811841	0.192640
1385690448	-1.190422
1898897300	-0.514147
621293247	0.177164
128235400	-0.740164
217912727	-0.068387
531481241	-1.105778
1399903849	-1.072047
114887629	-0.785939
5392522	0.469458
269908647	0.152792
339814337	0.003761
326208966	-1.029373
2162136865	-0.311028
80403646	-1.156575
131036750	-0.175872
53643803	-0.921657
30216513	0.386361
860154126	-0.540407
19512725	-1.163998
405034710	0.083415
16517357	-0.648265
85916265	-0.527827
1337252017	-1.017138
397430607	-0.152598
15727317	0.127411
15159913	-0.162348
275098108	-1.036486
38500956	-0.237864
122770149	-0.348663
600991865	-1.068312
5496932	-0.452160
49649077	-0.735653
1627252382	-0.092522
260396714	-0.192397
37461389	0.316341
1279783315	-1.152555
19808819	-0.676379
1305465990	-0.996577
474451843	-0.791841
220580561	-1.238391
16102244	0.266730
71328021	-0.199972
122146840	-0.611007
1827782569	-0.004918
15954997	-0.259233
754277773	0.065671
1920537577	-0.804788
21419440	-0.944419
381666107	-0.157976
25915690	-0.885956
17301179	0.035236
19286569	-0.937939
1060487274	0.470697
582475251	0.074375
14984637	-0.117121
19257799	0.060063
138770045	-0.321069
407744769	-1.117526
57860368	-0.885304
16129920	0.439283
23121519	0.348009
24392175	-0.045282
15417358	-0.651947
240363117	0.461872
1140648348	-0.452634
167699332	0.132317
1911335244	-0.805542
1719880621	-1.018906
74164455	-0.941466
151200240	-0.135323
22946355	-0.072267
833990756	-0.720758
3108351	0.623785
234469322	-0.090692
1693373094	-0.105876
351109901	-0.651923
247420668	-0.457580
538646538	0.039592
16583468	-0.299421
14763834	-1.010314
382791093	-0.090897
322794665	-0.106415
271985168	-0.396785
21636248	-0.788451
555593757	-0.092240
61250271	-0.642133
207317790	-0.512642
575766234	0.005757
1002244244	-0.665651
84984380	-0.811839
1550794628	-1.198497
958081542	-0.563657
95978223	-0.168264
1305596696	0.172092
15922214	0.587227
15522251	-1.273657
978690895	-0.735351
62090497	-0.219834
791002021	0.081842
2196576859	-1.103452
34122899	-0.079789
200400227	-0.079751
23789790	-0.997986
121990777	-1.209731
1469446608	-0.724434
2178860358	-1.035119
470126084	-0.428231
615953866	-0.458401
15745368	0.752797
42734224	-0.493649
1503451620	0.090660
193794406	-0.280497
538185166	-0.722987
324171587	0.015779
1463325120	-1.095422
15918708	0.598508
188194323	0.043885
135653370	-0.661038
34402366	-0.918924
24463788	-0.031643
2284159548	-0.370166
34932854	-0.501786
48587305	-0.398713
302382660	-0.263017
199286398	-0.635876
1462723416	-0.959253
359032147	-0.379373
400792588	-0.943124
572061403	-0.822109
247066289	0.096429
930234066	-0.365162
34966987	-0.220938
2330410284	-0.712803
38067927	-0.011750
158398519	-0.417482
325804079	0.002045
18873711	-0.975666
78403308	0.115952
568151409	-0.629307
2311117897	-0.382302
110545675	0.771873
24795163	-0.892794
454060961	-0.779366
357253772	-1.061320
19028248	-0.589000
74895491	-0.042314
801084110	-0.945734
16187637	-1.045760
1365881617	-0.798943
628018533	-0.264878
98017737	-0.234558
845711293	0.187553
593840334	-0.868316
1380763326	-1.185589
193978839	-0.370303
115166212	-1.209988
1009269193	0.168801
2253990607	0.005229
105823136	-0.092084
287225290	-1.043727
137407124	0.045710
426694458	-0.379495
245905555	-0.146711
1545715382	0.047218
20078009	-0.152943
18060177	-0.103963
28969421	-1.109443
145292853	-0.230845
92055121	-1.214854
46263050	-0.776205
1736053987	-0.830298
2238098360	0.063067
11379362	-0.872401
240760644	-0.361669
301416337	-1.136767
965142457	0.318556
1374780043	-0.573186
24260994	-0.255736
265529710	-0.988152
448077090	-0.387134
1157424444	-0.767119
218206502	-0.351625
25162697	0.091959
1350864440	-1.232466
204905640	0.034797
71036272	-1.117608
19658173	-0.173555
15008539	-1.007053
124335509	0.193899
66774077	-0.327618
770554297	-0.863322
1671690367	-0.097016
36654245	-0.167847
2250858631	-0.035764
15985455	-0.331703
1396846357	-0.667889
385188446	-0.130420
1055730738	0.131728
716984711	-0.167526
38039087	-0.567160
248252582	-1.020160
163570705	0.573948
191728014	-0.315216
299802435	0.122950
468601121	-0.428889
740417436	-1.110883
15856366	0.597290
1665514478	-1.083765
11650762	-0.452329
270017791	0.021068
31128529	-0.606704
27385174	-0.341204
393585626	-0.524310
296361085	-0.110264
293131808	0.243316
976579933	-1.054853
228784853	-0.458339
332040130	0.077509
309267226	-0.301983
41750998	-0.618188
68917738	-0.021424
1874140452	0.016213
159609651	-0.689700
458393298	-0.399894
403353373	-0.590148
249674727	0.306053
2286252732	-1.107943
1080844782	0.531048
1372288434	0.061373
255876732	-0.754241
49541291	-0.704969
784971582	-0.773718
22527499	0.666388
21693764	-0.444050
16473577	0.493816
159977219	0.083914
140519774	0.570230
27633572	-0.011434
31122582	-0.774221
32506723	0.439981
1655680988	-0.156784
2245220154	0.053746
15075753	-0.036610
588237779	-0.764884
1468203217	-0.391190
188019606	-0.340355
242836537	-0.107905
193632778	-0.606082
19865528	-0.683028
351149827	-0.495961
18166778	0.145333
303861808	-0.330099
343830557	-0.577864
17353658	-0.158053
1541893820	-1.304173
195271137	-0.736737
362597648	-0.692820
249219490	-0.426384
26122639	-0.404296
46557945	-0.614795
398269985	0.107449
48263046	-0.409481
1128514404	-0.455300
1262936000	-0.976318
537063930	-0.229276
305620929	-0.766787
15012486	0.357769
156300451	-0.153947
305216911	-0.517368
757372008	-0.445038
32393576	-0.980453
1711193490	-0.706925
19151741	-0.872709
16814879	-0.827699
27705441	0.098161
385288144	-0.923465
235251868	-0.201511
431990191	-0.040795
236118432	0.092866
91032815	-0.888587
2367536538	-0.244384
452004245	-0.422635
135297032	-0.547071
166536928	-0.566350
1476337592	-1.047715
32379396	-0.348406
589425352	-0.432021
633855519	-0.565577
17800215	0.015946
235312723	0.489618
123934875	-0.860151
983813816	-0.931434
359133002	-0.397481
246769138	0.622366
602997805	-0.762055
30619527	-0.656710
2203931420	-0.232543
126980084	-0.319216
222721984	-0.176322
167507135	-0.154379
459446627	-0.814305
284744912	-0.886295
59771400	0.120670
1096059529	-0.135350
1385871187	0.057988
1022263688	-1.164069
271958454	0.160868
1540360435	-0.007366
765038167	0.267818
16803651	0.026995
18029328	-1.146860
2361531690	-0.953501
60984835	-0.536237
112236901	-0.334881
404226735	-0.970194
1911879768	-0.553596
50452197	-0.008154
55896443	-0.212526
159292313	-0.289770
1883356866	-0.185672
314761332	0.074017
26607712	-0.396134
21786287	0.009741
15356407	0.346811
2739461	-0.219717
161743731	0.637124
270182385	-0.977497
349379430	-1.324813
57751453	-0.499258
1265207760	-0.904527
27886115	-0.781590
16441318	-1.294785
96800896	-1.408561
23976316	0.618862
21762137	-0.074447
350927143	-1.142340
539485640	-0.103048
407323365	0.140639
275725571	0.104180
77308668	-0.665443
30095477	-0.013999
330650569	-0.891514
108083058	-0.542197
1644805254	-0.410739
7356562	0.424986
2305315345	-0.569292
360804642	-0.125340
919927722	0.071221
15207668	-0.152359
1214475872	0.213608
44478497	0.214563
16099657	-0.165988
857748156	-0.120624
1678290240	-0.183233
76381104	-0.852244
407039290	-0.906492
344109654	0.089831
15035209	-0.589912
254805061	-0.059224
9300262	0.250800
242426145	-0.051043
1902563203	-0.926935
1909542326	-1.096285
185684821	0.086023
21157904	0.747212
253100055	0.164543
396794501	-1.089025
30050899	-0.291094
47736933	-0.837081
209792690	0.374460
11134252	0.482937
480056408	-0.486138
14125897	-0.177801
1075843532	-0.065717
174847410	-0.327572
1173237842	-1.255518
610415617	0.084364
30823752	-0.007738
14597351	-0.937442
316819997	-0.381697
32007346	-0.077852
356881780	-0.971555
323511585	-0.324278
43108099	-0.103780
49675523	0.000218
299883942	-0.058445
1214026033	-1.232155
293459696	-1.248218
793992	-0.715684
2236741645	-0.535936
16469463	-0.647804
1462357878	-0.574323
1852444146	-0.914328
288295387	-0.908202
63502107	-0.159967
323863880	-0.637211
93723445	-0.258670
85418520	-0.139506
405134921	-1.255263
2301967142	-1.004758
148041415	-0.367534
284296658	0.090459
1898624934	0.093319
1444380402	-0.234180
554109268	-0.624006
2297176518	-1.267625
1071900114	-0.024061
254189414	-0.034703
469674025	-0.673301
1422126799	0.164148
327798242	-1.013156
80958505	-1.060024
393603441	-0.205126
181101417	-0.926423
52989817	-0.493095
818586175	-0.251081
2277763242	-0.013017
31120881	-1.129392
1025653922	-0.713957
54686639	-0.747793
185049728	0.162348
530864692	-0.254837
44195577	-0.442755
281162551	-0.955396
954172328	-1.381491
34850480	-1.316289
17750110	-0.477829
38036372	-0.473727
48115928	0.511702
514929629	-0.224487
251656840	-0.754225
14173315	-0.533761
1884324084	0.022439
281540744	-0.115884
18891923	-0.192689
257658885	-0.877730
1246366651	-1.128278
330938673	-0.932093
1059240924	-0.095096
194536303	-1.229612
1339931490	-0.167615
518644221	-0.735116
431266828	0.003903
432092458	-0.998024
234022257	0.318560
47747074	-0.398573
73925960	-0.758361
450108691	0.050630
278124059	-0.476845
473199911	-0.305026
196619213	-0.188927
227036687	-0.862880
1630446259	0.124597
16669075	-0.056818
75843152	-0.514170
1510065122	-0.246812
392998644	-0.560444
78130610	-1.241290
2203399435	-0.971085
1906353372	-0.918935
56763589	0.067610
116534252	-0.782026
15324851	-0.692647
209598477	-0.436810
244526889	-0.656216
1488969002	-1.287143
232992031	0.072262
15394954	0.390403
18805303	0.536165
224285242	-0.044616
883557414	-0.291550
43050282	-0.079541
18548136	0.231408
267938462	-0.082428
585206397	-0.189053
291676686	-0.153866
1939381628	-0.607736
309605202	-0.269953
77017567	-0.812602
779118265	-1.172920
751212379	-0.399270
245136682	-0.201554
115488968	-0.762676
2253968388	-0.319945
1075666608	-0.247739
555473643	-0.992692
51267980	-0.259867
176646411	-1.082210
728565668	0.017981
487067075	-0.172805
16054728	-0.133997
1055362014	-1.174999
47412499	0.244583
337122716	0.100015
870670477	-1.168427
1572830660	-1.241789
391814356	-0.723113
13218102	0.700261
1418013151	-0.175230
71294756	-0.459714
5660532	-0.008442
398165004	-0.640548
516642662	-0.226210
14587949	-0.271324
17992453	0.014022
485842327	-0.476705
2234105580	-0.114492
19929362	0.463229
151589736	-1.148972
45151382	-1.273770
381152398	-0.594329
21950364	-1.251742
326043489	-0.179420
233724961	-0.443644
462033343	0.143030
186506052	-0.897598
75347500	-1.107307
449795350	-1.222133
701303623	-0.870152
1439879557	0.168814
246341769	-0.198229
186291444	-1.164012
378738565	-1.223490
219429281	-0.004321
1932363210	-0.029092
308276891	-0.434757
1580451673	-0.333395
74302172	-1.208175
360893245	-0.984072
1375646822	-1.111950
237312687	0.385597
119162694	-0.897151
21619519	-0.522246
490535112	-1.303043
224297637	-0.967114
1497534576	0.016072
14308987	-0.170128
345261756	-0.434566
1255785854	-0.806281
18216752	0.552056
2184765932	0.123282
1525086182	-0.592466
56538228	-0.172189
95166404	-0.810801
342945847	-0.987996
630802892	-0.023573
15350894	-0.327054
19616327	-0.418083
390522985	-0.192179
2287788476	-0.027545
624186253	0.111867
621500066	0.130329
24300215	0.176346
1624698122	-0.987337
236479311	-0.425488
594060392	-0.259041
1072453910	0.270034
538086333	-0.764651
342780479	-0.822859
178419778	0.159836
280206584	-0.335271
345555778	-0.871023
1125409915	-1.319161
93936388	-0.733639
234014087	0.260318
473401390	-0.077985
993153006	0.660390
19139963	0.119083
41464356	-0.338968
506033683	-0.202976
590696606	-1.056955
1652541	0.212776
235217558	0.298797
425489816	0.067857
235591153	-0.456211
22903983	-1.066102
344033052	-0.043602
946114207	-0.725031
770448248	-0.679973
19407835	-0.169153
26778110	-0.225696
1327675195	-1.180054
169588591	-1.222465
78673043	-0.185584
15496979	0.184802
801523267	-0.725193
45340027	-0.058166
399432469	-0.424700
125397444	-0.913100
72198806	0.239265
197307435	-0.108981
1134292500	0.186769
20563979	-0.897824
164707575	-0.134982
14617444	-0.843974
263414131	-1.199818
31006603	-0.912442
201079432	0.215237
1149312193	-1.353783
117974827	-0.117379
89814216	-0.470199
238861711	-0.676108
253149069	0.193151
34666990	0.076388
555845120	-0.102054
80111837	0.236083
1406277577	-0.142408
529973619	-0.236096
950328072	-0.978967
153944899	0.002023
1335517206	0.134137
242376736	-0.421956
584351142	-0.133397
1183865954	0.097394
368977925	-0.676528
75398827	-0.858921
224294785	0.295929
173363468	-0.160255
388958868	-1.255092
133864713	-0.555379
91179070	0.150548
289530036	-0.986105
143889472	-0.902017
51284800	-0.632239
233601235	0.062976
250710495	-0.133228
15434632	-0.512640
36183582	-0.209565
441425863	-1.350837
221614578	-0.765455
439596778	-0.277215
20841089	-0.049426
575385464	-0.386548
40526985	-0.852093
248850174	0.733035
37920978	0.726349
15939889	0.515757
1490306108	-1.205703
433079096	0.160329
463132556	0.138030
2312281051	-1.037419
1458461443	-0.644385
19877680	-0.263066
377773483	-0.021526
180142423	-0.167850
13067732	-0.451159
38787045	-0.622767
1143060714	-0.833177
452413225	-0.230471
18043103	-0.118442
1282568923	-0.338506
339172700	-0.372815
112604826	-1.187295
1229226714	-0.352073
249834165	-0.488026
2305350474	-1.048045
2377621136	-0.071676
18289929	-0.704241
366228554	0.129822
24742936	-0.001016
85634199	-0.895338
93288759	-0.490673
1051127714	-0.554763
197290856	-1.062919
20071932	0.217750
48807726	-0.777875
486380694	-0.948164
168666357	0.073408
215909539	-1.314437
168673083	0.608228
47632905	-0.344052
1069918782	-0.717183
28252475	0.032231
1123683068	0.215952
2314336918	-0.310254
84129740	0.665182
229197216	-0.739487
247850985	-0.267618
2369496272	-1.051125
85970738	0.101343
15715842	-0.247061
153919023	0.390300
499978095	-0.711386
1365631760	-1.115026
389759292	0.338449
38465240	-0.433595
1512666349	-0.248200
1656055824	-0.335915
1662929678	-0.829717
117197307	-0.514825
991357832	-0.262357
34438002	-1.134544
104631905	-1.082977
1262623074	0.133584
132278386	-0.190888
15948219	-0.860074
1011705054	-0.307141
251728316	0.074893
20495104	-0.179134
612716532	0.070207
110050273	-0.326192
113214730	0.178268
237770636	-0.436775
247596046	0.120790
62543872	-0.108692
123282266	0.133652
133439172	0.482001
1037084538	0.040976
111632324	-0.190419
534405915	-1.049744
276197098	0.134528
77664666	-0.711914
1394549060	-0.912625
2199888721	-1.120589
225921757	0.138133
91744236	-1.409255
428333	0.295676
85634177	-0.808780
255829884	-0.013566
1328123624	-1.081489
325717986	-0.420323
266830495	-0.401818
611834439	-1.136922
960696949	0.345321
15572155	0.099405
433791263	-0.574191
1636291356	-0.603527
19912734	-0.243451
337932925	0.067795
543822491	-0.973384
49634881	-1.196727
468930111	-0.801740
620298978	-0.488082
349947276	-0.161719
60638933	0.210049
282775291	-0.473603
26677801	-0.430259
23035691	-0.352152
534599939	-0.335241
195042501	-0.834449
50325797	0.439494
65453528	-0.616188
2321775476	-1.304978
229592356	0.513855
1071764281	-0.004124
2340967118	-0.461597
1223102983	-0.200782
122719755	-0.078733
124196924	-0.200252
17525171	0.138839
52503751	-0.335884
76452765	0.228579
1634852712	-1.216109
1172636797	-1.222257
33977070	0.528022
21048033	-0.888039
217543151	0.210372
1726999796	-0.239022
401955731	-0.528689
948491592	-1.250494
267583652	-1.229923
225242868	-0.720778
487906127	-0.992108
286898862	-1.149929
605098090	-0.686949
1071102246	-0.092811
1075551668	-0.815669
1441675236	0.012464
206428391	-0.931457
325298865	-1.218695
1626115357	-0.906040
600737301	-0.658596
43476440	-0.283576
1061385474	0.641580
362052555	-0.705092
281509650	0.009665
1228818295	-0.237483
516131688	-0.020630
1222257180	-0.555635
158205177	-1.199124
28889556	-0.868085
248004920	-0.775322
23632545	-1.139305
1023236538	-0.501004
24737755	-0.380547
41406567	-1.033842
117197740	-0.596388
69715433	-0.076327
74198348	0.370098
463606038	-0.367373
1061006802	-0.553128
575749942	-0.101424
115754120	-1.097387
15448332	-0.066120
1131203611	-0.673247
298059168	-0.146661
610325685	0.000383
241207373	0.207444
1332628436	-0.595569
1925656796	-0.686794
211254250	-0.916749
851120473	-1.340306
108619944	-0.914928
95070642	-0.163356
450708486	0.143183
257170128	-0.994547
154648736	-0.211063
442824717	0.421272
1571215884	-0.597782
308563367	-0.999399
1440997712	-1.060973
19793648	-0.949523
1536065244	-0.815472
122207745	-0.521899
362654346	-1.014980
78369108	0.249728
14859559	-1.185081
318464838	0.077386
425527664	-0.894960
286034058	-0.686122
1552818054	-0.809729
37766935	-0.429992
266772387	-0.616382
986188543	-0.723339
1372431026	-0.803659
282233418	-0.905165
308748838	0.091983
256178459	-0.858937
70156027	-0.592039
407584834	-0.398600
633131271	-0.827942
1072382221	-0.002631
1437466362	-0.325379
373883896	-0.179513
1901113928	-0.123088
1484301392	-0.916937
799658150	-0.676708
1198766904	-0.433764
785414496	-0.452681
84677520	0.022873
1797991	0.292275
608182396	-0.263025
170767454	-0.605281
15361570	0.527188
9508922	-0.148562
376477453	-0.328247
190160433	-0.178127
373326597	-0.935729
122212010	-0.714448
44127294	-0.900707
22797378	-0.570642
1592481150	0.217814
233842454	-0.311277
265155317	-0.655307
564225302	-1.241474
2358445766	-1.018054
127894579	-1.189509
30313925	-0.173265
1058717720	0.455267
20641972	-0.383369
1877628114	-0.615804
1412998502	0.076255
40466049	0.112936
1008962922	0.313835
13383292	-0.339189
100330676	-0.393174
330583779	-0.377195
5692662	-0.100166
1494474121	-0.337066
566631178	-0.568041
237781383	0.524296
2251095308	-0.544584
975200486	-1.006848
16712666	0.078827
1656884071	-1.171068
1355831521	-0.119595
279634424	-0.253981
29610442	-0.407252
8542882	-0.119164
18724011	-0.606430
237348797	0.535105
248699486	0.292211
633825457	-0.136557
29929730	-0.707167
18916432	-0.079615
19518515	-0.147854
52537790	0.066963
455041792	-1.015997
253016264	-0.218180
116518445	-0.214614
533702418	-0.500216
29710286	-0.608841
26976860	-0.635237
25086658	-0.030405
1969641703	-0.424518
189236855	-0.127510
23536035	-1.261470
617382180	-0.626373
2281176661	0.187807
1917347892	-0.378026
1305481388	0.091462
761840588	-0.550472
16560935	-0.149680
180032621	-0.048115
294965312	-1.153323
380001296	-0.701027
398990591	-0.845894
133448248	-0.806355
1608892718	-1.067580
409799018	-0.968609
1622931326	-0.445616
36126319	-0.437669
156075520	-0.970686
5031151	-0.689382
340296149	-0.986362
378096410	0.163431
242993672	0.082343
