14412533	-2.094060
2163623972	-4.405514
249222850	-6.522424
1281503318	-4.882993
387984038	-6.010163
1206306506	-4.510389
57931553	-4.549624
2258783241	-6.545015
63160932	-5.282417
25198840	-5.208032
15289825	-4.957625
1452476780	-4.792923
1086619808	-5.738109
1623308912	-5.005997
2194801027	-6.565982
20467163	-0.101226
19824430	-4.587513
1739650556	-5.442789
59558161	-5.939150
1444015610	-4.595890
804861259	-5.821449
252254916	-5.297133
40057701	-3.424919
2375722164	-4.779471
451032276	-6.048125
1120298527	-4.670619
16860684	-4.986277
187414539	-4.768410
479674626	-6.095780
19394188	0.780491
1155335864	-3.425395
20635633	-5.683737
248718904	-0.274445
252644673	-5.270611
534680801	-6.516485
932446728	-4.544658
235373000	-2.173779
1377700518	-5.773115
437741704	-4.394608
414516629	-5.017413
46807181	-4.992798
1691930744	-5.639516
153694167	-5.002174
16705010	-5.725386
22509598	-4.978295
31054788	-6.042977
1545781357	-5.484153
5990782	-4.545218
239949176	-1.976013
174879603	-5.526881
547778460	-5.006379
15993122	-5.769138
44209472	-1.987123
17811916	-5.886537
37131103	-6.132501
83932732	-4.125226
22006412	-5.252343
132201224	-1.547463
1647266078	-5.481605
126632552	-6.509929
16789970	0.264564
1183998762	-5.601340
317216233	-4.548069
354493762	-5.767322
24773493	1.017093
119899270	-5.338494
414774285	-4.611843
1252129242	-5.277172
295868971	-4.986292
19186003	-4.998384
564908956	-4.245412
528484792	-4.666394
2291373043	-6.276541
2260662498	-6.504789
40523440	-4.553239
471606410	-4.924262
25668918	-4.211120
320787415	-6.103393
383393464	-4.455393
463890972	-6.348695
48366585	-6.194863
239584537	-5.205744
1357793240	-5.422679
51535196	-4.482592
22930392	-5.390970
35137957	-6.411462
199317006	-5.848539
197628846	-6.048939
223360975	-5.156595
29157809	-6.210574
776063954	-5.947726
277107570	-6.312461
873631776	-4.885754
18943752	-6.454311
492616846	-5.706661
75927706	-4.932468
1334517175	-5.775302
29205600	-4.799794
182815759	-6.433385
54412900	-1.563491
860696202	-5.282857
171813900	-6.225146
19312039	-5.521564
1009921273	-5.758128
717888988	-6.252250
536281139	-4.340406
474326839	-6.141032
237763317	0.688279
164732631	-6.229217
18890707	-4.212823
18696134	0.001701
217454584	-4.915883
25168293	-6.149113
13491312	-0.620163
311789873	-5.889554
467801778	-6.275898
216881337	0.539533
35998429	-6.218579
16256269	0.321100
1226281657	-4.538637
47127416	-5.595301
598384016	-4.479941
456986241	-6.085784
9532402	-0.614804
26459660	-6.109848
35060071	-5.843657
424122984	-4.913190
164007407	-2.732283
1127447660	-5.762627
728708694	-4.613685
40367637	-6.425173
1367531	-0.448698
89657363	-4.357345
10375552	-5.862791
28480805	-4.727039
1328434170	-6.156808
1055907624	-4.357210
28856628	-4.568701
1915916724	-5.109721
708309848	-6.387413
108052620	-5.668759
11348282	-1.185454
104615577	-5.251910
15697940	-4.276421
1925127612	-4.995970
1222580420	-4.852025
254310640	-4.519273
201791908	-4.611989
1189780298	-5.084330
502184923	-6.023105
25124372	-5.523206
2237923975	-6.446828
18909919	-2.026697
384913290	-3.609158
177028305	-6.100209
266133081	0.052005
249348006	-0.751529
96386080	-4.680984
66369181	-3.029006
277008614	-6.581788
254859330	-5.890644
237460752	-5.862557
2360123726	-5.898951
343588320	-5.654631
22113371	-5.101000
2221362486	-4.490354
1025521	-5.280203
79729138	-4.858867
1060984272	-1.046911
358606388	-5.654349
23220731	-5.125699
325691585	-5.587948
1408162200	-6.278767
274824692	-5.252462
186299824	-6.220479
612117635	-1.567316
35762860	-4.548712
19216998	-5.613749
409522947	-5.517280
112765894	-5.756374
3135241	-1.360126
280346878	-6.058302
220208804	-5.744473
116141817	-6.390934
611886875	-5.615410
73303753	0.760126
25226477	-6.251312
331678866	-4.395936
261918703	-4.581040
561628839	-6.297795
47544979	-5.784209
790097610	-5.542461
1718400349	-5.990020
15092872	-5.921083
1676771268	-6.246427
28785486	-1.583569
183637495	-5.654224
521926535	-5.810986
124062781	-6.581883
241771567	-6.223889
31210583	-5.039341
379378754	-5.568992
576268700	-6.235008
163209579	-4.199287
1066076640	-5.938483
93189203	-4.498532
939091	-2.985407
254557147	-6.118120
63506775	-6.047222
240839950	-4.224749
172662933	-5.539256
618586017	-4.137876
85616770	-5.336996
1091456496	-5.701487
267889663	-4.865670
160647819	-4.456289
510516465	-4.067330
18678924	-1.003075
35081819	-5.801664
15980436	-5.804532
20618764	-5.059203
1689821791	-6.216557
356199275	-5.118284
2205359364	-5.080859
211420609	0.794658
21631487	-5.481970
722800129	-5.047946
547174027	-5.121173
116748080	-5.787580
1057859527	-0.722917
27136225	-6.428379
269893425	-5.973904
1921776680	-4.439360
2196548623	-4.465745
124224165	0.416810
519728645	-4.654932
25214807	-5.143548
85898279	-6.378536
961520071	-5.743572
310608280	-4.358686
558895964	-5.608158
72831557	-4.606568
622198206	-6.260169
1027156464	-4.292631
18294521	-4.093362
1725039222	-6.055473
222320264	-4.746514
251408532	-5.073219
1542493423	-4.417054
543154345	-6.545941
259834782	-6.329350
21873714	-5.866826
108376246	-0.952409
16614802	-6.116469
371887563	-6.118415
1090002997	-1.641188
93552029	-5.117787
17111550	-5.819073
372503594	-6.532977
20015903	0.546137
934933188	-6.013825
332340557	-5.069080
944917346	-3.536164
2370786962	-5.291774
78941245	-4.945301
103727818	-4.377584
351266014	-5.096724
1607546875	-6.058797
99949940	-5.681675
1713542732	-5.643771
237600102	-6.057652
72129678	-5.038186
180389279	-5.775612
2179040628	-6.557172
517911880	-4.823246
2310494503	-6.440622
2293131060	-4.135463
218357036	-6.247058
558831200	-4.783865
402190452	-5.622165
97239626	-5.301015
11883722	-4.983924
394303189	-5.802545
110420252	-5.268553
61842393	-3.719396
357580948	-5.848378
1496512904	-5.169029
425889480	-4.300413
168830539	-6.210522
15710384	-5.428650
23109966	-6.505803
34773320	-6.402341
1469869638	-4.358371
198323147	-5.527668
29584150	-6.438635
322781751	-6.087607
976969338	-2.652977
748531489	-5.071374
886946899	-4.583857
397584127	-6.371598
234057152	-0.433422
26083271	-2.961727
26144769	-6.215595
287811065	-4.660455
52763281	-5.184221
27048645	-5.072642
28336822	-6.389453
131791939	-5.693929
81919296	-4.260996
306001688	-4.780223
125984383	-6.057602
1262557194	-6.365070
506462653	-5.840173
85396297	-1.758183
233557728	-4.353604
252819323	-1.023280
238314303	-6.243015
296068607	-4.938160
1058807868	-1.343343
49986081	-4.225345
14081659	-4.291095
452700445	-6.029968
207116000	-5.229358
1356966632	-6.279882
49171436	-4.790352
855057596	-6.133190
1340326969	-5.837601
598123678	-6.498584
966442267	-0.632342
326210627	-5.940986
108617810	-2.227657
221508042	-5.565512
39322371	-5.323598
31285825	-4.469972
97298155	-5.926881
98910693	-4.937759
1912048351	-5.756226
547416793	-5.957360
868637460	-5.937367
189904289	-5.630919
584012853	-3.308089
176134825	-5.112781
606101503	-5.027224
1469528666	-5.266637
543635294	-4.735572
360436349	-5.948066
481000411	-5.458797
326196796	-5.160408
1120550322	-4.829486
192441406	-5.209905
272542662	-3.008485
904655414	-5.272075
1060370282	-0.332697
121469977	-5.747618
73931897	-5.488567
46004597	-5.960497
1447399590	-5.184083
1201824876	-6.018022
359222643	-6.000645
384111224	-5.526045
80958602	-5.999113
1658898042	-4.494050
439049326	-4.733269
195193469	-4.611959
209787354	-5.887797
362688424	-4.530279
432676344	-2.344809
55581437	-5.627053
147487756	-6.514621
11856892	-1.777649
108689270	-4.418866
97931967	-4.247070
1644734071	-4.627273
198526130	-0.430608
475294870	-4.889401
399170640	-6.084460
76163900	-5.134485
998576058	-5.660672
430292078	-5.232283
823801824	-5.557041
1974399272	-6.070270
402719755	-2.019683
456032135	-4.663325
743694942	-5.832306
51943611	-5.093142
1350118422	-6.088771
30864583	-2.596190
39510422	-3.553407
353834752	-5.633947
2260579802	-5.974139
15392139	-4.809937
26977568	-4.825530
47892311	-5.974888
20517132	-4.955037
324403737	-4.458389
42913132	-5.027663
573495038	-6.467028
208692908	-1.657160
425286290	-6.349839
452344217	-6.335146
220249920	-5.144744
267854863	-3.425204
582875320	-6.001120
791967744	-4.567805
1548079500	-5.153438
288963206	-4.736500
239964750	-5.949132
2314375189	-4.287453
1729693597	-5.323431
89193992	-4.076467
1083448909	-1.844945
963480595	0.012826
221528389	-5.170214
1058460818	-3.831482
26637348	-4.041622
5988062	-2.327991
221162525	-0.060510
1964821772	-5.762804
278145569	0.259650
387225200	-5.515994
435983624	-5.666044
17005219	-5.858646
90518536	-5.993870
17633159	-5.988366
1355805258	-5.682664
14579415	-4.790944
267339368	-4.973600
75578498	-5.088164
717905080	-4.587675
24183358	-1.757775
2318080736	-4.625361
1405337395	-4.404893
73833569	-5.347336
1646054551	-5.350132
245451804	-4.156439
887385018	-5.603622
15987296	-3.379417
54446722	-6.341059
467787311	-4.404591
78387677	-4.627468
1138688364	-5.467936
224391627	-2.302464
318095351	-6.501614
44177383	-0.944130
178229698	-5.578440
36117128	-4.593428
240812994	-0.588630
1080509366	-1.757014
1480654033	-6.069453
22242298	-6.067767
171693939	-5.922578
285737815	-6.585110
1055685948	-1.481888
25956294	-4.591578
1058051748	-1.877134
1092248911	-4.765296
18205674	-6.237813
245419752	-5.985048
7597712	-4.372795
418078050	-4.469409
472587512	-6.172717
379815077	-5.040674
516880804	-2.868268
14764240	-5.981617
115733549	-0.478559
1674501806	-4.280591
1058917562	-1.381583
16348437	0.311422
277363853	-5.489408
260807192	-6.101094
20245031	-4.112086
337785530	-6.223694
333663029	-4.925814
65433355	-5.648388
28423263	-2.837605
2312501226	-5.227902
585441089	-5.305992
126171100	-1.061634
349979682	-6.586725
841342315	-5.966267
525736608	-6.127592
557050706	-6.373738
334965470	-5.377504
249814580	-5.051358
274255909	-4.902708
310347243	-5.949774
1730532331	-4.829996
867444085	-6.202712
297498647	-5.512781
85476251	-5.437140
154699063	-6.224058
93761782	0.084957
1090009730	-5.517371
360080772	-6.217651
16631939	-5.358866
376064104	-6.330515
619964159	-4.462541
20468251	-5.758149
26513860	-4.377537
168502762	-2.354345
258900199	-3.213034
488297851	-5.016760
21269970	0.741650
24735461	0.959926
384538886	-5.370381
376946273	-4.697570
1331884178	-4.366950
377534571	-1.208043
2227361208	-5.988074
17544524	-1.036818
24298528	-6.182801
37982748	-4.404975
195790079	-5.590159
411765271	-6.083695
254032655	-5.523869
995193054	-1.349671
175131510	-5.923606
2412155161	-5.339506
1691191704	-6.083807
21797269	-4.904143
1228070911	-4.798494
123999551	-4.824741
7402662	-0.290748
2268031692	-4.579062
703301119	-5.340423
2385644521	-4.685542
190328374	-0.548872
240385577	-1.553319
18732816	-6.158656
976404032	-4.891983
613404995	-6.025581
239871673	0.854747
1897447471	-6.253378
55677432	-1.704619
22545491	-0.539871
156212602	-5.303336
305818200	-6.483952
2205545306	-4.745460
234837632	0.607652
18822612	-4.767981
345491974	-4.757143
2308777399	-6.482854
18030431	-0.808924
2207375216	-5.206859
70799357	-4.445510
148021006	-5.504360
23578274	-4.856078
296925880	-4.301038
903320070	-4.504468
15639642	-5.381774
161329769	-4.673065
22055226	0.085984
213634439	0.851445
8162322	-5.353434
1564956584	-5.428306
22509548	1.201989
14129299	-4.240470
34238458	-4.831842
511079500	-4.283234
377591325	-5.000536
2252607128	-4.293453
1015802058	-4.690797
756285384	-5.545313
264494662	-6.260734
90490354	-4.263413
14774189	-5.017783
34069014	-4.231320
1222684418	-5.432969
25755336	-5.482538
240840748	-4.712307
15160884	1.008316
472263579	-5.168921
7900962	-5.379851
27302870	-5.841393
1074101017	-1.637082
22028039	-4.258047
214209081	-5.964644
1601370486	-4.312855
2191060944	-4.809117
199510192	-5.271339
968650362	-1.133422
22523087	-0.658164
753647880	-6.155735
408105171	-6.474342
404132211	-0.410989
176896268	-6.151651
114756202	-3.684212
47468096	-5.724803
1431823160	-4.317117
40750860	-5.683997
358302508	-4.989483
347395654	-5.917694
65146567	-3.172382
31744825	-5.828478
136682183	-4.976554
33530012	-1.462311
2322307531	-4.239692
546176922	-5.399868
237019973	-5.805149
1031845399	-5.238731
346813911	-4.797445
189986982	-6.331550
777390745	-5.563860
59704563	-6.285054
234053893	0.794693
41445718	-3.318486
19670455	-5.919506
1132232611	-6.515938
194720228	0.125330
308852834	-5.324266
21144715	-5.964288
376527578	-5.195373
22669526	-0.539791
794546882	-6.335339
26818986	-6.051227
19576571	-4.458107
615537104	-6.394997
2352119654	-6.227605
21542518	-4.350017
494114249	-5.951552
1117326481	-4.296318
14354562	-4.123848
1023294366	-4.532604
336699225	-6.409825
360338075	-5.273876
265639238	-5.084093
402029058	-0.825714
535181994	-6.103404
18170310	0.630701
1068470480	-1.762196
109355585	-5.632024
1510311302	-4.681109
372315769	-5.397611
21333396	-4.636500
616965232	-4.747210
1516670166	-6.555023
233601728	-4.762476
114299101	-5.771381
61046743	-6.017115
177974542	-5.115359
300013543	-5.767505
254226686	-5.084525
14857525	-4.031038
237853147	-6.515573
300430043	-4.836140
121171657	-6.452355
37836873	-4.358582
187108150	-4.815872
36738199	-6.053153
1710292866	-5.635204
248735463	-1.701900
40954486	-0.039727
284601302	-5.987226
1447467186	-4.262826
253281321	-6.578377
15602331	-6.300840
577609337	-5.862489
43273533	-5.460895
26777550	-4.475859
30045475	-4.248393
58228306	-5.507696
874694125	-5.757327
890904109	-4.573266
470703779	-6.540626
122183484	-5.405137
589070172	-4.785529
1075303104	-5.710433
457733782	-6.281352
117661549	-6.495412
20545793	0.196060
160919506	-5.797855
154233179	-5.485169
370467757	-5.234431
216486007	-4.955642
438040565	-5.534734
216855513	-6.057977
2264976900	-4.876806
378636572	-5.197100
321234739	-4.954924
2278730858	-6.344175
344525024	-6.192952
220765205	-5.855956
16002085	-5.125072
1681848204	-5.235739
123421771	-5.421085
831933780	-5.916585
1228652142	-5.434077
1283908939	-5.432416
747876121	-5.922186
780383160	-4.509185
531596035	-5.971037
1410590874	-3.139701
16827173	-1.567240
1625304829	-4.633775
429268149	-6.061531
110445334	-1.985093
22528309	-1.780804
132345883	-6.314300
233693291	0.282568
372506462	-5.171234
18863927	-4.988595
242873057	-0.109830
430235090	-4.303224
36564017	-5.258795
304115290	-6.275517
1901018683	-6.427937
1037321378	-3.490634
278433367	-6.497868
302113333	-5.975604
1609169504	-4.996375
17997831	-4.684483
1531521632	-4.583860
291551843	-5.017374
14669951	-0.422243
368914608	-6.403859
1375871708	-4.305111
17340186	-5.826121
432766911	-4.451493
68281948	-6.424942
127963931	-4.989373
18646108	-3.293043
549438299	-6.287304
16336478	-4.599544
83195396	-6.398404
467636108	-6.066936
231898286	-5.861550
70590748	-4.444602
441040701	-6.068039
137084996	-5.762734
912598626	-5.429016
230720547	-4.399117
41861272	-5.813883
416644656	-6.380198
2317625354	-6.325977
28176898	0.893956
401989810	-4.287615
581275783	-5.350030
91935208	-5.775337
18791763	-0.166021
27688281	-5.021472
1853114688	-5.425542
14246001	-0.542074
1486445498	-4.993865
977560500	-6.459430
15715665	-5.214936
235279028	-6.140949
805188312	-4.839580
64507817	-5.134658
277193651	-4.729969
21910246	-5.987489
156763824	-4.967023
1045110018	-1.676693
614706394	-6.311223
36686040	0.164149
1917731	-1.104402
280913598	-5.363393
249787913	-1.792876
1242946140	-4.688194
1526488393	-5.623244
28008943	-5.955244
2316393866	-4.703607
526750889	-4.307317
1849400233	-6.049419
125613253	-4.944115
15380417	-5.026825
26051676	0.757347
90250351	-6.363261
931024693	-6.085510
2245423891	-5.695393
73791927	-5.829669
389357597	-6.304072
514749390	-6.566191
1232484468	-6.495518
935033864	-3.418718
27274887	-5.346728
952575223	-5.882796
414068004	-4.811583
49057566	-4.960309
702460382	-6.266629
243413616	-5.735637
121537837	-4.639494
122174004	-1.511057
265329329	-4.741135
237504609	-5.429016
858111194	-4.805688
246447524	-4.626646
20397563	-4.676095
260479308	-5.882278
935987066	-5.234314
1051446626	-3.892915
1428792126	-4.499553
15007149	-1.299924
238264015	-6.452533
237862972	0.105673
265993392	-5.616502
15976697	-1.273802
315992993	-4.966365
127919146	-4.843648
403639485	-4.663841
17120599	-5.959836
1105408002	-4.789751
328679423	-4.589377
130977700	-6.508640
70740010	-5.984444
894512114	-5.057516
78408666	-3.646233
2394285656	-4.262031
2292332720	-5.650389
21572351	-2.403094
1157543414	-4.827126
130600206	-3.998580
249219716	-1.402707
346949527	-5.561535
337595668	-4.324612
2155491151	-4.196454
51982954	-5.786513
15224867	-2.699109
27675227	-5.802393
2236668625	-5.990849
108323434	-6.227541
52052011	-4.119042
2304223555	-5.934265
538121732	-4.645342
50707364	-5.966937
470654192	-4.539381
1092757885	-0.719968
93950784	-4.489656
1360075950	-5.690617
19612749	-3.729229
1382011333	-4.916783
55440365	-6.151653
37497720	-4.916048
117432541	-6.053402
1613159058	-4.347326
103949895	-4.479568
399112142	-5.048983
22265452	-6.162926
1120582274	-5.567370
1089334250	-3.878898
461301890	-4.457462
198928268	-5.946373
12298112	-6.249013
240135871	-5.417414
22507324	-5.730254
117792965	-4.355135
381874511	-6.533670
741061716	-5.836350
325040651	-6.286801
294959299	-5.102154
457276155	-5.095400
1237156340	-4.600761
21643972	-5.329612
1362806395	-6.484104
136550204	-3.083973
18579364	-5.814863
1326498037	-5.389397
40510796	-5.066710
598853747	-6.242479
573916220	-4.731043
3913931	-4.505215
91346513	-6.098177
2329092852	-5.511098
2176134116	-4.761740
1461162020	-5.452193
183212100	-6.491999
15210284	-2.287303
133022865	-5.007547
171154131	-4.682103
18172905	-2.211669
123150166	-4.676814
938657858	-5.520457
191496735	-4.593253
252249233	-3.462648
137794015	-0.388296
220551206	-5.575814
65082057	-5.375083
1553746556	-4.873707
749375898	-5.921716
889786374	-6.513958
624927613	-4.473296
158290255	-5.258669
363540832	-5.099317
24509586	-6.194926
447277172	-4.364642
14398250	-5.957496
287545295	-4.800820
84119348	-1.509124
236541422	-3.704930
62387220	-6.382196
2316645626	-5.130888
18622869	-0.989984
53725673	-5.468057
1422790478	-6.482799
1112972713	-6.300059
443265529	-5.725560
335476450	-4.514058
1870463754	-4.503764
714409014	-4.442650
344516847	-5.991567
271007688	-5.847167
1387919042	-4.400110
627838899	-4.950824
33205490	-5.934033
1328762540	-6.137064
284664892	-5.343360
1265860620	-6.053606
619541619	-5.364072
249327401	-4.283371
1023872718	-4.357475
138531540	-4.926013
22076537	-4.718414
49969221	-5.697772
21346197	-5.792357
1431454158	-5.701124
24745957	-0.282497
626001129	-5.961143
1345850192	-5.374364
243502423	-6.543387
414543577	-5.596362
59281449	-6.368254
270792742	-5.304894
325830217	-2.416878
18496709	-3.816475
1035443946	-4.643986
286799590	-6.289247
1539064994	-5.705596
624753464	-6.371069
291756142	-2.523727
35013862	-6.066543
1849074780	-5.441864
171598736	-0.137878
20209807	0.788363
1431884516	-5.011871
15923226	-0.355838
1209417007	-3.463587
2161486428	-5.409955
215346722	-5.746743
562618381	-5.480120
125208664	-5.179457
625296182	-5.933376
36691808	-6.553841
17680840	-6.536462
731524644	-6.209281
405785853	-5.834483
18566912	0.531858
1444416162	-6.162834
930009097	-6.065601
836709230	-6.035220
432771620	-2.655391
50370046	-5.823148
287896740	-5.443333
193076432	-5.019569
216355557	-5.127462
24448865	-5.344653
378547255	-6.282070
24195214	-1.635286
41017380	-4.132145
540241441	-4.629387
39803436	-6.120521
271593651	-6.287000
232127685	-4.825333
148348430	-4.798590
1413602821	-6.236277
524724189	-6.133365
249288197	-1.719369
63169388	-1.075815
19693903	-5.261362
15769734	-4.073894
1884258127	-5.971820
158397501	-5.886105
25382456	-4.861198
628559456	-4.724738
620708331	-4.592916
1872933859	-5.906804
23951197	-0.256199
2185601035	-5.634609
85342505	-5.138371
403539769	-5.351191
321380757	-5.743488
422076926	-4.364108
20469722	-5.774682
776698136	-5.488046
1092750030	-5.747159
50552213	-5.785512
19201438	-6.214049
157305077	-5.046583
213207055	-5.762928
130274805	-4.523745
348522887	-5.881914
2309440500	-5.029682
143489158	-5.875339
783749288	-5.182612
559073634	-6.139998
562640547	-5.196138
608902626	-5.114859
49194495	-5.351676
20880535	-6.286010
1210072844	-6.531223
54606494	-4.415640
81021861	-5.739206
18277655	0.271049
33537967	-3.466995
48354257	-6.210208
107620932	-6.074136
14540659	-4.610977
1636639214	-5.433056
365239637	-6.437726
15941955	-5.218108
1342502834	-5.798284
569212271	-6.026786
971412384	-6.092115
295685416	-0.176847
1963246038	-5.207900
250736913	-4.253908
1310708510	-4.519571
50634125	-5.114446
1539300170	-5.903860
1109679128	-5.296819
253654580	-6.022587
19563355	-5.731870
15458694	-1.708679
230100284	-5.442304
10615232	0.295067
1045853744	-0.593887
233949261	0.388666
593718490	-4.644229
1186810890	-5.056363
1186874899	-6.079449
288886063	-5.345326
247517295	-6.146049
30437038	-5.677248
63796828	-5.065696
915781920	-5.022649
18915145	-0.164664
76348185	-3.769126
1915018465	-4.875725
22698090	-4.714088
20608910	-3.016232
87714473	-5.064700
1237704769	-6.049869
467823431	-1.776529
249410485	-1.673259
108052596	-5.555079
1316483802	-5.402666
23365717	-5.124363
477583514	-6.187103
200870788	-4.794198
33655490	-1.286948
14511951	-1.253238
933487722	-4.571579
430343685	-6.380220
24477294	-4.511748
234812598	0.766386
94103877	-4.237490
180197930	-6.033197
54207182	-4.473513
318711662	-5.592316
1347830329	-4.429214
22812434	-0.434383
14110710	-5.102980
15918353	-6.119305
15554922	-4.548459
254174408	-4.547993
53420694	-6.232753
1979395855	-5.573551
462285708	-4.965351
295805574	-5.452571
1072467470	-4.565081
20621911	-6.395792
759316808	-6.575761
1325640288	-5.592430
109071031	0.311864
2175130770	-5.150610
4389861	-4.483845
231510077	-3.011842
15764644	0.791736
15212187	-5.557949
127074099	-6.252992
43963249	0.037237
27311044	-2.562459
1183912596	-6.416482
1225410018	-5.379660
2192362761	-4.609232
589869443	-4.995780
240376522	-0.004987
424522799	-5.003185
351133674	-5.191438
1692578893	-5.043020
18217624	0.235886
250462634	-6.472322
134302187	-6.080702
303920466	-6.352249
1346817602	-4.715620
1686565519	-4.917785
61313751	-5.621729
743167003	-5.383103
39787282	-4.347750
118941676	-5.255717
26305670	-5.315824
418269619	-6.067702
1070943116	-6.049157
209151429	-4.322260
26820795	-5.511618
806186582	-5.854820
442610682	-4.485175
15584433	-5.555179
703759688	-5.274474
631648466	-6.540434
127908221	-6.356876
1551310284	-6.173438
2294530717	-5.952585
1176615978	-5.036883
1465964245	-5.079972
192041694	-6.111217
74960018	-6.370948
584583739	-5.761923
2188340009	-5.079233
32537213	-5.270111
121656624	-3.186207
586730005	-5.555458
1007065914	-5.846891
417664241	-6.172596
16557756	-4.327491
788006827	-6.418569
46499643	-5.242503
80612021	-1.041375
2362779882	-4.414032
14345062	-3.408335
146263776	-4.886929
334127852	-5.449731
515898679	-6.070640
66209943	-4.306760
1673504017	-5.231593
224766531	-6.054808
2242638817	-4.979389
210926192	-2.338184
1031118500	-6.336901
1602268826	-4.765905
399502932	-4.537141
242761889	-3.858915
355881289	-4.087078
48425512	-6.150555
27242307	-5.141318
18137749	-0.437169
21111098	-2.047665
724658815	-4.507337
70587562	-6.417743
112740986	-1.364274
594582597	-4.701463
1155212191	-2.582151
67776968	-6.263235
50128726	-5.352941
29898014	-4.825615
28382250	-6.425488
39424870	-5.454255
1187949900	-6.393006
2340869731	-6.231007
53503202	-4.356749
16930125	-3.029925
242892689	-3.520576
1430814439	-5.489829
118540429	-4.135125
2294105892	-5.694615
417393341	-4.424382
16739711	-4.234694
312435184	-5.137279
56864092	-0.989338
221793778	-0.902428
17750784	-5.808465
427742683	-4.967598
1190825605	-6.260890
26596727	-3.358735
569666511	-5.746719
1480218668	-4.331357
26424123	0.409053
29751942	-4.692209
497535334	-4.351874
20597460	-1.417887
11651202	-1.656486
56440142	-5.270904
492480327	-5.731943
935398104	-5.060521
323166438	-5.563497
16474026	-6.302305
174369590	-5.345312
68888437	-6.455554
7350652	-4.814712
133832049	0.158101
131149247	-5.479616
346045240	-5.856886
1655093820	-6.466997
1080732656	-5.682194
119527861	-5.456464
1611680690	-4.912392
1620243926	-6.234026
237750442	-0.607033
38516217	-4.257300
1705042116	-5.221419
422964271	-5.601164
2364631970	-5.558848
1925431584	-4.888698
50731463	-5.592003
191688736	-4.260124
235190657	-0.542970
204881923	-4.560766
32265225	-6.381417
78569026	-3.555224
397382646	-5.268659
407053599	-5.308557
268007771	-4.955340
2467791	-0.924486
22508473	-1.243703
2435410690	-5.220516
1301606089	-6.395813
218267731	-5.853129
18632666	0.260554
22387804	-6.545421
6577802	-0.089921
2288502470	-5.814818
1122064316	-5.948462
14925704	-4.680834
156029105	-4.277848
20113797	-0.952023
79022250	-5.279267
17033503	-6.433578
484134207	-5.835301
29793493	-5.053411
2161537962	-4.199500
718468320	-6.261587
67738195	-5.668609
44215945	-5.678430
221496713	-5.875935
788081918	-5.672548
860733170	-5.978440
23387115	-5.673680
22812754	-0.952104
98929990	-5.350871
297940478	-6.265181
264221149	-5.068602
18056015	-3.011678
62770351	-5.735924
628760912	-5.829829
587783109	-6.244048
58379000	-0.728213
121841737	-5.291471
39279393	-5.519915
92071963	-5.799211
127870840	-4.811110
22012091	0.953543
272019676	-4.211711
346885718	-4.284638
148086041	-4.828055
787373558	-2.956618
520245212	-6.574286
497546508	-5.657458
557806506	-4.691297
186430550	-6.412072
41377639	-5.640059
49045755	-5.964501
798420806	-6.186988
1006482620	-4.497181
154139987	-4.598083
1915752144	-4.945974
1308601632	-5.368840
1326751968	-5.031747
242618658	-3.191155
24045931	-4.543892
297532865	-4.773534
24670782	-6.045274
59888738	-5.512881
71358042	-5.873444
46724483	-5.668439
1468560242	-6.045783
1267462094	-4.361741
277750492	-6.469560
542842941	-6.066362
176135285	-5.810800
36394602	-4.434325
76350004	-0.404569
50150341	-4.438061
233346654	-6.516397
109287731	-0.790901
1686107834	-4.447770
1093441423	-5.472196
6092972	-5.694877
250719718	-6.202771
58492046	-5.705888
308721230	-1.058054
29766367	-2.800866
759251	-0.813813
393821580	-5.606285
77839894	-4.281317
1716914930	-5.742988
10102032	-0.196331
82649553	-0.862666
1653370998	-4.215933
1362944844	-4.568921
61906286	-6.158014
1932803906	-6.333089
221447516	-3.843755
1905156690	-5.206845
830918346	-5.722909
12788332	-3.475824
33622411	-5.575951
62354707	-6.068305
1621009105	-4.576024
104727439	-5.824677
24913074	-0.414345
106591004	-6.482933
18221712	-6.259263
5357812	0.785051
103335794	-4.954112
905020056	-5.451073
15603311	-4.425741
15762842	-5.112604
15555056	-5.693378
115979444	-0.119910
2361890355	-5.691162
575344793	-5.556002
157382927	-5.176696
16062766	-4.550641
218779638	-6.171717
2302483196	-4.694654
1655816936	-4.993786
454947269	-5.326326
470366309	-4.573534
16130949	-4.212387
2409239300	-5.793901
270370405	-5.866157
29293808	-3.010130
244268646	-0.572141
16742053	-5.903312
942156122	-0.295342
703561088	-4.420406
382534366	-5.649899
17065503	-5.932836
1296038210	-4.557289
359596838	-6.439382
227088228	-3.408656
813286	0.902567
137571771	-5.530348
1234286196	-5.799390
14849664	-5.099830
140959145	-6.116882
148453195	-1.988939
301090775	-6.371958
14800483	-5.743672
792608948	-6.224427
950783972	-2.147966
220241174	-6.114159
381413722	-6.590712
119250381	-3.201562
24299006	-4.761760
389840566	-0.124601
36777778	-6.378705
88806753	0.033739
415780303	-4.907858
143779492	-5.638748
614542142	-6.013427
333504114	-5.845206
29848453	-5.228512
65919935	-6.247174
44682276	-5.522307
593813785	-5.789434
582931822	-6.388715
31801993	0.197368
94366606	-5.642881
162784542	-6.005013
330816212	-4.558565
448923637	-4.316630
1096507650	-6.523703
15428227	-0.689525
411997494	-4.986317
2252899873	-6.100791
14293310	-0.523892
40402146	-6.547689
18811140	0.752119
1365917090	-5.972027
273098660	-5.991797
88976164	-5.256041
23970171	0.350202
1347674623	-5.953741
223523798	-4.866248
15014405	-6.034323
1347436638	-5.367004
2836421	-2.895978
15964588	-6.245199
38254095	-0.350334
37094727	-0.384778
64161351	-6.113533
372345957	-6.374343
14672279	-5.378932
16030518	-6.040656
91137301	-5.130925
240663096	-5.947672
247334603	-0.048476
20957491	-3.118554
26841582	-6.193069
28238988	-4.749440
30673492	-6.240863
35518656	-5.835006
322737879	-5.793236
1965801554	-5.699504
47614124	-4.768448
71281860	-4.294992
721052064	-5.413618
1949611364	-5.556373
18008330	-4.190003
148006729	-4.097636
1301328822	-4.220454
1183811947	-5.873217
17906632	-4.612332
155680896	-6.243286
26111775	-4.870936
349219528	-6.254970
86364947	-3.616038
2181453624	-5.877665
26316100	-4.584236
1556756886	-6.453592
20002401	0.244217
19269183	-2.629830
321119379	-4.349421
1300124792	-4.737797
563844379	-5.434621
751806494	-4.499773
33027306	-5.571988
23117388	-5.890271
819528355	-4.205247
267217520	-5.673656
886986138	-5.467019
497551327	-5.359138
59568948	-5.613214
1716366295	-4.752033
1905833168	-4.933823
448169106	-6.017345
148333607	-4.429396
289374103	-4.545540
360191435	-6.192450
450786176	-6.405014
23617145	-5.430418
317193393	-4.875982
144189766	-5.777797
279964598	-5.608573
1120931132	-5.057013
1137600571	-3.964426
33060832	-6.519694
18480494	-6.276546
292990703	-1.975775
1117009244	-6.476474
33576489	-0.016709
17848544	-4.259647
463918261	-5.996689
990635636	-6.285469
18213420	-4.355666
214179002	-6.363830
195070336	-5.013682
885789362	-6.155045
22831059	0.478199
22081190	-4.493377
153486399	-2.279758
236480864	-6.414492
37202770	-5.873583
374161639	-4.685694
1242109014	-5.875705
211530910	0.786978
1606703838	-4.607801
348857253	-6.184604
167856299	-6.381403
502440556	-5.729088
14529929	-2.715865
631876809	-6.338246
1902537799	-5.959820
700126891	-6.268318
20444702	-3.482866
32789881	-5.685598
67906573	-6.157566
1032703770	-5.866422
7334402	-0.001550
19245431	-3.992377
110924703	-4.339469
198523967	-5.442420
1058345042	-3.813088
2296636404	-6.379338
15471838	-4.342852
1702539968	-5.503238
20376424	-6.362738
21509894	-4.463777
1388590928	-5.806146
429181880	-6.489222
1073212812	-5.827902
283657826	-6.352554
460656473	-6.211835
1277984012	-5.745803
165533941	-6.327866
42638402	-5.310508
337752039	-4.538255
1393599296	-4.648840
114607567	-3.408815
1144145946	-5.799302
377702207	-5.227896
237814920	0.512560
851621377	-3.607329
1487887076	-5.813103
1852819452	-5.225797
109280446	-2.369972
1665719612	-6.343476
537156670	-4.329466
411526571	-4.208356
488127904	-6.353432
34270503	-5.242076
95602718	-5.827817
191208249	-5.099011
21351432	-5.716771
592019654	-5.027525
385429543	-0.157433
234937222	0.405485
26194384	-6.093662
47975734	-0.452043
1023320856	-5.960108
211901075	-0.170653
271552521	-6.200418
1222283971	-6.323588
2321129046	-5.620953
1722842137	-6.523523
1540496365	-6.544470
10025982	-4.588342
17530189	-5.090846
123667924	-5.916461
1962564906	-4.316809
110893482	-5.610380
93575832	-4.546315
40750718	-5.507997
960962340	-2.877404
222195455	-4.875904
16056306	0.660909
1074129612	-4.345616
60801758	-5.238258
21426423	-5.192777
319529691	-5.448862
161411080	-1.815370
161791703	-0.246104
939621458	-6.406597
16703058	-2.889312
301081520	-6.399962
32010840	-0.328454
834525002	-6.024129
26809683	-5.200084
202206694	-0.600108
520778762	-5.823706
8775672	-2.104736
317608866	-4.628251
24184717	-5.732696
1356531588	-5.202019
713463571	-5.297589
176260948	-5.022444
278005891	-3.120284
36737855	-6.544460
35758513	-5.714710
17896154	-0.843118
217550862	-4.995398
1110920106	-5.763435
1931992778	-4.255293
1128781184	-1.640586
29865139	-5.592010
977369880	-5.352418
62330632	-6.422761
34340464	0.859662
1033532365	-6.153938
830430216	-4.660345
155642785	-0.057136
1154667132	-5.021166
1080602371	-4.786986
360605502	-5.779082
63787812	-4.201253
30027177	-4.367513
2369234174	-4.520251
5741722	-2.269598
551698752	-6.367711
545501375	-6.017246
1596947036	-5.566247
1449407450	-5.812823
326551457	-6.233422
95509057	-6.004634
423688722	-6.505588
328258374	-5.840729
705661256	-5.018138
496786334	-5.035543
1879871294	-5.385371
2374720591	-5.973670
1954751917	-5.340413
550401754	-1.633658
370076582	-5.210308
18820392	-3.888030
16298388	-6.524567
348861268	-5.018100
1623282788	-5.629515
14124614	-4.957788
36588739	-5.191019
88784440	0.195863
16804072	-6.483165
2356356972	-4.969887
1258312562	-4.796297
43216755	-4.686204
703640660	-6.230429
896620178	-5.129930
122473388	-6.030870
234906311	-0.968702
16018516	-4.571735
586045941	-5.180411
1115633996	-4.491373
485139684	-5.988230
1352594924	-6.231573
1621076712	-4.545929
175102610	-4.555825
63749707	-4.563462
20733972	-0.873587
17291452	-5.247718
20906882	-6.109398
615181714	-5.200791
78966155	-4.201444
1430524482	-5.064958
21669223	-5.580612
8870632	-5.697177
14730894	-2.082473
1959864463	-6.560208
21321475	-5.854523
272520742	-5.386014
19918558	-2.228263
1959387662	-4.567663
14216438	-5.909404
492378372	-5.898335
1154894353	-2.858210
1463550048	-6.546817
24305421	-6.370527
26265640	-4.823273
382441782	-5.431979
856549532	-5.979986
235271965	-0.524370
314335929	-0.941274
59969802	-5.826986
74058012	-6.076042
347877928	-6.570644
30500021	-6.349250
716563918	-5.724239
2255274860	-6.245445
411766612	-6.386938
39793438	-5.838701
41634520	-3.375989
51228911	-0.369097
247496974	-4.823271
234374703	0.291630
2168350939	-6.314583
455037005	-5.078340
267781214	-6.305691
26324609	-2.253097
17487795	-5.671516
339852137	-0.619374
230761725	-4.729734
14616459	-5.881852
1556371026	-6.396844
199325935	0.245099
234927299	-4.698903
109025212	-1.064433
225326840	-5.379519
1363394484	-5.231604
75367781	-2.601287
343171266	-2.634883
15600527	0.481492
89526574	-5.365779
523397097	-4.851482
1092979962	-3.960769
63804234	-5.497682
206716135	-4.195266
260841091	-5.987015
47470008	-4.513960
68198447	-5.258920
2377726519	-6.541452
1221321108	-6.286746
205420257	-5.648451
1243902714	-3.387496
1049460835	-5.433730
49782398	-6.249887
1246599554	-4.857133
113420831	-1.321142
62907908	-6.554824
72874723	-5.199219
236899846	0.100681
1891157910	-6.061889
505932430	-6.008385
85778445	-5.646031
270067927	-4.424644
331268118	-6.449890
1201520622	-5.715702
538416721	-5.427149
359950567	-5.908868
6794502	-4.288369
1263944875	-5.835295
58287227	-6.163763
338553588	-4.251449
213182436	-4.603395
46176168	-1.133177
142721190	-2.829307
943501040	-5.815747
71070614	-6.291508
18317325	-0.513413
1065995022	-2.626933
21941446	-4.695176
87055347	-5.730613
259950795	-6.131929
506091865	-5.180846
1581759588	-5.658470
547839797	-4.815858
1697235505	-6.467461
932421955	-5.733526
46016028	-1.210869
25768647	-4.634294
17074440	-1.189882
1143929599	-5.548682
2254857197	-5.495245
631543401	-6.369773
959687432	-4.262957
97368029	-6.385804
32774989	-4.617705
415981838	-4.282062
180287231	-6.063814
472541504	-5.420471
1482327366	-6.416361
454953162	-5.252677
20552026	-0.052443
180895768	-6.414360
14275291	0.051690
2324036732	-6.352042
346030501	-6.024669
14135426	-1.450427
191005134	-5.817947
14389132	-3.595383
16472624	-4.662183
286363562	-4.980503
163586067	-5.713634
390292636	-5.912654
991821667	-4.675871
20449956	-4.071612
1693751167	-4.893798
1658254478	-6.513741
268496469	-6.169558
1497383952	-4.649409
1313165581	-5.875544
1532014123	-6.220290
139574248	-5.485864
99157266	-4.749789
83200882	-5.006632
2317860566	-6.528398
216481299	-3.737768
805777398	-5.996521
361365479	-5.146037
97171189	-4.782413
807095	-0.769163
391413865	-4.413319
89820928	-3.916500
246499208	-4.863680
85606078	-1.611854
435877117	-4.606315
16385104	-4.427367
24135119	-5.087994
276763538	-6.449622
207731256	-4.886028
190699396	-6.512512
1870898497	-5.259886
1104083418	-6.460268
52992670	-5.630944
27676828	0.934431
310912778	-6.008094
47056405	-6.221802
352643501	-4.907073
252115520	-5.612114
47402168	-5.381455
404542591	-4.306358
594870776	-5.899895
240327228	-4.848931
263975503	-4.179964
1068990122	-5.459487
261263905	-6.506595
1357427004	-6.145619
19253918	-6.229515
586032653	-5.638637
451967996	-6.377214
18793575	-5.532716
23712174	-0.049349
252819642	-2.612592
195019882	-4.196672
18244206	-5.384783
8953122	-2.388419
33655512	-5.958875
19926675	0.741439
287861586	-5.556145
323239103	-4.855886
17439675	-4.272208
18967498	0.305158
29598035	-6.116959
796737758	-5.466092
180396181	-5.400922
305389392	-4.954230
85353299	-5.144976
1423715941	-5.572861
17282256	-4.889827
1322558402	-4.708256
430830756	-5.732873
1733849666	-6.282646
449959102	-5.895606
733751245	-1.037574
1558893368	-5.533869
56653367	-5.545201
39191258	-6.487951
498961346	-6.199193
300515560	-5.213391
539866149	-5.159186
225988631	-6.275435
78431501	-0.438722
76392970	-6.086178
248791332	-6.329591
1117640744	-6.296063
118152495	-5.544303
15751083	0.002570
22262553	-6.099603
1905298878	-5.663445
1443203875	-5.963124
39308549	-0.375899
196147086	-5.413630
47891535	-6.101269
15029174	-3.899820
273795671	-4.229074
237944147	-0.775918
1738425180	-4.209397
758067224	-5.876578
424263083	-4.791022
456911539	-5.028710
64022803	-5.114211
262424195	-4.936021
1699808366	-4.222766
360427514	-6.492531
169472184	-6.453426
293254420	-4.779842
613725908	-2.284417
485264526	-5.461193
778724700	-6.457976
427024774	-6.044646
1068626984	-6.197324
148565166	-5.064961
29896465	-6.313314
15281676	0.020949
20713061	0.212226
193732179	-1.958943
1043702834	-5.036429
398232779	-5.053108
1516830966	-4.991987
864768235	-5.321532
2417754469	-6.408963
356390382	-4.865794
712959254	-6.303976
180846791	-5.995081
158495061	-6.033585
64660952	-4.960363
221792092	-2.004325
75785294	-5.422183
242068532	-6.307525
619479855	-4.616323
48117116	-0.105134
443681123	-5.985939
380371286	-5.916720
30930019	-6.511629
195955478	-6.311785
2192766368	-6.498504
30043495	-2.654731
126644609	-5.578123
76651617	-6.399018
386455581	-6.457871
49316020	-5.382630
236916916	0.069413
5558312	0.725057
80473367	-3.713428
44117460	-5.796260
330001961	-6.116462
373311804	-6.415491
1849261916	-5.437649
180100015	-5.370614
234822928	-0.363909
269931179	-4.289101
8128442	-0.867997
292935209	-0.031574
572317065	-5.474390
19553409	-2.992065
242555999	-0.777609
996565820	-6.237279
886042746	-5.236586
98242752	-4.797214
28859894	-4.936633
16086967	-5.503125
1578519660	-6.307014
283265252	-4.494401
350930593	-6.259773
1002313952	-5.842886
2265167642	-5.345078
1076928920	-4.768527
1944510751	-5.416312
22417674	-6.435503
49697450	-4.371551
31350534	-5.966090
1694503231	-6.431165
1571660059	-5.447246
161344057	-5.764984
1189735556	-6.135233
809050796	-5.374408
22819917	-4.330444
1602752804	-6.342252
14809189	-6.180379
578069877	-4.336238
311165745	-4.716791
155669457	-3.911352
1643415560	-5.394361
249339682	0.017925
416686487	-5.235895
22097192	-6.028503
1927804778	-5.116177
1077121945	-4.041636
33345380	-4.360250
287269659	-6.010414
1955581326	-4.528714
1860099558	-4.372176
137381495	-5.620988
1408518626	-5.104636
317407076	-6.211606
1117953943	-6.378267
19726613	-0.014461
1935184730	-6.091606
201877444	-4.904940
7713202	1.228321
57977498	-5.015012
87318108	-4.386823
9624742	-1.032913
19891260	-5.368382
254775647	-5.262550
15116570	-0.321057
1925654095	-6.390489
17643209	-4.222910
14344823	0.090760
308664726	-4.843541
558769636	-1.337560
40024874	-4.455192
198963912	-5.599109
189910408	-4.290884
50839205	-5.113346
560117034	-5.094244
2363258587	-4.597618
19739126	1.240129
338883349	-5.493079
48086014	-2.534250
2282872260	-5.434020
33665393	-5.428996
205886080	-6.379082
135931182	-4.590900
800162478	-5.805418
373011304	-5.119053
7270292	0.108867
17976923	-0.888806
104797238	-5.472419
2337254448	-4.611326
97150206	-6.213999
5561412	1.293731
42760147	-5.859297
191923358	-6.088476
581141508	-2.785379
223166587	-3.822876
193614775	-6.547730
28599820	-1.519939
1001025787	-4.328500
972323274	-4.461741
9855382	-0.721599
472632386	-5.226556
2230533374	-4.813937
2704951	-0.735377
1611064304	-4.850121
342601720	-4.747347
224320485	-2.484949
121620626	-6.367395
364564017	-4.607834
1469735982	-4.893639
17768436	-6.410691
19543987	-4.722742
1374923180	-6.156231
234024969	-4.401520
16031927	-0.254960
755802794	-5.405709
29501253	-0.269684
1403429444	-6.479437
1071768498	-4.394588
313344689	-6.564383
2288373518	-5.515658
250188760	-1.048305
891678516	-6.499839
1920276091	-5.616155
16100318	-6.470058
49453870	-5.361459
10168082	-0.746595
453698931	-4.898800
54598826	-4.955470
165511812	-6.381924
1599284149	-4.214791
237299871	0.259737
556000874	-6.174980
156975310	-5.892409
96662959	-5.260174
15297551	-4.561424
17513304	0.242629
364415553	-1.471671
305145458	-4.168120
2366260580	-6.462937
394272456	-6.283070
237129990	-6.339637
1020058453	-4.205784
317630465	-5.155872
39793961	-4.617232
377237995	-6.059177
133429379	-5.441517
64651898	-6.303304
776664410	-1.278711
235660311	-6.239274
63753027	-5.186102
1977097572	-6.410173
35829796	-0.240755
520950046	-4.484286
1521740594	-5.708775
1061486761	-6.293968
425565585	-5.387980
32135704	-5.382213
111635980	-2.364402
334320138	-6.255566
1262814457	-4.317293
137068935	-6.330941
237926856	-5.583976
48075643	-4.179904
919804596	-5.580941
244985138	-4.687955
77418275	-5.760417
230981077	-4.771345
109274506	-4.558901
14634720	-5.141227
193872188	-0.741366
43955137	-4.996489
1878559962	-4.675339
2241120434	-6.492993
209833543	-6.195933
1434486529	-4.695680
254277011	-6.140371
201453157	-5.481265
217137252	-4.835643
31611298	-0.603091
1517363570	-4.979348
51241574	-0.655067
162069635	-2.403650
356291170	-5.447192
474232856	-6.084171
1931698346	-5.462297
245378929	-6.572753
159524468	-4.505657
15675138	-0.240368
1602221707	-5.463011
27088314	-4.218134
2256726992	-6.494736
248852820	-5.390953
108671959	-6.285220
136471166	-6.104628
21220931	-1.325969
233238234	-4.809988
557671006	-5.150778
1060860422	-4.598746
2178681566	-6.158746
1535579558	-6.119820
22731105	-5.219873
260760840	-5.844449
72405094	-6.251619
18161620	-5.326976
338811841	-5.332063
1385690448	-4.748859
1898897300	-5.277949
621293247	-5.604500
128235400	-5.891520
217912727	-6.248682
531481241	-4.585388
1399903849	-4.473801
114887629	-4.698943
5392522	-2.717873
269908647	-4.714283
339814337	-5.309815
326208966	-4.624491
2162136865	-5.832092
80403646	-4.366808
131036750	-4.788330
53643803	-4.950021
30216513	-1.273508
860154126	-5.598301
19512725	-6.348907
405034710	-6.495424
16517357	-5.119006
85916265	-4.191701
1337252017	-4.959893
397430607	-5.935691
15727317	-3.231741
15159913	-2.642798
275098108	-5.875748
38500956	-5.410273
122770149	-5.985269
600991865	-6.135870
5496932	-0.791195
49649077	-5.131676
1627252382	-6.117044
260396714	-5.534391
37461389	-4.395968
1279783315	-6.099714
19808819	-4.978052
1305465990	-6.414189
474451843	-5.373028
220580561	-6.196261
16102244	-0.188496
71328021	-4.426574
122146840	-4.218628
1827782569	-5.276994
15954997	-0.498275
754277773	-5.646677
1920537577	-4.515159
21419440	-4.913062
381666107	-5.192316
25915690	-6.372471
17301179	-4.582980
19286569	-5.965151
1060487274	-1.013185
582475251	-5.388138
14984637	-2.352177
19257799	-4.855250
138770045	0.234632
407744769	-6.080617
57860368	-5.653350
16129920	-3.400226
23121519	-2.800778
24392175	-5.553305
15417358	-5.623433
240363117	-0.315189
1140648348	-2.907742
167699332	-5.137146
1911335244	-5.897360
1719880621	-6.544402
74164455	-6.302995
151200240	-6.006195
22946355	-5.324765
833990756	-4.418448
3108351	-0.641054
234469322	-0.295224
1693373094	-5.313185
351109901	-5.795791
247420668	-5.816932
538646538	-6.048002
16583468	0.528113
14763834	-6.098472
382791093	-0.236565
322794665	-6.001778
271985168	-6.128639
21636248	-4.447847
555593757	-6.003270
61250271	-4.183755
207317790	-5.452797
575766234	-4.480822
1002244244	-6.028760
84984380	-4.361768
1550794628	-4.495126
958081542	-6.375057
95978223	-6.165104
1305596696	-4.159087
15922214	-1.033869
15522251	-6.448126
978690895	-5.362333
62090497	-5.922504
791002021	-6.330557
2196576859	-5.504792
34122899	-6.390115
200400227	-4.391506
23789790	-4.983685
121990777	-5.524522
1469446608	-5.819937
2178860358	-5.077912
470126084	-6.362244
615953866	-5.936182
15745368	0.857371
42734224	-4.420987
1503451620	-5.178930
193794406	-0.909592
538185166	-0.474506
324171587	-5.165031
1463325120	-5.286710
15918708	-0.199966
188194323	-6.380761
135653370	-5.621702
34402366	-4.472107
24463788	-4.911309
2284159548	-4.955288
34932854	-6.345600
48587305	-6.030736
302382660	-5.430292
199286398	-4.202540
1462723416	-5.066499
359032147	-4.991662
400792588	-5.207402
572061403	-5.033256
247066289	-4.793048
930234066	-5.262781
34966987	-6.016805
2330410284	-6.136285
38067927	-5.532125
158398519	-0.155252
325804079	-5.336898
18873711	-4.637442
78403308	-0.529180
568151409	-4.881906
2311117897	-4.269725
110545675	-0.373627
24795163	-5.463958
454060961	-6.165344
357253772	-4.904875
19028248	-1.205483
74895491	-6.565240
801084110	-5.144873
16187637	-0.818347
1365881617	-5.537274
628018533	-5.838488
98017737	-5.157950
845711293	-4.295581
593840334	-5.020607
1380763326	-6.312054
193978839	-5.728715
115166212	-6.018095
1009269193	-3.454074
2253990607	-4.376295
105823136	-5.998635
287225290	-4.949400
137407124	-0.252478
426694458	-4.935379
245905555	-4.370184
1545715382	-6.250679
20078009	-2.693986
18060177	-4.528942
28969421	-6.257146
145292853	-6.195460
92055121	-6.203381
46263050	-4.848721
1736053987	-5.042318
2238098360	-4.952926
11379362	-4.371584
240760644	0.518141
301416337	-5.176086
965142457	-6.293410
1374780043	-5.940298
24260994	-6.466246
265529710	-6.309743
448077090	-5.557352
1157424444	-4.903046
218206502	-4.728554
25162697	-4.775250
1350864440	-5.943838
204905640	-4.488011
71036272	-5.505047
19658173	0.562136
15008539	-5.057080
124335509	-5.637226
66774077	-6.380453
770554297	-5.665517
1671690367	-4.803855
36654245	-0.053383
2250858631	-6.024096
15985455	-0.872309
1396846357	-6.316712
385188446	-5.537465
1055730738	-3.119617
716984711	-5.008029
38039087	-6.159995
248252582	-6.146678
163570705	-1.292721
191728014	-4.333352
299802435	-5.810180
468601121	-4.740946
740417436	-5.216977
15856366	-0.032307
1665514478	-6.187030
11650762	-3.526214
270017791	-4.561199
31128529	-4.389117
27385174	-5.440305
393585626	-4.924085
296361085	-0.243536
293131808	-0.435512
976579933	-5.151226
228784853	-5.263627
332040130	-6.317284
309267226	-0.389431
41750998	-4.823784
68917738	-5.521989
1874140452	-5.996348
159609651	-5.884600
458393298	-4.681161
403353373	-4.294037
249674727	-5.222161
2286252732	-5.989337
1080844782	-1.667444
1372288434	-4.694345
255876732	-4.952454
49541291	-5.988976
784971582	-4.994343
22527499	0.845944
21693764	-6.127791
16473577	-4.143518
159977219	-5.970226
140519774	-1.718425
27633572	-4.437307
31122582	-3.127299
32506723	0.233094
1655680988	-5.547813
2245220154	-4.814288
15075753	-3.528904
588237779	-4.401582
1468203217	-6.315116
188019606	-1.491694
242836537	-1.668670
193632778	-4.212180
19865528	-4.494629
351149827	-6.578693
18166778	0.416029
303861808	-1.711280
343830557	-5.137008
17353658	-5.140325
1541893820	-5.326506
195271137	-4.693114
362597648	-6.048081
249219490	-4.484129
26122639	-4.486342
46557945	-3.707321
398269985	-5.584650
48263046	-5.333445
1128514404	-2.636269
1262936000	-5.624085
537063930	-5.184405
305620929	-1.950940
15012486	-3.602861
156300451	-6.166096
305216911	-1.893440
757372008	-4.806299
32393576	-5.983630
1711193490	-5.655196
19151741	-6.395729
16814879	-5.860824
27705441	-5.754775
385288144	-4.476815
235251868	-0.185241
431990191	-5.744485
236118432	-6.260481
91032815	-6.311494
2367536538	-5.279176
452004245	-5.237878
135297032	-0.933305
166536928	-6.067058
1476337592	-4.615048
32379396	-5.831481
589425352	-5.646604
633855519	-4.328300
17800215	0.963745
235312723	-0.162191
123934875	-5.826042
983813816	-4.830541
359133002	-4.825332
246769138	-0.319445
602997805	-6.302305
30619527	-5.092442
2203931420	-4.471708
126980084	-5.417673
222721984	-4.446392
167507135	-5.017533
459446627	-4.569637
284744912	-5.593961
59771400	-0.949674
1096059529	-0.984167
1385871187	-4.575376
1022263688	-4.626868
271958454	-4.953500
1540360435	-5.616370
765038167	-4.420083
16803651	-5.052826
18029328	-4.714883
2361531690	-4.422153
60984835	-2.004644
112236901	-6.500358
404226735	-4.530209
1911879768	-6.149622
50452197	-0.602998
55896443	-6.097775
159292313	-4.909868
1883356866	-4.243445
314761332	-5.716373
26607712	-4.681415
21786287	-5.510744
15356407	0.200510
2739461	-6.519751
161743731	0.126126
270182385	-5.093762
349379430	-5.094886
57751453	-4.964517
1265207760	-5.941321
27886115	-6.045705
16441318	-6.402231
96800896	-4.269603
23976316	1.135570
21762137	-5.443019
350927143	-5.824482
539485640	-6.147939
407323365	-5.382947
275725571	-6.179170
77308668	-4.635141
30095477	-4.991830
330650569	-6.050210
108083058	-5.247427
1644805254	-6.272009
7356562	0.132509
2305315345	-4.446241
360804642	-4.704494
919927722	-4.909083
15207668	-0.216750
1214475872	-6.252793
44478497	-4.783321
16099657	-6.309714
857748156	-6.120433
1678290240	-6.436646
76381104	-3.998986
407039290	-5.346440
344109654	-6.187741
15035209	-5.154425
254805061	-5.573355
9300262	0.471860
242426145	-2.993557
1902563203	-5.602503
1909542326	-6.360597
185684821	-6.222931
21157904	0.043398
253100055	-6.544699
396794501	-6.003497
30050899	-2.538928
47736933	-6.444651
209792690	-2.026218
11134252	-0.536425
480056408	-5.264641
14125897	-1.341621
1075843532	-5.778320
174847410	-4.734711
1173237842	-4.246288
610415617	-5.790343
30823752	-6.458301
14597351	-5.915373
316819997	-6.089183
32007346	-4.740887
356881780	-6.425928
323511585	-6.537689
43108099	-6.201375
49675523	-5.359109
299883942	-1.753916
1214026033	-5.177181
293459696	-5.025961
793992	-4.466607
2236741645	-5.814244
16469463	-5.414519
1462357878	-4.465846
1852444146	-4.616805
288295387	-5.165887
63502107	-5.803311
323863880	-4.739895
93723445	-4.657163
85418520	-5.777505
405134921	-4.997718
2301967142	-4.291083
148041415	-4.329237
284296658	-4.597175
1898624934	-5.722678
1444380402	-5.630864
554109268	-6.506709
2297176518	-6.284082
1071900114	-1.462410
254189414	-4.419521
469674025	-6.048799
1422126799	-6.483437
327798242	-5.695764
80958505	-5.430828
393603441	-4.735130
181101417	-6.356195
52989817	-4.781881
818586175	-4.616635
2277763242	-6.053980
31120881	-4.521725
1025653922	-4.192796
54686639	-5.750371
185049728	-5.406040
530864692	-6.336577
44195577	-5.446442
281162551	-5.303691
954172328	-6.091150
34850480	-5.616631
17750110	-6.410623
38036372	-5.234736
48115928	-1.544564
514929629	-4.600630
251656840	-5.650357
14173315	-1.438837
1884324084	-6.542043
281540744	-0.256094
18891923	0.103979
257658885	-6.114724
1246366651	-5.195353
330938673	-6.543197
1059240924	-2.203017
194536303	-6.146978
1339931490	-5.226331
518644221	-3.449291
431266828	-5.397432
432092458	-4.227043
234022257	0.377845
47747074	-4.660642
73925960	-4.221452
450108691	-4.974069
278124059	-2.086340
473199911	-6.159437
196619213	-5.245080
227036687	-4.666236
1630446259	-6.035676
16669075	-0.329130
75843152	-4.454354
1510065122	-6.488449
392998644	-4.289818
78130610	-4.603408
2203399435	-5.925971
1906353372	-5.253179
56763589	-6.335903
116534252	-5.870962
15324851	-0.383302
209598477	-5.375889
244526889	-4.629326
1488969002	-6.002451
232992031	-3.833474
15394954	0.939579
18805303	0.924643
224285242	-0.387911
883557414	-5.043113
43050282	-6.501489
18548136	-6.001240
267938462	-1.709945
585206397	-4.491174
291676686	-5.881505
1939381628	-6.081422
309605202	-5.940449
77017567	-3.888493
779118265	-4.560939
751212379	-6.117250
245136682	-5.765334
115488968	-5.302104
2253968388	-4.351443
1075666608	-4.547424
555473643	-5.603121
51267980	-5.511637
176646411	-6.405587
728565668	-4.268302
487067075	-5.043438
16054728	-5.312315
1055362014	-5.689078
47412499	-2.134126
337122716	-4.480554
870670477	-4.237553
1572830660	-4.834408
391814356	-5.569898
13218102	-0.264370
1418013151	-5.430764
71294756	-3.524455
5660532	-4.229079
398165004	-5.944434
516642662	-5.454759
14587949	-2.760516
17992453	-6.010298
485842327	-4.446322
2234105580	-5.537772
19929362	0.819611
151589736	-5.159361
45151382	-6.418999
381152398	-2.781365
21950364	-6.394798
326043489	-6.336521
233724961	-4.367896
462033343	-5.837303
186506052	-4.252805
75347500	-5.143356
449795350	-5.518991
701303623	-5.360880
1439879557	-5.124936
246341769	-2.404628
186291444	-5.127614
378738565	-4.213368
219429281	-0.835716
1932363210	-5.331875
308276891	-5.473199
1580451673	-5.879760
74302172	-5.840288
360893245	-6.184143
1375646822	-5.418551
237312687	0.374307
119162694	-4.464958
21619519	-0.825617
490535112	-5.607360
224297637	-5.436416
1497534576	-4.189662
14308987	-4.256519
345261756	-4.893235
1255785854	-6.318394
18216752	0.898869
2184765932	-5.977825
1525086182	-6.102374
56538228	-6.337559
95166404	-4.265302
342945847	-5.241716
630802892	-6.021279
15350894	-5.633474
19616327	-2.041442
390522985	-5.991852
2287788476	-5.871931
624186253	-4.949820
621500066	-6.301984
24300215	-5.837968
1624698122	-6.536724
236479311	-1.624197
594060392	-4.397292
1072453910	-1.824698
538086333	-5.577319
342780479	-4.443552
178419778	-5.905669
280206584	-4.758090
345555778	-5.226056
1125409915	-4.245323
93936388	-4.319880
234014087	-1.191825
473401390	-4.570578
993153006	-2.278770
19139963	-0.994315
41464356	-6.297724
506033683	-4.445780
590696606	-5.921545
1652541	-0.583028
235217558	-2.419491
425489816	-6.413943
235591153	-6.125841
22903983	-5.852395
344033052	-5.401553
946114207	-6.347252
770448248	-6.485197
19407835	0.613713
26778110	0.629630
1327675195	-5.974897
169588591	-6.123104
78673043	-4.903676
15496979	-5.535834
801523267	-5.768209
45340027	-4.328125
399432469	-6.234180
125397444	-5.241587
72198806	0.501191
197307435	-4.552786
1134292500	-4.272834
20563979	-4.279960
164707575	-4.930720
14617444	-6.255974
263414131	-5.596281
31006603	-4.030670
201079432	0.179104
1149312193	-5.709799
117974827	-6.349437
89814216	-6.007087
238861711	-5.816302
253149069	-5.246520
34666990	-4.769963
555845120	-4.293239
80111837	-4.713268
1406277577	-5.589250
529973619	-5.122641
950328072	-3.746891
153944899	-0.662530
1335517206	-3.996951
242376736	-3.067401
584351142	-5.235525
1183865954	-6.421243
368977925	-5.896759
75398827	-6.417387
224294785	-0.429815
173363468	-5.772991
388958868	-5.142459
133864713	-6.517292
91179070	-5.023694
289530036	-5.619234
143889472	-5.627453
51284800	-4.730616
233601235	-4.535834
250710495	-0.947594
15434632	-5.412430
36183582	-5.771464
441425863	-4.705266
221614578	-5.311362
439596778	-4.700853
20841089	-4.354399
575385464	-6.026274
40526985	-5.118559
248850174	-0.633490
37920978	0.906217
15939889	-2.376710
1490306108	-4.230688
433079096	-5.365053
463132556	-3.222641
2312281051	-5.749385
1458461443	-6.245293
19877680	-5.030268
377773483	-6.336337
180142423	-4.310790
13067732	-4.713620
38787045	-4.427797
1143060714	-4.469251
452413225	-4.719174
18043103	-6.359881
1282568923	-6.540394
339172700	-5.750152
112604826	-6.126413
1229226714	-5.442630
249834165	-4.233018
2305350474	-4.638067
2377621136	-5.807775
18289929	-5.342023
366228554	-4.751689
24742936	-5.498723
85634199	-4.780627
93288759	-4.554701
1051127714	-1.174399
197290856	-4.974390
20071932	-5.322331
48807726	-4.316869
486380694	-5.939552
168666357	-5.392610
215909539	-6.237366
168673083	-1.036703
47632905	-5.208543
1069918782	-4.901210
28252475	-6.185966
1123683068	-4.610679
2314336918	-5.115946
84129740	-2.757485
229197216	-1.564200
247850985	-4.771526
2369496272	-5.259974
85970738	-4.738041
15715842	-4.735092
153919023	-3.085976
499978095	-4.360068
1365631760	-5.161919
389759292	-5.810436
38465240	-6.055912
1512666349	-5.329673
1656055824	-6.482284
1662929678	-4.811301
117197307	-4.291916
991357832	-4.468254
34438002	-6.113619
104631905	-5.512528
1262623074	-5.640276
132278386	0.123281
15948219	-6.542810
1011705054	-4.515784
251728316	-6.583493
20495104	-6.515203
612716532	-4.962780
110050273	-6.565829
113214730	-4.234704
237770636	-2.498336
247596046	-4.520276
62543872	-5.249315
123282266	-5.358438
133439172	-1.795846
1037084538	-5.837391
111632324	-6.318545
534405915	-6.095291
276197098	-5.211694
77664666	-5.336594
1394549060	-5.566683
2199888721	-5.154220
225921757	0.257411
91744236	-5.297431
428333	-0.980682
85634177	-4.097372
255829884	-5.463072
1328123624	-6.098012
325717986	-5.264558
266830495	-4.533805
611834439	-4.778782
960696949	-3.655377
15572155	-3.936680
433791263	-5.979240
1636291356	-6.254810
19912734	-0.792515
337932925	-4.860617
543822491	-5.666582
49634881	-6.485156
468930111	-6.336347
620298978	-4.775255
349947276	-4.364867
60638933	-5.449462
282775291	-5.472301
26677801	-6.121490
23035691	-6.382622
534599939	-5.701019
195042501	-6.327979
50325797	-0.343151
65453528	-4.432100
2321775476	-5.933041
229592356	0.177503
1071764281	-4.849508
2340967118	-5.330977
1223102983	-6.366239
122719755	-4.209093
124196924	-6.008069
17525171	-5.385990
52503751	-0.309853
76452765	0.481214
1634852712	-5.714110
1172636797	-5.033789
33977070	0.994228
21048033	-2.522556
217543151	0.207072
1726999796	-6.461487
401955731	-6.158019
948491592	-4.854816
267583652	-6.155341
225242868	-4.748071
487906127	-4.550641
286898862	-5.651435
605098090	-4.823406
1071102246	-1.287632
1075551668	-6.005696
1441675236	-5.781256
206428391	-6.069818
325298865	-5.456781
1626115357	-5.120922
600737301	-5.294532
43476440	-4.203317
1061385474	-1.434299
362052555	-4.891765
281509650	-5.241313
1228818295	-4.825136
516131688	-4.411680
1222257180	-3.323925
158205177	-5.398439
28889556	-5.854043
248004920	-6.519832
23632545	-5.309911
1023236538	-4.743108
24737755	-5.093313
41406567	-6.450858
117197740	-5.994826
69715433	-5.916692
74198348	0.628824
463606038	-5.899911
1061006802	-4.659458
575749942	-4.638769
115754120	-5.511236
15448332	-5.440564
1131203611	-4.765516
298059168	-4.974456
610325685	-5.298303
241207373	-0.549979
1332628436	-6.308943
1925656796	-5.726909
211254250	-5.964688
851120473	-5.865157
108619944	-5.547071
95070642	-4.561719
450708486	-5.161714
257170128	-5.670708
154648736	-5.666158
442824717	-1.128023
1571215884	-5.291387
308563367	-5.871535
1440997712	-4.824882
19793648	-6.222716
1536065244	-4.652792
122207745	-2.637607
362654346	-4.358504
78369108	-3.571074
14859559	-4.407306
318464838	-6.361442
425527664	-5.635565
286034058	-5.389927
1552818054	-5.530580
37766935	-5.235541
266772387	-6.079457
986188543	-5.181458
1372431026	-4.521848
282233418	-6.388848
308748838	-5.801676
256178459	-4.876682
70156027	-4.148044
407584834	-6.406737
633131271	-6.303281
1072382221	-1.552519
1437466362	-5.287294
373883896	-4.535442
1901113928	-4.780090
1484301392	-6.556824
799658150	-6.172985
1198766904	-5.028684
785414496	-2.126173
84677520	-5.367248
1797991	-4.357516
608182396	-6.289723
170767454	-4.398235
15361570	-2.865713
9508922	0.925973
376477453	-4.549452
190160433	-5.433591
373326597	-6.501119
122212010	-5.191616
44127294	-6.548964
22797378	-4.070515
1592481150	-5.752393
233842454	-0.208614
265155317	-6.263933
564225302	-5.200544
2358445766	-5.578627
127894579	-5.399406
30313925	0.808076
1058717720	-2.275531
20641972	-6.376140
1877628114	-4.669779
1412998502	-5.658388
40466049	-4.987087
1008962922	-4.720825
13383292	-4.956380
100330676	-5.713706
330583779	-4.669047
5692662	-6.071593
1494474121	-4.296357
566631178	-5.005418
237781383	0.172644
2251095308	-5.186312
975200486	-3.548143
16712666	-5.156697
1656884071	-4.892132
1355831521	-5.393312
279634424	-5.683613
29610442	-4.991945
8542882	-1.323044
18724011	-5.796827
237348797	-0.510695
248699486	-0.191855
633825457	-4.264590
29929730	-6.322397
18916432	0.081683
19518515	-4.309585
52537790	-5.980430
455041792	-5.898244
253016264	-6.290453
116518445	-5.654180
533702418	-5.763051
29710286	-4.605526
26976860	-4.897360
25086658	0.261294
1969641703	-5.083067
189236855	-6.176476
23536035	-6.008322
617382180	-4.368721
2281176661	-4.624074
1917347892	-6.585407
1305481388	-5.650292
761840588	-6.087220
16560935	-5.198660
180032621	-5.493589
294965312	-5.614281
380001296	-5.164316
398990591	-4.250578
133448248	-6.088174
1608892718	-5.014068
409799018	-6.525479
1622931326	-6.423019
36126319	-6.257873
156075520	-5.386342
5031151	-6.091107
340296149	-5.086082
378096410	-5.473626
242993672	-4.603591
