14412533	-0.190775
2163623972	0.174036
249222850	-0.753656
1281503318	-0.423805
387984038	-0.358817
1206306506	-0.024739
57931553	0.212671
2258783241	0.231315
63160932	-0.507298
25198840	-0.323349
15289825	-0.104269
1452476780	-0.295518
1086619808	-0.614760
1623308912	-0.784750
2194801027	-0.360420
20467163	0.318404
19824430	-0.306358
1739650556	-0.024497
59558161	-0.506667
1444015610	-0.527849
804861259	-0.434472
252254916	-0.213725
40057701	0.080874
2375722164	-0.688220
451032276	-0.623760
1120298527	-0.029012
16860684	0.268856
187414539	-0.126516
479674626	-0.112006
19394188	-0.272875
1155335864	0.009448
20635633	-0.229721
248718904	0.282529
252644673	-0.021683
534680801	-0.685460
932446728	-0.092294
235373000	-0.155442
1377700518	-0.476249
437741704	0.143637
414516629	0.282689
46807181	-0.453527
1691930744	-0.327980
153694167	-0.666049
16705010	0.021932
22509598	-0.414465
31054788	-0.004088
1545781357	-0.113261
5990782	-0.531798
239949176	-0.302288
174879603	-0.740199
547778460	-0.026439
15993122	-0.286353
44209472	-0.032909
17811916	-0.594564
37131103	-0.123654
83932732	-0.589876
22006412	-0.420568
132201224	0.059235
1647266078	-0.386879
126632552	0.080634
16789970	-0.406287
1183998762	0.044264
317216233	0.201549
354493762	0.167876
24773493	-0.012133
119899270	0.235960
414774285	0.022379
1252129242	-0.040052
295868971	-0.036583
19186003	0.021450
564908956	0.188800
528484792	-0.424069
2291373043	-0.231170
2260662498	-0.175493
40523440	-0.467725
471606410	0.240984
25668918	0.045599
320787415	0.053153
383393464	0.177303
463890972	-0.424369
48366585	-0.161011
239584537	-0.617639
1357793240	-0.431331
51535196	0.147796
22930392	-0.162312
35137957	-0.724832
199317006	-0.160758
197628846	-0.146999
223360975	0.193554
29157809	0.285154
776063954	0.073214
277107570	0.171261
873631776	-0.485727
18943752	0.205533
492616846	-0.366754
75927706	-0.664009
1334517175	-0.789246
29205600	0.262445
182815759	-0.481079
54412900	0.162763
860696202	0.061145
171813900	0.056456
19312039	-0.460245
1009921273	0.237969
717888988	-0.100376
536281139	-0.577795
474326839	-0.269348
237763317	0.327636
164732631	0.237511
18890707	0.288700
18696134	0.255196
217454584	0.120300
25168293	-0.250229
13491312	0.127394
311789873	-0.569923
467801778	-0.681523
216881337	-0.081240
35998429	-0.763933
16256269	0.164429
1226281657	0.126913
47127416	-0.319107
598384016	-0.250015
456986241	-0.077050
9532402	-0.647567
26459660	-0.592768
35060071	-0.038887
424122984	-0.292014
164007407	0.490392
1127447660	-0.741736
728708694	0.029856
40367637	-0.109226
1367531	-0.380023
89657363	-0.196897
10375552	-0.450724
28480805	-0.403197
1328434170	-0.407584
1055907624	-0.530171
28856628	-0.081152
1915916724	-0.612815
708309848	-0.460258
108052620	-0.417394
11348282	0.127162
104615577	-0.489319
15697940	0.249011
1925127612	0.047472
1222580420	0.054041
254310640	-0.512919
201791908	-0.429594
1189780298	-0.619002
502184923	-0.687719
25124372	-0.511966
2237923975	-0.544819
18909919	-0.074079
384913290	-0.645212
177028305	-0.087556
266133081	-0.495710
249348006	0.141766
96386080	-0.232457
66369181	-0.524806
277008614	-0.499514
254859330	-0.758357
237460752	0.242051
2360123726	-0.466992
343588320	-0.704669
22113371	0.004030
2221362486	-0.535746
1025521	0.221787
79729138	0.146627
1060984272	0.183275
358606388	-0.085800
23220731	-0.449037
325691585	-0.421703
1408162200	0.108359
274824692	-0.524587
186299824	-0.664321
612117635	0.019616
35762860	-0.739636
19216998	0.298369
409522947	-0.565335
112765894	-0.436800
3135241	0.077143
280346878	-0.100946
220208804	-0.660656
116141817	-0.286749
611886875	-0.523284
73303753	-0.165208
25226477	0.148065
331678866	-0.308538
261918703	-0.156313
561628839	-0.361373
47544979	-0.031657
790097610	-0.353346
1718400349	-0.163307
15092872	-0.693886
1676771268	-0.635052
28785486	0.387547
183637495	-0.018120
521926535	-0.496483
124062781	-0.353319
241771567	-0.267204
31210583	0.247554
379378754	0.128042
576268700	-0.650226
163209579	-0.767757
1066076640	-0.426937
93189203	-0.139828
939091	-0.532719
254557147	0.058323
63506775	0.030262
240839950	-0.494519
172662933	-0.596503
618586017	-0.761298
85616770	0.225287
1091456496	-0.361016
267889663	-0.036454
160647819	-0.023961
510516465	-0.783687
18678924	-0.213420
35081819	0.162479
15980436	-0.026550
20618764	-0.434658
1689821791	0.206119
356199275	-0.155654
2205359364	-0.670235
211420609	0.312758
21631487	-0.398581
722800129	-0.720575
547174027	-0.675053
116748080	-0.037556
1057859527	-0.119835
27136225	-0.594459
269893425	0.102916
1921776680	-0.026476
2196548623	0.204386
124224165	-0.140788
519728645	0.109794
25214807	-0.026549
85898279	-0.076090
961520071	-0.728415
310608280	-0.117697
558895964	-0.114460
72831557	-0.623460
622198206	-0.292283
1027156464	-0.009994
18294521	0.266496
1725039222	-0.549773
222320264	-0.773872
251408532	-0.455318
1542493423	0.014953
543154345	0.058859
259834782	-0.365881
21873714	0.205749
108376246	0.143687
16614802	-0.620185
371887563	-0.108727
1090002997	-0.595408
93552029	0.252074
17111550	-0.064854
372503594	-0.511510
20015903	-0.396430
934933188	-0.279850
332340557	-0.532973
944917346	0.190040
2370786962	-0.527508
78941245	-0.459467
103727818	-0.759742
351266014	0.038154
1607546875	-0.156687
99949940	0.022735
1713542732	-0.658036
237600102	-0.372585
72129678	0.240224
180389279	0.022283
2179040628	-0.485418
517911880	0.002655
2310494503	-0.414498
2293131060	0.106531
218357036	-0.029114
558831200	-0.569518
402190452	-0.279924
97239626	-0.476636
11883722	0.250953
394303189	-0.761612
110420252	0.023055
61842393	0.197404
357580948	-0.092049
1496512904	-0.050677
425889480	-0.267196
168830539	-0.643802
15710384	0.062017
23109966	-0.126996
34773320	-0.285937
1469869638	-0.073941
198323147	-0.501433
29584150	-0.741683
322781751	0.022081
976969338	-0.322104
748531489	-0.398194
886946899	0.200733
397584127	0.103727
234057152	0.233895
26083271	-0.177325
26144769	-0.469753
287811065	0.257641
52763281	-0.026335
27048645	-0.055042
28336822	-0.326320
131791939	-0.611604
81919296	0.104960
306001688	-0.472428
125984383	-0.186738
1262557194	0.196820
506462653	-0.454865
85396297	0.461678
233557728	-0.277284
252819323	0.302058
238314303	-0.109084
296068607	-0.646890
1058807868	-0.153548
49986081	0.141541
14081659	-0.255861
452700445	-0.676669
207116000	-0.323195
1356966632	0.069217
49171436	-0.204962
855057596	0.205425
1340326969	-0.791000
598123678	-0.727298
966442267	0.341217
326210627	-0.703179
108617810	-0.659355
221508042	-0.324814
39322371	0.231393
31285825	0.221549
97298155	-0.504805
98910693	0.125288
1912048351	-0.279117
547416793	-0.357326
868637460	0.210283
189904289	-0.162912
584012853	-0.130517
176134825	-0.452903
606101503	0.205516
1469528666	-0.132428
543635294	-0.406735
360436349	-0.447512
481000411	-0.150230
326196796	-0.291292
1120550322	-0.764658
192441406	-0.349120
272542662	-0.298400
904655414	-0.596834
1060370282	-0.385004
121469977	0.121524
73931897	-0.372261
46004597	-0.003278
1447399590	-0.641958
1201824876	0.084040
359222643	-0.524466
384111224	-0.193364
80958602	-0.530691
1658898042	-0.433647
439049326	0.140875
195193469	-0.078071
209787354	-0.175200
362688424	-0.541954
432676344	-0.663220
55581437	-0.061808
147487756	0.139297
11856892	-0.632988
108689270	-0.226346
97931967	-0.100476
1644734071	-0.153410
198526130	0.520336
475294870	-0.146445
399170640	-0.118210
76163900	0.066261
998576058	-0.610850
430292078	-0.317097
823801824	-0.779066
1974399272	-0.132021
402719755	-0.209416
456032135	0.264779
743694942	0.196873
51943611	0.248187
1350118422	-0.181058
30864583	0.320898
39510422	-0.800554
353834752	-0.656459
2260579802	0.252792
15392139	-0.491555
26977568	-0.435909
47892311	-0.776284
20517132	-0.477444
324403737	0.238948
42913132	0.203941
573495038	0.075104
208692908	0.210418
425286290	-0.264427
452344217	-0.083055
220249920	-0.735595
267854863	-0.307101
582875320	0.256751
791967744	-0.420117
1548079500	-0.398095
288963206	-0.755977
239964750	-0.515228
2314375189	-0.226117
1729693597	0.082718
89193992	0.255845
1083448909	-0.528336
963480595	-0.147821
221528389	-0.438775
1058460818	-0.156295
26637348	0.279708
5988062	0.478755
221162525	0.395869
1964821772	-0.283146
278145569	-0.401608
387225200	-0.389812
435983624	0.262064
17005219	-0.006618
90518536	-0.123733
17633159	-0.662279
1355805258	-0.535870
14579415	-0.669053
267339368	-0.426697
75578498	-0.553378
717905080	-0.315668
24183358	0.298339
2318080736	-0.326683
1405337395	-0.535682
73833569	0.287836
1646054551	0.143321
245451804	0.136156
887385018	-0.277889
15987296	-0.734531
54446722	-0.342801
467787311	-0.701785
78387677	0.293895
1138688364	0.019707
224391627	-0.212176
318095351	-0.021222
44177383	-0.412288
178229698	-0.723957
36117128	-0.542087
240812994	0.147562
1080509366	-0.087007
1480654033	-0.417646
22242298	0.038409
171693939	-0.790714
285737815	0.100490
1055685948	0.041160
25956294	0.207449
1058051748	0.156208
1092248911	-0.373849
18205674	-0.514102
245419752	0.247831
7597712	-0.234428
418078050	0.132086
472587512	-0.059820
379815077	0.255274
516880804	-0.702480
14764240	-0.686824
115733549	0.369406
1674501806	-0.557835
1058917562	0.329592
16348437	-0.234395
277363853	0.204769
260807192	0.171162
20245031	0.076513
337785530	-0.264741
333663029	-0.658122
65433355	-0.052441
28423263	-0.378195
2312501226	-0.381020
585441089	0.032752
126171100	-0.187388
349979682	-0.207152
841342315	-0.084446
525736608	-0.716243
557050706	0.050244
334965470	-0.132681
249814580	-0.198007
274255909	0.134782
310347243	-0.291050
1730532331	-0.291017
867444085	-0.507057
297498647	0.255629
85476251	0.009803
154699063	0.219061
93761782	-0.122397
1090009730	-0.283746
360080772	-0.027038
16631939	-0.704422
376064104	-0.688430
619964159	-0.250780
20468251	-0.084151
26513860	-0.337956
168502762	-0.224077
258900199	-0.351044
488297851	-0.133084
21269970	-0.018220
24735461	-0.296652
384538886	-0.127490
376946273	0.273184
1331884178	-0.018590
377534571	0.226183
2227361208	0.257999
17544524	-0.154821
24298528	-0.281838
37982748	0.270895
195790079	0.273336
411765271	-0.668738
254032655	-0.166408
995193054	0.196363
175131510	0.005744
2412155161	-0.433264
1691191704	-0.639087
21797269	-0.193660
1228070911	-0.480048
123999551	-0.002596
7402662	0.167198
2268031692	-0.351766
703301119	-0.489083
2385644521	-0.414401
190328374	0.467053
240385577	0.312511
18732816	-0.135297
976404032	0.157804
613404995	-0.737250
239871673	-0.388259
1897447471	-0.770450
55677432	-0.546033
22545491	0.180924
156212602	-0.385337
305818200	-0.298840
2205545306	0.221995
234837632	0.348817
18822612	-0.047524
345491974	-0.342233
2308777399	0.103303
18030431	-0.068920
2207375216	-0.335323
70799357	-0.210637
148021006	-0.614351
23578274	-0.145965
296925880	-0.352923
903320070	-0.024761
15639642	0.246057
161329769	-0.206736
22055226	0.107130
213634439	0.272080
8162322	-0.678661
1564956584	0.064669
22509548	0.323316
14129299	-0.697759
34238458	-0.739390
511079500	-0.274733
377591325	-0.102371
2252607128	0.060586
1015802058	0.193150
756285384	-0.528151
264494662	0.006231
90490354	-0.662371
14774189	-0.229476
34069014	-0.159177
1222684418	-0.794398
25755336	-0.781554
240840748	0.273168
15160884	-0.456935
472263579	-0.363251
7900962	0.011984
27302870	-0.584635
1074101017	-0.674050
22028039	-0.517954
214209081	-0.150253
1601370486	-0.737958
2191060944	-0.547266
199510192	-0.237591
968650362	-0.241910
22523087	0.157995
753647880	-0.546797
408105171	-0.708062
404132211	-0.652357
176896268	-0.298165
114756202	0.117874
47468096	-0.557266
1431823160	0.162424
40750860	0.135095
358302508	-0.780713
347395654	-0.485963
65146567	-0.145511
31744825	-0.631191
136682183	-0.076128
33530012	-0.586823
2322307531	-0.105474
546176922	0.119650
237019973	-0.744843
1031845399	0.170789
346813911	0.247706
189986982	-0.063065
777390745	-0.444971
59704563	0.221340
234053893	0.301410
41445718	-0.357253
19670455	-0.075526
1132232611	0.086652
194720228	0.167643
308852834	-0.146133
21144715	0.037854
376527578	0.198516
22669526	0.199055
794546882	-0.534446
26818986	0.269614
19576571	-0.369517
615537104	-0.636926
2352119654	-0.168292
21542518	-0.128704
494114249	-0.469678
1117326481	-0.312373
14354562	-0.496875
1023294366	0.102880
336699225	-0.526174
360338075	-0.019517
265639238	0.043566
402029058	0.124624
535181994	0.080739
18170310	0.161040
1068470480	-0.393207
109355585	-0.107917
1510311302	-0.044836
372315769	-0.136736
21333396	0.316323
616965232	-0.717716
1516670166	-0.425242
233601728	-0.299134
114299101	-0.761121
61046743	-0.582870
177974542	-0.254574
300013543	-0.056278
254226686	-0.409403
14857525	-0.213375
237853147	0.042339
300430043	-0.248993
121171657	0.162796
37836873	-0.231877
187108150	-0.624673
36738199	-0.151422
1710292866	-0.535331
248735463	0.261615
40954486	-0.380634
284601302	-0.663104
1447467186	-0.723548
253281321	0.051536
15602331	-0.741545
577609337	-0.106680
43273533	0.061136
26777550	-0.714054
30045475	0.124302
58228306	-0.571810
874694125	-0.112234
890904109	-0.070122
470703779	0.239522
122183484	0.103159
589070172	-0.221658
1075303104	-0.116627
457733782	-0.375977
117661549	-0.130738
20545793	-0.392162
160919506	-0.491292
154233179	-0.222951
370467757	-0.412209
216486007	0.079905
438040565	-0.235585
216855513	-0.578631
2264976900	-0.651990
378636572	0.158965
321234739	-0.201076
2278730858	0.000426
344525024	-0.711061
220765205	-0.138970
16002085	0.162997
1681848204	-0.189056
123421771	-0.402962
831933780	-0.254993
1228652142	-0.347658
1283908939	-0.240510
747876121	-0.597713
780383160	0.189288
531596035	-0.169856
1410590874	-0.064591
16827173	-0.285453
1625304829	0.255235
429268149	-0.031655
110445334	0.210493
22528309	-0.332076
132345883	0.229210
233693291	0.258275
372506462	-0.173025
18863927	-0.417285
242873057	0.332096
430235090	0.100510
36564017	-0.004116
304115290	-0.416476
1901018683	0.131506
1037321378	-0.448251
278433367	-0.693774
302113333	-0.226740
1609169504	-0.516236
17997831	0.141661
1531521632	0.000652
291551843	0.228434
14669951	-0.454075
368914608	-0.510608
1375871708	0.209627
17340186	0.023185
432766911	-0.493527
68281948	0.240671
127963931	-0.249859
18646108	-0.094180
549438299	-0.003975
16336478	-0.361012
83195396	0.250825
467636108	-0.745628
231898286	-0.337694
70590748	-0.092329
441040701	-0.221134
137084996	-0.150619
912598626	-0.616121
230720547	-0.056633
41861272	0.146479
416644656	0.100827
2317625354	-0.460688
28176898	0.411678
401989810	-0.668193
581275783	-0.072428
91935208	-0.679100
18791763	-0.491327
27688281	-0.507129
1853114688	-0.307539
14246001	0.009019
1486445498	-0.480431
977560500	-0.276025
15715665	-0.133048
235279028	-0.577134
805188312	-0.203310
64507817	-0.617644
277193651	-0.488706
21910246	-0.232804
156763824	-0.572752
1045110018	0.033930
614706394	-0.378160
36686040	0.400553
1917731	0.509826
280913598	-0.586919
249787913	0.017291
1242946140	-0.257299
1526488393	-0.336221
28008943	-0.584437
2316393866	-0.213941
526750889	-0.772527
1849400233	-0.206310
125613253	0.033142
15380417	-0.006550
26051676	-0.005756
90250351	-0.336261
931024693	0.293210
2245423891	-0.617976
73791927	0.216412
389357597	-0.774077
514749390	-0.355176
1232484468	-0.494207
935033864	0.202677
27274887	-0.091316
952575223	-0.143741
414068004	-0.254408
49057566	-0.772584
702460382	-0.754330
243413616	-0.283133
121537837	-0.213531
122174004	-0.559015
265329329	0.103031
237504609	-0.028589
858111194	-0.182595
246447524	0.013702
20397563	-0.036554
260479308	-0.083652
935987066	-0.512635
1051446626	-0.021311
1428792126	-0.264512
15007149	-0.114091
238264015	0.120205
237862972	-0.520296
265993392	-0.286610
15976697	-0.336364
315992993	-0.598409
127919146	-0.394027
403639485	-0.012049
17120599	-0.232427
1105408002	-0.343596
328679423	-0.356703
130977700	-0.640687
70740010	-0.417043
894512114	-0.751662
78408666	-0.035555
2394285656	0.054848
2292332720	-0.531682
21572351	-0.286566
1157543414	-0.400158
130600206	-0.420061
249219716	0.226502
346949527	-0.086507
337595668	-0.130447
2155491151	-0.763438
51982954	-0.713413
15224867	0.485135
27675227	-0.477207
2236668625	-0.697475
108323434	0.042499
52052011	-0.337763
2304223555	-0.070789
538121732	-0.546216
50707364	0.111563
470654192	-0.695675
1092757885	-0.584786
93950784	-0.209694
1360075950	0.193701
19612749	0.073235
1382011333	-0.669912
55440365	-0.776314
37497720	-0.595729
117432541	-0.741465
1613159058	0.062581
103949895	-0.606623
399112142	0.182600
22265452	-0.280323
1120582274	0.262009
1089334250	0.025198
461301890	-0.673494
198928268	0.150187
12298112	-0.419408
240135871	-0.624125
22507324	0.060078
117792965	-0.414342
381874511	-0.763207
741061716	0.027426
325040651	0.224329
294959299	-0.606964
457276155	-0.774429
1237156340	0.196036
21643972	-0.145835
1362806395	0.186266
136550204	-0.745455
18579364	-0.742638
1326498037	-0.363532
40510796	-0.665587
598853747	0.194925
573916220	-0.765264
3913931	-0.677601
91346513	-0.661899
2329092852	-0.218548
2176134116	-0.566749
1461162020	0.223093
183212100	0.030826
15210284	-0.342622
133022865	-0.603427
171154131	-0.027111
18172905	-0.679098
123150166	-0.361095
938657858	-0.726049
191496735	-0.210873
252249233	0.057394
137794015	-0.439629
220551206	-0.060429
65082057	0.047315
1553746556	-0.530919
749375898	-0.691077
889786374	-0.511702
624927613	-0.376116
158290255	-0.472255
363540832	-0.486291
24509586	0.248515
447277172	-0.580767
14398250	-0.771939
287545295	0.186880
84119348	0.264782
236541422	-0.535772
62387220	0.013177
2316645626	-0.459269
18622869	-0.062676
53725673	0.251992
1422790478	-0.589663
1112972713	-0.219723
443265529	-0.757185
335476450	-0.555449
1870463754	-0.365188
714409014	0.174926
344516847	0.046760
271007688	-0.367082
1387919042	0.225969
627838899	0.132000
33205490	-0.759115
1328762540	-0.190027
284664892	0.014077
1265860620	-0.083530
619541619	0.136640
249327401	-0.566556
1023872718	-0.780536
138531540	-0.622429
22076537	0.283238
49969221	-0.395657
21346197	-0.707819
1431454158	0.026676
24745957	0.305680
626001129	-0.666911
1345850192	-0.689505
243502423	-0.547421
414543577	-0.060490
59281449	-0.488279
270792742	-0.070414
325830217	0.321387
18496709	-0.256815
1035443946	-0.186437
286799590	-0.268049
1539064994	-0.705962
624753464	0.270114
291756142	0.304792
35013862	0.111295
1849074780	-0.628882
171598736	0.389004
20209807	0.271035
1431884516	-0.762049
15923226	0.047433
1209417007	-0.157738
2161486428	0.150305
215346722	-0.032337
562618381	-0.542551
125208664	-0.491815
625296182	0.104718
36691808	-0.522353
17680840	-0.598032
731524644	-0.067538
405785853	0.053516
18566912	0.369416
1444416162	-0.464233
930009097	0.193099
836709230	-0.258641
432771620	0.110378
50370046	0.232266
287896740	-0.030209
193076432	-0.487257
216355557	-0.424297
24448865	-0.367366
378547255	0.071270
24195214	0.196631
41017380	0.420668
540241441	-0.399249
39803436	-0.407382
271593651	0.246510
232127685	-0.706346
148348430	-0.284440
1413602821	0.115816
524724189	-0.242097
249288197	0.402400
63169388	0.163377
19693903	-0.168224
15769734	0.158874
1884258127	-0.417429
158397501	0.192978
25382456	-0.592275
628559456	-0.004560
620708331	-0.234744
1872933859	0.010397
23951197	-0.114055
2185601035	-0.233306
85342505	-0.234455
403539769	-0.697542
321380757	0.099071
422076926	-0.747661
20469722	0.193316
776698136	0.080919
1092750030	-0.587357
50552213	0.020941
19201438	-0.661859
157305077	-0.197862
213207055	-0.338578
130274805	0.164084
348522887	-0.706794
2309440500	-0.075528
143489158	-0.581616
783749288	-0.384020
559073634	-0.565500
562640547	0.284718
608902626	-0.317117
49194495	-0.189965
20880535	0.243686
1210072844	0.007204
54606494	-0.588937
81021861	-0.046642
18277655	0.268444
33537967	0.117279
48354257	-0.289364
107620932	-0.450633
14540659	-0.406827
1636639214	-0.755065
365239637	-0.275361
15941955	-0.425590
1342502834	-0.171180
569212271	-0.280317
971412384	0.101385
295685416	0.495044
1963246038	-0.244332
250736913	-0.309411
1310708510	-0.689957
50634125	-0.239472
1539300170	-0.553853
1109679128	-0.506907
253654580	-0.349659
19563355	-0.059790
15458694	0.189460
230100284	-0.409040
10615232	-0.152550
1045853744	-0.498020
233949261	-0.066344
593718490	-0.172535
1186810890	0.075352
1186874899	0.042855
288886063	-0.630847
247517295	-0.254685
30437038	-0.339004
63796828	-0.689234
915781920	-0.296581
18915145	0.365079
76348185	0.006612
1915018465	-0.502353
22698090	-0.523059
20608910	0.415935
87714473	-0.200776
1237704769	0.267678
467823431	-0.594400
249410485	-0.461343
108052596	-0.640945
1316483802	-0.634576
23365717	0.165953
477583514	-0.344118
200870788	0.117152
33655490	-0.019107
14511951	0.072013
933487722	-0.795295
430343685	-0.787934
24477294	-0.537425
234812598	-0.324221
94103877	0.263960
180197930	-0.364050
54207182	0.277883
318711662	0.235396
1347830329	0.151376
22812434	0.080535
14110710	-0.621344
15918353	-0.510784
15554922	-0.027176
254174408	-0.383538
53420694	-0.361876
1979395855	-0.541050
462285708	-0.413485
295805574	0.218763
1072467470	-0.010929
20621911	-0.081591
759316808	0.082434
1325640288	-0.407259
109071031	-0.407192
2175130770	0.149395
4389861	0.129834
231510077	0.343887
15764644	0.421812
15212187	-0.243615
127074099	-0.735891
43963249	-0.014844
27311044	0.407838
1183912596	-0.532335
1225410018	-0.002229
2192362761	-0.136675
589869443	-0.107023
240376522	-0.216683
424522799	-0.692473
351133674	0.039461
1692578893	0.000432
18217624	-0.338884
250462634	-0.477979
134302187	-0.180050
303920466	-0.019941
1346817602	0.036240
1686565519	-0.236398
61313751	-0.623432
743167003	0.153953
39787282	-0.511493
118941676	-0.424465
26305670	-0.615898
418269619	-0.043805
1070943116	-0.748053
209151429	0.066070
26820795	-0.580956
806186582	-0.544872
442610682	-0.719869
15584433	0.127804
703759688	-0.563004
631648466	-0.575895
127908221	-0.661051
1551310284	-0.102282
2294530717	-0.384187
1176615978	-0.687068
1465964245	0.021147
192041694	0.197493
74960018	0.055692
584583739	-0.022210
2188340009	-0.319811
32537213	-0.227432
121656624	-0.142836
586730005	0.128640
1007065914	-0.298414
417664241	0.186129
16557756	-0.496783
788006827	-0.202334
46499643	0.122434
80612021	0.083306
2362779882	0.194802
14345062	-0.274498
146263776	-0.749811
334127852	0.194548
515898679	0.133531
66209943	-0.664710
1673504017	0.060032
224766531	-0.168589
2242638817	-0.283984
210926192	0.458288
1031118500	-0.141814
1602268826	-0.259851
399502932	0.257907
242761889	-0.110417
355881289	-0.161329
48425512	-0.440883
27242307	-0.066112
18137749	0.101712
21111098	0.180943
724658815	-0.181505
70587562	-0.577951
112740986	-0.371569
594582597	-0.494828
1155212191	-0.589323
67776968	0.153553
50128726	-0.572696
29898014	-0.272854
28382250	-0.129107
39424870	-0.316288
1187949900	0.032803
2340869731	-0.358368
53503202	0.120392
16930125	0.119841
242892689	-0.351213
1430814439	-0.352392
118540429	-0.640388
2294105892	-0.637563
417393341	0.111864
16739711	-0.546541
312435184	-0.295220
56864092	0.383890
221793778	0.216108
17750784	0.189667
427742683	-0.422383
1190825605	-0.796381
26596727	0.175972
569666511	-0.738097
1480218668	-0.700263
26424123	0.448585
29751942	-0.630887
497535334	-0.320926
20597460	-0.455489
11651202	0.070774
56440142	-0.416902
492480327	-0.723049
935398104	0.242920
323166438	-0.463876
16474026	-0.649277
174369590	0.044793
68888437	-0.783265
7350652	-0.555258
133832049	0.153730
131149247	-0.729599
346045240	-0.234542
1655093820	-0.681016
1080732656	0.090830
119527861	-0.195496
1611680690	-0.665488
1620243926	0.113219
237750442	-0.371922
38516217	-0.002439
1705042116	-0.375997
422964271	-0.407835
2364631970	0.162683
1925431584	-0.725994
50731463	-0.460405
191688736	-0.687782
235190657	0.464032
204881923	0.165953
32265225	0.090854
78569026	-0.596793
397382646	-0.096365
407053599	-0.502451
268007771	-0.296373
2467791	-0.129928
22508473	0.164172
2435410690	-0.280712
1301606089	-0.728701
218267731	-0.377382
18632666	-0.122103
22387804	-0.693481
6577802	0.010765
2288502470	-0.562427
1122064316	-0.408127
14925704	-0.646759
156029105	-0.403908
20113797	0.412269
79022250	0.207411
17033503	0.301023
484134207	0.203639
29793493	-0.321895
2161537962	-0.268348
718468320	-0.250682
67738195	0.212074
44215945	-0.508982
221496713	0.105878
788081918	-0.044943
860733170	-0.239294
23387115	0.185494
22812754	0.392216
98929990	-0.086852
297940478	-0.535723
264221149	-0.655325
18056015	-0.605747
62770351	-0.563359
628760912	-0.635670
587783109	-0.418680
58379000	-0.344872
121841737	-0.069193
39279393	0.015805
92071963	-0.340937
127870840	-0.781122
22012091	-0.208346
272019676	-0.627467
346885718	-0.352944
148086041	-0.453586
787373558	-0.021133
520245212	-0.327618
497546508	-0.056302
557806506	-0.654465
186430550	-0.156915
41377639	-0.088209
49045755	-0.789678
798420806	0.104478
1006482620	0.196191
154139987	-0.538123
1915752144	-0.688895
1308601632	0.065508
1326751968	-0.787454
242618658	-0.510205
24045931	0.253460
297532865	-0.376421
24670782	-0.675477
59888738	0.276425
71358042	0.129854
46724483	-0.790203
1468560242	-0.581734
1267462094	-0.683837
277750492	0.171248
542842941	0.173598
176135285	-0.510851
36394602	-0.475121
76350004	-0.042595
50150341	-0.005807
233346654	-0.650207
109287731	0.386694
1686107834	-0.625729
1093441423	0.121563
6092972	-0.237734
250719718	-0.617755
58492046	-0.251136
308721230	-0.056371
29766367	-0.115441
759251	-0.128691
393821580	-0.441469
77839894	-0.420592
1716914930	-0.657649
10102032	-0.370766
82649553	0.249869
1653370998	0.285389
1362944844	0.158593
61906286	-0.530826
1932803906	0.063536
221447516	0.189212
1905156690	-0.503722
830918346	-0.197412
12788332	-0.509023
33622411	-0.124396
62354707	0.250389
1621009105	0.041699
104727439	-0.213725
24913074	-0.130543
106591004	-0.438761
18221712	-0.488366
5357812	-0.120705
103335794	-0.173949
905020056	-0.006376
15603311	-0.543489
15762842	-0.493208
15555056	-0.321332
115979444	0.511556
2361890355	-0.437211
575344793	0.062361
157382927	-0.317585
16062766	-0.284983
218779638	-0.610200
2302483196	0.106921
1655816936	-0.233423
454947269	-0.419015
470366309	-0.772714
16130949	-0.600830
2409239300	-0.260123
270370405	-0.082385
29293808	-0.408543
244268646	0.201022
16742053	0.163194
942156122	-0.278905
703561088	-0.474939
382534366	0.207313
17065503	-0.091923
1296038210	-0.667830
359596838	-0.672690
227088228	0.372270
813286	-0.325050
137571771	-0.344969
1234286196	-0.478534
14849664	-0.051702
140959145	0.265806
148453195	-0.415667
301090775	-0.144695
14800483	0.214159
792608948	-0.181020
950783972	-0.226174
220241174	-0.655317
381413722	0.160773
119250381	-0.555834
24299006	-0.631571
389840566	-0.607990
36777778	-0.162618
88806753	-0.321626
415780303	-0.005308
143779492	0.286841
614542142	0.197837
333504114	-0.325824
29848453	-0.361001
65919935	-0.339261
44682276	0.281709
593813785	-0.719667
582931822	0.055333
31801993	-0.019183
94366606	-0.518518
162784542	0.226754
330816212	-0.712350
448923637	-0.187599
1096507650	-0.085856
15428227	0.054344
411997494	-0.179496
2252899873	-0.730213
14293310	0.325718
40402146	0.108176
18811140	0.073449
1365917090	-0.743297
273098660	0.058871
88976164	0.073573
23970171	0.191546
1347674623	-0.694522
223523798	-0.663400
15014405	0.229286
1347436638	0.146810
2836421	-0.464024
15964588	-0.437349
38254095	-0.217256
37094727	-0.081005
64161351	-0.057044
372345957	-0.194999
14672279	0.030817
16030518	-0.069826
91137301	-0.718218
240663096	0.039516
247334603	-0.045191
20957491	-0.532898
26841582	-0.647687
28238988	-0.556516
30673492	-0.212240
35518656	-0.665638
322737879	-0.714499
1965801554	0.109067
47614124	0.045289
71281860	-0.589826
721052064	-0.317577
1949611364	-0.680433
18008330	-0.198276
148006729	-0.609286
1301328822	-0.294823
1183811947	0.015056
17906632	0.087902
155680896	-0.377484
26111775	-0.631218
349219528	0.234073
86364947	0.280119
2181453624	-0.585589
26316100	-0.098336
1556756886	-0.340243
20002401	0.037516
19269183	-0.304055
321119379	-0.342893
1300124792	-0.747559
563844379	-0.312712
751806494	-0.054781
33027306	0.113665
23117388	-0.596988
819528355	-0.410784
267217520	-0.315256
886986138	-0.457528
497551327	-0.105131
59568948	-0.215560
1716366295	-0.407638
1905833168	-0.714342
448169106	-0.228814
148333607	0.026815
289374103	-0.444034
360191435	-0.354205
450786176	-0.432939
23617145	0.093261
317193393	-0.361191
144189766	-0.311867
279964598	-0.498635
1120931132	-0.622564
1137600571	0.169839
33060832	-0.173789
18480494	0.030485
292990703	0.261136
1117009244	-0.780078
33576489	-0.135770
17848544	0.185484
463918261	-0.371406
990635636	0.186090
18213420	-0.710228
214179002	-0.148170
195070336	-0.427849
885789362	-0.596078
22831059	0.015283
22081190	-0.593270
153486399	-0.511320
236480864	-0.102780
37202770	0.125753
374161639	0.143065
1242109014	-0.347917
211530910	0.267630
1606703838	-0.256954
348857253	0.211220
167856299	-0.554914
502440556	-0.446764
14529929	-0.545977
631876809	-0.491797
1902537799	0.263926
700126891	-0.056373
20444702	-0.489719
32789881	-0.623183
67906573	-0.018292
1032703770	-0.526743
7334402	-0.461540
19245431	-0.768094
110924703	0.072733
198523967	-0.153699
1058345042	-0.086517
2296636404	-0.266947
15471838	-0.765630
1702539968	0.089182
20376424	-0.564321
21509894	0.054404
1388590928	-0.512827
429181880	-0.198976
1073212812	-0.540872
283657826	-0.077753
460656473	-0.735810
1277984012	-0.748761
165533941	-0.309723
42638402	-0.029408
337752039	-0.026386
1393599296	-0.688010
114607567	0.253798
1144145946	-0.322287
377702207	0.028952
237814920	-0.415733
851621377	-0.086651
1487887076	-0.309081
1852819452	-0.225747
109280446	-0.146285
1665719612	-0.649161
537156670	-0.138595
411526571	-0.574842
488127904	-0.527691
34270503	-0.149161
95602718	-0.551807
191208249	0.245143
21351432	-0.213122
592019654	-0.659870
385429543	-0.018262
234937222	0.252081
26194384	-0.607917
47975734	0.493211
1023320856	-0.576910
211901075	0.456793
271552521	0.002051
1222283971	-0.439732
2321129046	-0.346863
1722842137	-0.093128
1540496365	-0.604902
10025982	-0.004782
17530189	-0.169769
123667924	-0.600224
1962564906	-0.772891
110893482	0.212352
93575832	-0.159484
40750718	0.037935
960962340	0.326199
222195455	-0.259647
16056306	-0.337247
1074129612	0.036832
60801758	0.051451
21426423	-0.128477
319529691	-0.534627
161411080	0.047358
161791703	-0.138777
939621458	0.160001
16703058	-0.130097
301081520	0.001981
32010840	-0.359851
834525002	0.184545
26809683	-0.531564
202206694	-0.207012
520778762	0.169330
8775672	-0.618968
317608866	-0.610958
24184717	-0.749890
1356531588	-0.456378
713463571	-0.391204
176260948	-0.153032
278005891	-0.685316
36737855	0.026876
35758513	-0.399411
17896154	-0.449670
217550862	0.078337
1110920106	-0.572397
1931992778	-0.777681
1128781184	-0.600580
29865139	-0.075978
977369880	-0.361435
62330632	-0.339762
34340464	-0.422818
1033532365	0.122435
830430216	-0.116240
155642785	0.312664
1154667132	-0.732233
1080602371	0.100266
360605502	-0.167744
63787812	0.176677
30027177	-0.201564
2369234174	-0.241052
5741722	0.007781
551698752	0.182965
545501375	-0.366360
1596947036	-0.308907
1449407450	0.186566
326551457	-0.106354
95509057	-0.604846
423688722	-0.604319
328258374	-0.387166
705661256	-0.580567
496786334	-0.575828
1879871294	-0.430723
2374720591	-0.006310
1954751917	-0.283788
550401754	0.405780
370076582	-0.065188
18820392	-0.359968
16298388	-0.172081
348861268	0.086717
1623282788	-0.072281
14124614	-0.132389
36588739	0.190400
88784440	-0.336502
16804072	-0.382096
2356356972	0.264109
1258312562	-0.257344
43216755	-0.095445
703640660	-0.398480
896620178	-0.237058
122473388	0.063641
234906311	0.060227
16018516	-0.263842
586045941	-0.586905
1115633996	-0.312218
485139684	-0.531809
1352594924	-0.654738
1621076712	-0.070479
175102610	-0.780575
63749707	0.186237
20733972	0.038385
17291452	-0.029824
20906882	-0.152914
615181714	0.160600
78966155	-0.415987
1430524482	-0.187052
21669223	-0.520961
8870632	0.159979
14730894	0.300109
1959864463	-0.042017
21321475	-0.470797
272520742	-0.367813
19918558	0.258654
1959387662	0.081367
14216438	-0.270902
492378372	-0.215763
1154894353	0.237482
1463550048	-0.396524
24305421	-0.539516
26265640	0.044346
382441782	0.182287
856549532	-0.534332
235271965	-0.379570
314335929	0.027853
59969802	-0.600840
74058012	-0.654390
347877928	-0.246958
30500021	-0.337668
716563918	-0.295906
2255274860	-0.398767
411766612	-0.426994
39793438	-0.067918
41634520	-0.018629
51228911	0.159634
247496974	0.037551
234374703	-0.184503
2168350939	-0.274033
455037005	-0.049609
267781214	0.177989
26324609	-0.673318
17487795	-0.404691
339852137	0.274779
230761725	0.249084
14616459	-0.551263
1556371026	-0.609699
199325935	0.061660
234927299	-0.287720
109025212	-0.387788
225326840	0.045085
1363394484	-0.458970
75367781	-0.213705
343171266	-0.442954
15600527	0.403811
89526574	0.246356
523397097	-0.410538
1092979962	0.091563
63804234	-0.416879
206716135	0.261314
260841091	0.037071
47470008	-0.233283
68198447	-0.002472
2377726519	-0.328038
1221321108	-0.318988
205420257	-0.574573
1243902714	0.201037
1049460835	0.198909
49782398	0.026807
1246599554	-0.343364
113420831	0.153779
62907908	-0.130344
72874723	0.260789
236899846	0.094970
1891157910	-0.356751
505932430	-0.687717
85778445	0.167951
270067927	-0.066037
331268118	-0.330302
1201520622	-0.657836
538416721	-0.525404
359950567	0.235463
6794502	-0.154187
1263944875	-0.213532
58287227	-0.010264
338553588	0.186419
213182436	-0.651882
46176168	0.191063
142721190	0.213733
943501040	0.269934
71070614	-0.513535
18317325	-0.353508
1065995022	-0.149093
21941446	0.064119
87055347	-0.630343
259950795	-0.035081
506091865	-0.615857
1581759588	0.273862
547839797	-0.201951
1697235505	-0.514823
932421955	-0.103227
46016028	-0.390680
25768647	-0.421511
17074440	-0.496144
1143929599	-0.302193
2254857197	-0.180712
631543401	0.131482
959687432	0.211591
97368029	0.174904
32774989	-0.300198
415981838	0.268470
180287231	-0.345327
472541504	-0.349346
1482327366	-0.153776
454953162	-0.645377
20552026	0.450366
180895768	0.145445
14275291	0.395210
2324036732	-0.320552
346030501	-0.392107
14135426	0.066567
191005134	0.024353
14389132	-0.671510
16472624	-0.483116
286363562	-0.719708
163586067	-0.586373
390292636	0.174809
991821667	-0.541893
20449956	-0.304776
1693751167	-0.721986
1658254478	-0.074719
268496469	-0.666951
1497383952	-0.226601
1313165581	-0.335777
1532014123	-0.015501
139574248	-0.186241
99157266	-0.408990
83200882	-0.539466
2317860566	-0.316559
216481299	0.229538
805777398	-0.626130
361365479	0.003165
97171189	-0.332575
807095	-0.243597
391413865	-0.655809
89820928	-0.072695
246499208	-0.593887
85606078	-0.257144
435877117	0.191429
16385104	0.019918
24135119	-0.539554
276763538	-0.106658
207731256	-0.387777
190699396	-0.185932
1870898497	-0.304501
1104083418	0.256738
52992670	-0.460170
27676828	-0.225103
310912778	-0.700511
47056405	-0.382180
352643501	-0.512856
252115520	-0.155138
47402168	0.174013
404542591	0.077177
594870776	-0.401030
240327228	-0.191020
263975503	-0.262342
1068990122	-0.732950
261263905	-0.741573
1357427004	-0.637639
19253918	-0.279437
586032653	-0.770956
451967996	-0.391465
18793575	-0.731868
23712174	0.047267
252819642	-0.498962
195019882	-0.646781
18244206	0.097350
8953122	-0.631212
33655512	-0.579982
19926675	-0.092729
287861586	-0.512257
323239103	0.179638
17439675	-0.060381
18967498	0.247971
29598035	-0.151686
796737758	0.183004
180396181	-0.650366
305389392	-0.740779
85353299	-0.554460
1423715941	-0.468111
17282256	-0.302186
1322558402	-0.236485
430830756	-0.591392
1733849666	-0.247806
449959102	0.275645
733751245	-0.004001
1558893368	-0.007111
56653367	0.130693
39191258	-0.675668
498961346	-0.051364
300515560	-0.781445
539866149	0.157323
225988631	0.256783
78431501	-0.291541
76392970	0.053096
248791332	-0.614637
1117640744	-0.613221
118152495	0.158277
15751083	-0.199443
22262553	-0.344116
1905298878	-0.431475
1443203875	-0.178605
39308549	-0.025197
196147086	-0.419389
47891535	0.281805
15029174	0.046825
273795671	-0.756739
237944147	-0.340439
1738425180	0.074654
758067224	-0.021635
424263083	0.211665
456911539	-0.128331
64022803	-0.331663
262424195	0.146786
1699808366	-0.592757
360427514	0.224600
169472184	-0.301290
293254420	-0.715374
613725908	0.183322
485264526	-0.112559
778724700	-0.242404
427024774	-0.081859
1068626984	-0.684557
148565166	0.088326
29896465	-0.001231
15281676	0.267016
20713061	-0.148825
193732179	0.104261
1043702834	-0.743663
398232779	-0.665882
1516830966	-0.220076
864768235	0.142968
2417754469	-0.293949
356390382	-0.659263
712959254	-0.354662
180846791	-0.780503
158495061	-0.589962
64660952	0.149251
221792092	0.320654
75785294	-0.498059
242068532	-0.713398
619479855	0.000445
48117116	0.465460
443681123	0.021141
380371286	0.266135
30930019	-0.462040
195955478	0.021331
2192766368	-0.246712
30043495	0.444729
126644609	-0.576551
76651617	-0.136120
386455581	-0.211462
49316020	0.164809
236916916	0.104151
5558312	0.500769
80473367	0.301902
44117460	-0.181777
330001961	-0.743718
373311804	-0.562550
1849261916	-0.753207
180100015	-0.621489
234822928	0.058970
269931179	-0.304450
8128442	0.049774
292935209	0.489226
572317065	0.236189
19553409	0.176499
242555999	-0.241262
996565820	0.074732
886042746	-0.431123
98242752	-0.182953
28859894	-0.281144
16086967	-0.391988
1578519660	0.021167
283265252	-0.321716
350930593	-0.238255
1002313952	0.162928
2265167642	-0.278918
1076928920	-0.436262
1944510751	-0.230598
22417674	0.262146
49697450	-0.405447
31350534	-0.218044
1694503231	-0.304533
1571660059	0.202583
161344057	-0.622383
1189735556	-0.284311
809050796	-0.715324
22819917	-0.347329
1602752804	-0.543873
14809189	-0.630430
578069877	-0.143819
311165745	-0.054311
155669457	-0.059323
1643415560	-0.496126
249339682	0.101033
416686487	-0.703511
22097192	-0.123297
1927804778	-0.125604
1077121945	-0.411326
33345380	-0.454990
287269659	-0.511763
1955581326	-0.699747
1860099558	-0.605729
137381495	-0.005092
1408518626	-0.622789
317407076	-0.541676
1117953943	-0.718387
19726613	0.467463
1935184730	0.231561
201877444	0.230257
7713202	-0.262908
57977498	-0.317611
87318108	0.167122
9624742	-0.417382
19891260	-0.380049
254775647	0.218131
15116570	-0.016685
1925654095	-0.708377
17643209	-0.505172
14344823	0.229027
308664726	-0.547820
558769636	0.314620
40024874	-0.028267
198963912	0.104518
189910408	0.193508
50839205	0.056369
560117034	-0.706815
2363258587	0.060436
19739126	0.431789
338883349	0.083169
48086014	-0.295302
2282872260	-0.413683
33665393	0.082407
205886080	-0.422548
135931182	-0.284387
800162478	-0.276569
373011304	0.093797
7270292	0.007993
17976923	-0.413149
104797238	-0.143393
2337254448	-0.124215
97150206	-0.442080
5561412	0.123064
42760147	-0.438052
191923358	-0.309528
581141508	0.200181
223166587	-0.175287
193614775	-0.331300
28599820	0.232891
1001025787	-0.165930
972323274	-0.695619
9855382	-0.431403
472632386	-0.751384
2230533374	-0.741214
2704951	-0.010292
1611064304	0.223875
342601720	0.039024
224320485	-0.547520
121620626	-0.486948
364564017	0.047611
1469735982	-0.579934
17768436	-0.220539
19543987	-0.131860
1374923180	-0.285286
234024969	-0.156507
16031927	-0.409036
755802794	-0.438338
29501253	0.221691
1403429444	0.111043
1071768498	-0.401194
313344689	-0.144288
2288373518	-0.341125
250188760	0.441328
891678516	-0.732910
1920276091	0.008295
16100318	-0.193573
49453870	-0.766240
10168082	0.075434
453698931	-0.617200
54598826	-0.744758
165511812	0.209959
1599284149	-0.452366
237299871	-0.457299
556000874	0.217286
156975310	0.069938
96662959	-0.410907
15297551	-0.555398
17513304	0.366635
364415553	-0.558179
305145458	-0.260997
2366260580	-0.069581
394272456	-0.188041
237129990	-0.268617
1020058453	-0.583237
317630465	0.278411
39793961	-0.524016
377237995	-0.116144
133429379	-0.410027
64651898	0.043324
776664410	0.008135
235660311	-0.632676
63753027	-0.123287
1977097572	0.162134
35829796	0.134651
520950046	-0.419569
1521740594	0.277846
1061486761	-0.158342
425565585	0.161962
32135704	-0.594726
111635980	-0.212084
334320138	-0.256978
1262814457	-0.653408
137068935	0.150366
237926856	0.286835
48075643	-0.344132
919804596	0.182026
244985138	0.097835
77418275	0.114850
230981077	-0.386327
109274506	-0.299770
14634720	0.116693
193872188	-0.254406
43955137	-0.667426
1878559962	-0.795246
2241120434	-0.348828
209833543	-0.163086
1434486529	-0.560872
254277011	-0.543066
201453157	-0.534810
217137252	0.204722
31611298	-0.035329
1517363570	-0.116039
51241574	-0.045554
162069635	-0.470877
356291170	-0.226076
474232856	-0.163945
1931698346	-0.728734
245378929	-0.007052
159524468	-0.065077
15675138	-0.039375
1602221707	-0.228243
27088314	-0.149215
2256726992	-0.073160
248852820	-0.309779
108671959	-0.107202
136471166	0.191019
21220931	-0.338864
233238234	-0.228499
557671006	0.222356
1060860422	-0.060746
2178681566	0.071207
1535579558	-0.323213
22731105	-0.239008
260760840	-0.107885
72405094	-0.022800
18161620	0.144719
338811841	-0.166847
1385690448	-0.778675
1898897300	-0.730575
621293247	-0.580175
128235400	-0.675078
217912727	-0.663495
531481241	-0.767531
1399903849	-0.051859
114887629	0.061708
5392522	0.269501
269908647	-0.041967
339814337	-0.269262
326208966	-0.773759
2162136865	0.267389
80403646	-0.729109
131036750	0.023820
53643803	0.035107
30216513	0.171209
860154126	0.071388
19512725	-0.185596
405034710	0.068162
16517357	-0.028496
85916265	-0.065555
1337252017	0.150608
397430607	-0.626820
15727317	0.102386
15159913	-0.661549
275098108	-0.691473
38500956	-0.519763
122770149	-0.683319
600991865	0.000266
5496932	0.048113
49649077	-0.730496
1627252382	0.165418
260396714	-0.219355
37461389	-0.317267
1279783315	-0.303720
19808819	-0.611666
1305465990	-0.182572
474451843	0.224244
220580561	-0.233035
16102244	0.455657
71328021	0.267781
122146840	0.234388
1827782569	-0.475636
15954997	-0.372685
754277773	-0.101948
1920537577	-0.411219
21419440	-0.790432
381666107	-0.357168
25915690	0.022601
17301179	-0.733707
19286569	0.091237
1060487274	-0.056246
582475251	-0.699079
14984637	-0.479519
19257799	-0.016047
138770045	0.519193
407744769	-0.564587
57860368	-0.164179
16129920	0.159247
23121519	0.228394
24392175	-0.337054
15417358	-0.112290
240363117	0.284257
1140648348	0.179447
167699332	-0.510206
1911335244	-0.068525
1719880621	-0.456383
74164455	0.088119
151200240	0.089418
22946355	0.159174
833990756	-0.566303
3108351	0.210606
234469322	0.057505
1693373094	-0.587730
351109901	-0.776572
247420668	0.265636
538646538	-0.664944
16583468	0.158259
14763834	-0.237838
382791093	-0.147923
322794665	0.040874
271985168	0.216555
21636248	0.194978
555593757	-0.278458
61250271	-0.535996
207317790	-0.298326
575766234	0.275808
1002244244	0.216152
84984380	-0.413404
1550794628	0.094015
958081542	-0.769731
95978223	0.279625
1305596696	0.223123
15922214	0.448967
15522251	-0.257621
978690895	-0.244210
62090497	-0.071114
791002021	-0.083788
2196576859	-0.400404
34122899	-0.624452
200400227	-0.639439
23789790	-0.473464
121990777	-0.327154
1469446608	-0.355578
2178860358	-0.102188
470126084	-0.781336
615953866	-0.361998
15745368	-0.070905
42734224	0.234082
1503451620	-0.774734
193794406	0.350932
538185166	0.388789
324171587	-0.481460
1463325120	-0.030370
15918708	0.192528
188194323	-0.576894
135653370	-0.298081
34402366	-0.052938
24463788	-0.696066
2284159548	-0.154587
34932854	0.164384
48587305	-0.578082
302382660	-0.168697
199286398	-0.719176
1462723416	0.264737
359032147	0.267040
400792588	-0.377966
572061403	0.014533
247066289	-0.139356
930234066	-0.169262
34966987	-0.571754
2330410284	-0.480165
38067927	-0.042678
158398519	-0.210645
325804079	-0.095151
18873711	-0.423297
78403308	0.082946
568151409	-0.182588
2311117897	-0.713817
110545675	-0.192885
24795163	-0.664695
454060961	-0.337653
357253772	-0.062603
19028248	-0.104009
74895491	-0.349028
801084110	-0.606268
16187637	-0.378896
1365881617	-0.368234
628018533	0.203267
98017737	-0.496547
845711293	-0.506108
593840334	0.054563
1380763326	-0.772787
193978839	-0.096559
115166212	0.103621
1009269193	-0.550030
2253990607	0.247664
105823136	-0.474068
287225290	0.088436
137407124	-0.115031
426694458	-0.046172
245905555	-0.719427
1545715382	-0.727005
20078009	-0.350778
18060177	-0.568054
28969421	0.070933
145292853	-0.460720
92055121	0.054790
46263050	-0.056576
1736053987	-0.631447
2238098360	-0.629168
11379362	-0.619537
240760644	0.009872
301416337	0.004987
965142457	0.036572
1374780043	-0.230890
24260994	-0.128336
265529710	-0.644148
448077090	-0.747348
1157424444	-0.658822
218206502	0.131925
25162697	-0.498423
1350864440	0.056238
204905640	-0.413961
71036272	-0.017049
19658173	0.018717
15008539	0.134171
124335509	-0.475564
66774077	0.283134
770554297	-0.294635
1671690367	-0.027178
36654245	0.365654
2250858631	0.214954
15985455	0.182595
1396846357	-0.233906
385188446	-0.724161
1055730738	-0.557757
716984711	-0.600808
38039087	0.211699
248252582	0.168414
163570705	-0.371675
191728014	-0.196263
299802435	-0.041201
468601121	-0.711299
740417436	-0.657141
15856366	0.289381
1665514478	-0.345608
11650762	0.149774
270017791	-0.328968
31128529	0.124004
27385174	-0.411500
393585626	-0.460018
296361085	-0.279884
293131808	-0.175551
976579933	-0.054755
228784853	-0.178517
332040130	0.128906
309267226	-0.444209
41750998	-0.486736
68917738	-0.168905
1874140452	-0.118013
159609651	-0.336828
458393298	-0.049352
403353373	-0.686810
249674727	0.241114
2286252732	-0.346402
1080844782	0.401835
1372288434	0.278649
255876732	0.039697
49541291	0.005355
784971582	-0.795137
22527499	-0.201196
21693764	0.256917
16473577	0.176854
159977219	0.219747
140519774	-0.187462
27633572	-0.490978
31122582	0.343289
32506723	-0.260774
1655680988	-0.204705
2245220154	-0.616488
15075753	-0.367181
588237779	-0.048888
1468203217	0.088621
188019606	-0.055835
242836537	-0.318224
193632778	-0.638785
19865528	0.129540
351149827	0.231029
18166778	0.047375
303861808	-0.055784
343830557	-0.234222
17353658	-0.186610
1541893820	-0.236621
195271137	0.115812
362597648	-0.581030
249219490	-0.059945
26122639	0.223443
46557945	-0.430529
398269985	0.248429
48263046	0.016994
1128514404	0.095952
1262936000	-0.537133
537063930	0.269348
305620929	-0.068661
15012486	-0.233061
156300451	-0.166445
305216911	-0.509640
757372008	-0.634309
32393576	-0.215451
1711193490	0.116230
19151741	-0.754743
16814879	-0.014973
27705441	-0.419821
385288144	0.128761
235251868	-0.270452
431990191	-0.536944
236118432	0.160242
91032815	-0.717223
2367536538	-0.048021
452004245	-0.345395
135297032	-0.064967
166536928	-0.759243
1476337592	-0.065615
32379396	-0.358400
589425352	-0.426233
633855519	-0.070653
17800215	-0.349310
235312723	-0.039859
123934875	-0.113836
983813816	-0.080054
359133002	-0.339710
246769138	0.209841
602997805	0.250809
30619527	0.068838
2203931420	0.138684
126980084	0.092682
222721984	0.128513
167507135	-0.343130
459446627	-0.373234
284744912	-0.457660
59771400	0.189791
1096059529	-0.208826
1385871187	-0.303597
1022263688	-0.655826
271958454	-0.674629
1540360435	-0.595407
765038167	0.234652
16803651	-0.586956
18029328	-0.617402
2361531690	0.079350
60984835	0.067261
112236901	0.022773
404226735	-0.009269
1911879768	-0.415245
50452197	-0.318561
55896443	0.040996
159292313	-0.028878
1883356866	-0.698171
314761332	-0.378751
26607712	-0.154692
21786287	-0.482873
15356407	-0.176642
2739461	-0.312690
161743731	0.310155
270182385	-0.327192
349379430	-0.178400
57751453	-0.100553
1265207760	-0.229244
27886115	0.174685
16441318	-0.246121
96800896	-0.180735
23976316	-0.119841
21762137	-0.062526
350927143	-0.726559
539485640	0.150103
407323365	-0.155607
275725571	-0.335470
77308668	-0.729051
30095477	-0.000184
330650569	-0.364172
108083058	-0.538454
1644805254	-0.327906
7356562	0.233547
2305315345	0.266475
360804642	0.209138
919927722	0.005591
15207668	-0.399778
1214475872	-0.114124
44478497	-0.699283
16099657	-0.454092
857748156	-0.520144
1678290240	-0.392821
76381104	-0.186277
407039290	-0.021550
344109654	-0.352589
15035209	-0.107960
254805061	0.264196
9300262	0.369277
242426145	-0.338293
1902563203	-0.680485
1909542326	0.061171
185684821	-0.547682
21157904	-0.161465
253100055	-0.714367
396794501	0.220202
30050899	-0.487847
47736933	-0.392221
209792690	-0.283441
11134252	0.443015
480056408	0.279411
14125897	0.011713
1075843532	-0.172557
174847410	-0.377916
1173237842	-0.077992
610415617	-0.506610
30823752	-0.566208
14597351	-0.073223
316819997	0.050613
32007346	-0.407876
356881780	-0.413943
323511585	0.236036
43108099	-0.338377
49675523	-0.165822
299883942	0.223093
1214026033	-0.499218
293459696	-0.008314
793992	-0.386214
2236741645	0.127093
16469463	-0.352839
1462357878	-0.135533
1852444146	0.193551
288295387	-0.587050
63502107	-0.560671
323863880	-0.617057
93723445	-0.151227
85418520	-0.477411
405134921	-0.147938
2301967142	0.240113
148041415	-0.448604
284296658	-0.183288
1898624934	-0.706751
1444380402	-0.487366
554109268	-0.131537
2297176518	-0.774453
1071900114	-0.001935
254189414	0.046168
469674025	0.247600
1422126799	0.289572
327798242	-0.133549
80958505	0.228601
393603441	-0.658617
181101417	-0.113979
52989817	-0.101564
818586175	-0.645052
2277763242	-0.204106
31120881	-0.776869
1025653922	0.127049
54686639	-0.004430
185049728	-0.543364
530864692	0.164967
44195577	-0.368263
281162551	0.069030
954172328	-0.406611
34850480	-0.077838
17750110	-0.647851
38036372	-0.494343
48115928	-0.242255
514929629	-0.019802
251656840	0.085174
14173315	-0.524617
1884324084	-0.600221
281540744	-0.084676
18891923	-0.285593
257658885	0.182779
1246366651	0.123493
330938673	0.256337
1059240924	-0.185973
194536303	-0.297497
1339931490	0.131502
518644221	-0.276025
431266828	-0.514060
432092458	-0.010633
234022257	-0.055525
47747074	0.166948
73925960	-0.793077
450108691	-0.476090
278124059	0.034471
473199911	-0.625117
196619213	0.106892
227036687	-0.536590
1630446259	-0.216842
16669075	-0.089593
75843152	0.132066
1510065122	0.010096
392998644	-0.341345
78130610	0.134151
2203399435	0.241798
1906353372	-0.274450
56763589	0.272887
116534252	-0.793155
15324851	-0.026977
209598477	0.039543
244526889	0.186762
1488969002	-0.595146
232992031	0.109712
15394954	-0.101159
18805303	0.294586
224285242	-0.080072
883557414	-0.574871
43050282	-0.800303
18548136	0.045194
267938462	0.358334
585206397	0.230579
291676686	-0.324031
1939381628	-0.524531
309605202	0.267535
77017567	-0.584427
779118265	0.161443
751212379	0.217450
245136682	-0.645853
115488968	-0.065964
2253968388	-0.162750
1075666608	-0.048374
555473643	-0.417950
51267980	0.036093
176646411	-0.379705
728565668	-0.066661
487067075	-0.436367
16054728	-0.173657
1055362014	-0.196068
47412499	0.111528
337122716	0.052819
870670477	0.230696
1572830660	-0.106124
391814356	0.285370
13218102	0.035738
1418013151	0.101197
71294756	-0.210412
5660532	-0.100677
398165004	-0.030693
516642662	-0.005830
14587949	0.205490
17992453	-0.418485
485842327	-0.417129
2234105580	-0.227266
19929362	-0.062812
151589736	-0.677461
45151382	0.141270
381152398	0.516272
21950364	-0.448733
326043489	-0.105028
233724961	0.068777
462033343	-0.538717
186506052	0.003560
75347500	-0.634172
449795350	-0.072485
701303623	-0.416728
1439879557	-0.319520
246341769	0.110869
186291444	0.043402
378738565	0.186773
219429281	0.312097
1932363210	-0.292903
308276891	-0.368134
1580451673	-0.522116
74302172	0.175162
360893245	-0.075687
1375646822	-0.279995
237312687	0.372097
119162694	-0.575897
21619519	-0.549133
490535112	-0.761105
224297637	-0.776073
1497534576	0.031214
14308987	-0.698572
345261756	-0.543383
1255785854	-0.048502
18216752	-0.240984
2184765932	-0.669802
1525086182	-0.012552
56538228	-0.379003
95166404	-0.254448
342945847	-0.475291
630802892	-0.775252
15350894	-0.352846
19616327	-0.143610
390522985	-0.117277
2287788476	0.137868
624186253	-0.684340
621500066	-0.133480
24300215	-0.133332
1624698122	0.088328
236479311	-0.577596
594060392	-0.400849
1072453910	-0.406594
538086333	-0.687298
342780479	-0.382665
178419778	-0.741891
280206584	-0.591125
345555778	-0.363878
1125409915	-0.121411
93936388	0.182406
234014087	0.027526
473401390	-0.394821
993153006	-0.324350
19139963	0.184607
41464356	-0.395678
506033683	-0.383950
590696606	-0.129911
1652541	0.049051
235217558	-0.277564
425489816	-0.603573
235591153	-0.591696
22903983	-0.082590
344033052	-0.324651
946114207	-0.497450
770448248	0.005528
19407835	-0.104568
26778110	0.469793
1327675195	-0.287695
169588591	-0.051067
78673043	-0.695690
15496979	-0.412545
801523267	-0.219923
45340027	-0.728459
399432469	-0.705202
125397444	-0.464814
72198806	-0.308864
197307435	-0.789637
1134292500	-0.015557
20563979	-0.750810
164707575	0.143787
14617444	-0.059396
263414131	-0.004604
31006603	-0.472179
201079432	0.045294
1149312193	0.032508
117974827	-0.085951
89814216	-0.290393
238861711	-0.536402
253149069	0.183088
34666990	-0.797381
555845120	-0.258433
80111837	-0.137631
1406277577	-0.472878
529973619	0.121754
950328072	-0.229732
153944899	0.523758
1335517206	0.194258
242376736	-0.581097
584351142	-0.411807
1183865954	-0.431485
368977925	-0.078872
75398827	-0.700476
224294785	-0.047194
173363468	0.122758
388958868	-0.093350
133864713	0.128644
91179070	-0.603455
289530036	-0.236244
143889472	0.100470
51284800	-0.739865
233601235	0.189079
250710495	0.216799
15434632	-0.574920
36183582	0.182204
441425863	-0.441988
221614578	-0.774936
439596778	0.253679
20841089	-0.015977
575385464	-0.444081
40526985	0.068075
248850174	-0.355085
37920978	-0.243823
15939889	-0.289109
1490306108	0.098872
433079096	-0.330571
463132556	-0.595633
2312281051	-0.045070
1458461443	0.072717
19877680	0.142914
377773483	-0.705915
180142423	0.243957
13067732	-0.606191
38787045	-0.561857
1143060714	0.248948
452413225	-0.179358
18043103	0.203897
1282568923	0.060004
339172700	-0.545605
112604826	-0.772766
1229226714	-0.787819
249834165	0.182366
2305350474	-0.369991
2377621136	-0.374521
18289929	-0.654969
366228554	-0.063347
24742936	-0.662735
85634199	0.108374
93288759	0.244834
1051127714	0.194418
197290856	-0.260878
20071932	-0.195696
48807726	0.007212
486380694	-0.443722
168666357	-0.469374
215909539	-0.273623
168673083	0.332380
47632905	-0.641205
1069918782	-0.491248
28252475	0.014922
1123683068	-0.424218
2314336918	0.088931
84129740	-0.104133
229197216	-0.489465
247850985	-0.787402
2369496272	0.200533
85970738	0.130348
15715842	-0.301554
153919023	-0.555191
499978095	-0.699813
1365631760	-0.285508
389759292	-0.050059
38465240	-0.026435
1512666349	-0.636042
1656055824	-0.476775
1662929678	-0.458633
117197307	-0.399484
991357832	-0.780047
34438002	-0.010930
104631905	-0.583013
1262623074	-0.093943
132278386	-0.089889
15948219	-0.259478
1011705054	0.015978
251728316	-0.591057
20495104	-0.513329
612716532	-0.414272
110050273	-0.325148
113214730	0.103478
237770636	0.265066
247596046	-0.329124
62543872	0.072636
123282266	0.025465
133439172	0.041031
1037084538	-0.327123
111632324	-0.616553
534405915	-0.763479
276197098	-0.495969
77664666	-0.069327
1394549060	-0.636370
2199888721	-0.250327
225921757	-0.043258
91744236	-0.642010
428333	-0.271948
85634177	-0.730348
255829884	-0.482662
1328123624	-0.378056
325717986	-0.587699
266830495	0.040088
611834439	-0.387727
960696949	-0.271847
15572155	-0.507563
433791263	-0.565302
1636291356	-0.678198
19912734	-0.455617
337932925	-0.741643
543822491	-0.734287
49634881	-0.608394
468930111	-0.398493
620298978	-0.582134
349947276	0.086190
60638933	0.244641
282775291	0.274342
26677801	-0.050560
23035691	-0.482185
534599939	0.011493
195042501	-0.493619
50325797	0.331713
65453528	-0.166542
2321775476	-0.574969
229592356	-0.294833
1071764281	-0.662380
2340967118	-0.710635
1223102983	0.065180
122719755	-0.392694
124196924	-0.586744
17525171	-0.651761
52503751	-0.483931
76452765	-0.089351
1634852712	-0.194079
1172636797	0.163821
33977070	-0.323072
21048033	0.037293
217543151	-0.088392
1726999796	-0.590129
401955731	0.133263
948491592	-0.084755
267583652	-0.509542
225242868	0.164807
487906127	-0.540914
286898862	0.231139
605098090	-0.494352
1071102246	0.264066
1075551668	-0.557742
1441675236	0.215352
206428391	-0.501767
325298865	-0.662775
1626115357	-0.111742
600737301	-0.129975
43476440	-0.528871
1061385474	0.379132
362052555	0.062301
281509650	-0.486567
1228818295	-0.424340
516131688	-0.494744
1222257180	-0.389997
158205177	-0.694006
28889556	-0.136213
248004920	0.066360
23632545	-0.373129
1023236538	0.208812
24737755	-0.354084
41406567	0.106761
117197740	-0.615617
69715433	-0.363660
74198348	-0.246494
463606038	-0.084689
1061006802	-0.412351
575749942	0.272376
115754120	0.267973
15448332	-0.672006
1131203611	-0.313147
298059168	-0.224126
610325685	-0.573932
241207373	-0.482594
1332628436	-0.683160
1925656796	-0.104958
211254250	-0.424490
851120473	-0.276132
108619944	-0.162537
95070642	-0.737493
450708486	-0.386089
257170128	-0.021470
154648736	-0.559028
442824717	0.199691
1571215884	-0.007046
308563367	0.058223
1440997712	-0.549888
19793648	-0.233533
1536065244	0.172396
122207745	-0.632078
362654346	0.144221
78369108	0.031032
14859559	-0.502262
318464838	-0.519423
425527664	-0.716856
286034058	-0.500567
1552818054	0.271237
37766935	-0.482228
266772387	-0.247721
986188543	-0.280145
1372431026	-0.433420
282233418	0.152097
308748838	-0.599268
256178459	-0.108217
70156027	-0.418047
407584834	-0.665981
633131271	-0.546986
1072382221	-0.394772
1437466362	-0.570385
373883896	-0.727674
1901113928	-0.037532
1484301392	0.115226
799658150	-0.486215
1198766904	0.210973
785414496	-0.341770
84677520	-0.427355
1797991	0.101946
608182396	-0.667644
170767454	-0.163708
15361570	-0.069644
9508922	0.168583
376477453	-0.596404
190160433	0.020329
373326597	0.223853
122212010	0.255292
44127294	-0.439528
22797378	-0.300712
1592481150	-0.461288
233842454	-0.161890
265155317	-0.763297
564225302	0.234622
2358445766	-0.558015
127894579	0.180812
30313925	0.075441
1058717720	-0.680290
20641972	-0.496118
1877628114	-0.567930
1412998502	0.041151
40466049	0.189722
1008962922	-0.262791
13383292	-0.605520
100330676	0.072170
330583779	-0.080712
5692662	0.058402
1494474121	-0.310881
566631178	-0.480964
237781383	-0.460015
2251095308	-0.019318
975200486	0.237261
16712666	-0.036938
1656884071	-0.346698
1355831521	0.092075
279634424	-0.081325
29610442	-0.491769
8542882	-0.630844
18724011	0.045369
237348797	-0.385691
248699486	0.242308
633825457	-0.243025
29929730	-0.174819
18916432	0.272627
19518515	-0.465328
52537790	-0.766697
455041792	0.187225
253016264	-0.675343
116518445	0.205215
533702418	-0.749516
29710286	-0.536450
26976860	-0.643670
25086658	0.014976
1969641703	-0.425604
189236855	-0.648084
23536035	-0.459452
617382180	-0.271565
2281176661	0.020650
1917347892	0.231797
1305481388	-0.602676
761840588	-0.134110
16560935	-0.634643
180032621	-0.521355
294965312	0.061174
380001296	0.072416
398990591	-0.240378
133448248	-0.447290
1608892718	-0.294589
409799018	-0.676000
1622931326	-0.410186
36126319	0.080446
156075520	-0.399499
5031151	-0.670076
340296149	-0.292802
378096410	-0.348077
242993672	-0.049632
