14412533	-0.069988
2163623972	0.414570
249222850	-0.511557
1281503318	-0.169398
387984038	-0.099987
1206306506	0.201820
57931553	0.444712
2258783241	0.470225
63160932	-0.256390
25198840	-0.064315
15289825	0.125893
1452476780	-0.056549
1086619808	-0.337207
1623308912	-0.489303
2194801027	-0.096047
20467163	0.315149
19824430	-0.073440
1739650556	0.203841
59558161	-0.252254
1444015610	-0.289396
804861259	-0.188930
252254916	0.016828
40057701	0.298635
2375722164	-0.414407
451032276	-0.354638
1120298527	0.231832
16860684	0.479467
187414539	0.127430
479674626	0.115633
19394188	-0.311299
1155335864	0.276915
20635633	0.081282
248718904	0.301885
252644673	0.229451
534680801	-0.418805
932446728	0.128794
235373000	-0.174409
1377700518	-0.212230
437741704	0.387014
414516629	0.504973
46807181	-0.191318
1691930744	-0.052464
153694167	-0.411183
16705010	0.245265
22509598	-0.160719
31054788	0.234167
1545781357	0.142299
5990782	-0.304148
239949176	-0.325892
174879603	-0.466763
547778460	0.213759
15993122	-0.066227
44209472	0.202943
17811916	-0.324236
37131103	0.100046
83932732	-0.355263
22006412	-0.157753
132201224	0.044512
1647266078	-0.118466
126632552	0.313622
16789970	-0.465644
1183998762	0.267620
317216233	0.442155
354493762	0.394518
24773493	-0.039401
119899270	0.457409
414774285	0.246744
1252129242	0.210714
295868971	0.185937
19186003	0.257534
564908956	0.438865
528484792	-0.167593
2291373043	0.024125
2260662498	0.042141
40523440	-0.215379
471606410	0.471732
25668918	0.291747
320787415	0.298814
383393464	0.386971
463890972	-0.164684
48366585	0.096178
239584537	-0.330405
1357793240	-0.173769
51535196	0.368278
22930392	0.055414
35137957	-0.483038
199317006	0.083658
197628846	0.100045
223360975	0.403790
29157809	0.516492
776063954	0.292953
277107570	0.410365
873631776	-0.228950
18943752	0.453210
492616846	-0.109210
75927706	-0.416009
1334517175	-0.517062
29205600	0.493853
182815759	-0.219454
54412900	0.291938
860696202	0.296739
171813900	0.281712
19312039	-0.190588
1009921273	0.444263
717888988	0.131731
536281139	-0.321093
474326839	-0.021204
237763317	0.308122
164732631	0.470935
18890707	0.528533
18696134	0.240619
217454584	0.373737
25168293	0.023133
13491312	0.123648
311789873	-0.328868
467801778	-0.402783
216881337	-0.133013
35998429	-0.479863
16256269	0.181050
1226281657	0.371272
47127416	-0.068720
598384016	-0.003804
456986241	0.175239
9532402	-0.506972
26459660	-0.340978
35060071	0.185064
424122984	-0.043342
164007407	0.487362
1127447660	-0.476899
728708694	0.246999
40367637	0.157907
1367531	-0.353729
89657363	0.051822
10375552	-0.182223
28480805	-0.128727
1328434170	-0.143144
1055907624	-0.361538
28856628	0.170013
1915916724	-0.373509
708309848	-0.210878
108052620	-0.168569
11348282	0.226022
104615577	-0.239345
15697940	0.490407
1925127612	0.295805
1222580420	0.300509
254310640	-0.265653
201791908	-0.193408
1189780298	-0.367348
502184923	-0.413161
25124372	-0.258968
2237923975	-0.265116
18909919	-0.064850
384913290	-0.472232
177028305	0.176543
266133081	-0.484075
249348006	0.140400
96386080	0.012117
66369181	-0.403574
277008614	-0.241751
254859330	-0.494628
237460752	0.484679
2360123726	-0.207699
343588320	-0.442534
22113371	0.234235
2221362486	-0.288718
1025521	0.452940
79729138	0.421901
1060984272	0.256804
358606388	0.201528
23220731	-0.178278
325691585	-0.173452
1408162200	0.343705
274824692	-0.256850
186299824	-0.379022
612117635	0.133178
35762860	-0.463870
19216998	0.505861
409522947	-0.302007
112765894	-0.165421
3135241	0.153446
280346878	0.144650
220208804	-0.384872
116141817	-0.006298
611886875	-0.233883
73303753	-0.195249
25226477	0.385478
331678866	-0.067375
261918703	0.054175
561628839	-0.099780
47544979	0.214025
790097610	-0.078298
1718400349	0.090781
15092872	-0.420013
1676771268	-0.355638
28785486	0.422489
183637495	0.216624
521926535	-0.233003
124062781	-0.094525
241771567	-0.028034
31210583	0.481951
379378754	0.355670
576268700	-0.377949
163209579	-0.501852
1066076640	-0.162024
93189203	0.108754
939091	-0.400372
254557147	0.284686
63506775	0.259021
240839950	-0.233358
172662933	-0.335543
618586017	-0.484769
85616770	0.446950
1091456496	-0.098852
267889663	0.216902
160647819	0.241447
510516465	-0.509656
18678924	-0.040246
35081819	0.374087
15980436	0.208788
20618764	-0.179288
1689821791	0.426140
356199275	0.071772
2205359364	-0.395873
211420609	0.322305
21631487	-0.153592
722800129	-0.474509
547174027	-0.425612
116748080	0.193000
1057859527	0.019972
27136225	-0.327620
269893425	0.348291
1921776680	0.220662
2196548623	0.427166
124224165	-0.162885
519728645	0.355825
25214807	0.215402
85898279	0.170085
961520071	-0.468806
310608280	0.129944
558895964	0.116290
72831557	-0.367775
622198206	-0.066250
1027156464	0.136604
18294521	0.473292
1725039222	-0.297694
222320264	-0.495073
251408532	-0.185037
1542493423	0.253360
543154345	0.314200
259834782	-0.110497
21873714	0.425423
108376246	0.164738
16614802	-0.359376
371887563	0.140155
1090002997	-0.414555
93552029	0.485034
17111550	0.169303
372503594	-0.235056
20015903	-0.399317
934933188	-0.020275
332340557	-0.277605
944917346	0.420718
2370786962	-0.267510
78941245	-0.193265
103727818	-0.476657
351266014	0.272351
1607546875	0.096860
99949940	0.255409
1713542732	-0.399852
237600102	-0.120228
72129678	0.476732
180389279	0.257905
2179040628	-0.231941
517911880	0.241506
2310494503	-0.163338
2293131060	0.333931
218357036	0.192102
558831200	-0.281587
402190452	-0.034893
97239626	-0.229107
11883722	0.442709
394303189	-0.498181
110420252	0.258802
61842393	0.405262
357580948	0.156348
1496512904	0.196776
425889480	-0.018312
168830539	-0.355993
15710384	0.286300
23109966	0.140258
34773320	0.003296
1469869638	0.169530
198323147	-0.252393
29584150	-0.466475
322781751	0.254063
976969338	-0.124074
748531489	-0.135541
886946899	0.444876
397584127	0.318294
234057152	0.241141
26083271	-0.019699
26144769	-0.218279
287811065	0.484941
52763281	0.175897
27048645	0.138296
28336822	-0.077810
131791939	-0.370382
81919296	0.362888
306001688	-0.207119
125984383	0.068937
1262557194	0.425364
506462653	-0.186150
85396297	0.441075
233557728	-0.035573
252819323	0.302888
238314303	0.158509
296068607	-0.368598
1058807868	-0.031242
49986081	0.372582
14081659	-0.005890
452700445	-0.398396
207116000	-0.065399
1356966632	0.292654
49171436	0.057694
855057596	0.438655
1340326969	-0.529233
598123678	-0.467205
966442267	0.421448
326210627	-0.444428
108617810	-0.449726
221508042	-0.079550
39322371	0.449970
31285825	0.475519
97298155	-0.236095
98910693	0.349472
1912048351	-0.019701
547416793	-0.105913
868637460	0.457610
189904289	0.079467
584012853	0.001360
176134825	-0.205406
606101503	0.415831
1469528666	0.121044
543635294	-0.150931
360436349	-0.196528
481000411	0.098591
326196796	-0.033995
1120550322	-0.480055
192441406	-0.090877
272542662	-0.011999
904655414	-0.322135
1060370282	-0.178833
121469977	0.372970
73931897	-0.107765
46004597	0.245164
1447399590	-0.391677
1201824876	0.332711
359222643	-0.261070
384111224	0.059825
80958602	-0.283697
1658898042	-0.152525
439049326	0.355535
195193469	0.157249
209787354	0.083398
362688424	-0.268271
432676344	-0.452556
55581437	0.155037
147487756	0.361630
11856892	-0.480202
108689270	0.014484
97931967	0.176460
1644734071	0.110504
198526130	0.512860
475294870	0.096824
399170640	0.121910
76163900	0.302503
998576058	-0.367939
430292078	-0.058326
823801824	-0.492834
1974399272	0.124127
402719755	-0.039216
456032135	0.483975
743694942	0.440814
51943611	0.483258
1350118422	0.058815
30864583	0.468770
39510422	-0.513124
353834752	-0.401557
2260579802	0.470803
15392139	-0.233696
26977568	-0.167769
47892311	-0.494767
20517132	-0.243613
324403737	0.520336
42913132	0.418997
573495038	0.307539
208692908	0.237566
425286290	-0.027597
452344217	0.152040
220249920	-0.458722
267854863	-0.265958
582875320	0.489916
791967744	-0.153343
1548079500	-0.148163
288963206	-0.477519
239964750	-0.259122
2314375189	-0.001572
1729693597	0.341640
89193992	0.474525
1083448909	-0.320629
963480595	-0.016009
221528389	-0.171571
1058460818	-0.017754
26637348	0.491947
5988062	0.503812
221162525	0.399170
1964821772	-0.042268
278145569	-0.383683
387225200	-0.132017
435983624	0.496182
17005219	0.243317
90518536	0.127691
17633159	-0.386356
1355805258	-0.275391
14579415	-0.376151
267339368	-0.170903
75578498	-0.297665
717905080	-0.067849
24183358	0.314257
2318080736	-0.081482
1405337395	-0.273913
73833569	0.494272
1646054551	0.398076
245451804	0.293169
887385018	-0.050304
15987296	-0.514105
54446722	-0.085950
467787311	-0.433741
78387677	0.518938
1138688364	0.258107
224391627	0.000293
318095351	0.218285
44177383	-0.393854
178229698	-0.460691
36117128	-0.295537
240812994	0.120885
1080509366	0.092189
1480654033	-0.148859
22242298	0.246079
171693939	-0.512253
285737815	0.312634
1055685948	0.188994
25956294	0.422322
1058051748	0.326761
1092248911	-0.132082
18205674	-0.275733
245419752	0.483015
7597712	0.013987
418078050	0.395915
472587512	0.166791
379815077	0.472967
516880804	-0.496308
14764240	-0.412959
115733549	0.343043
1674501806	-0.291902
1058917562	0.423749
16348437	-0.259674
277363853	0.435329
260807192	0.400731
20245031	0.278271
337785530	-0.012909
333663029	-0.384419
65433355	0.205546
28423263	-0.115259
2312501226	-0.118243
585441089	0.269016
126171100	-0.028101
349979682	0.036335
841342315	0.163005
525736608	-0.454702
557050706	0.291277
334965470	0.109486
249814580	0.076319
274255909	0.368314
310347243	-0.046512
1730532331	-0.052085
867444085	-0.245820
297498647	0.492708
85476251	0.239305
154699063	0.461950
93761782	-0.160840
1090009730	-0.021415
360080772	0.207146
16631939	-0.456224
376064104	-0.437655
619964159	0.023965
20468251	0.147784
26513860	-0.103765
168502762	-0.224460
258900199	-0.252580
488297851	0.137258
21269970	-0.063208
24735461	-0.332898
384538886	0.125189
376946273	0.498219
1331884178	0.232270
377534571	0.355133
2227361208	0.467113
17544524	-0.181285
24298528	-0.012521
37982748	0.479416
195790079	0.497755
411765271	-0.395682
254032655	0.078332
995193054	0.328368
175131510	0.244754
2412155161	-0.168543
1691191704	-0.358343
21797269	0.062231
1228070911	-0.215263
123999551	0.264669
7402662	0.194456
2268031692	-0.091402
703301119	-0.223196
2385644521	-0.171040
190328374	0.475110
240385577	0.315276
18732816	0.121364
976404032	0.376133
613404995	-0.457735
239871673	-0.417528
1897447471	-0.509453
55677432	-0.506086
22545491	0.182623
156212602	-0.133730
305818200	-0.050587
2205545306	0.445056
234837632	0.351101
18822612	0.199371
345491974	-0.099201
2308777399	0.349357
18030431	-0.034011
2207375216	-0.079052
70799357	0.025150
148021006	-0.365744
23578274	0.088454
296925880	-0.099237
903320070	0.205066
15639642	0.469614
161329769	0.018427
22055226	0.142766
213634439	0.261607
8162322	-0.429710
1564956584	0.313211
22509548	0.314956
14129299	-0.418398
34238458	-0.451961
511079500	-0.001738
377591325	0.148465
2252607128	0.306774
1015802058	0.436881
756285384	-0.251138
264494662	0.226105
90490354	-0.393637
14774189	0.025250
34069014	0.079651
1222684418	-0.507359
25755336	-0.507891
240840748	0.501494
15160884	-0.503319
472263579	-0.082153
7900962	0.236395
27302870	-0.323212
1074101017	-0.455133
22028039	-0.264950
214209081	0.111565
1601370486	-0.463042
2191060944	-0.297809
199510192	0.008401
968650362	-0.065964
22523087	0.252066
753647880	-0.284816
408105171	-0.440386
404132211	-0.426266
176896268	-0.061285
114756202	0.193405
47468096	-0.285396
1431823160	0.387847
40750860	0.359370
358302508	-0.511339
347395654	-0.244872
65146567	0.098817
31744825	-0.363098
136682183	0.164029
33530012	-0.390499
2322307531	0.145628
546176922	0.343395
237019973	-0.474551
1031845399	0.404159
346813911	0.506530
189986982	0.178437
777390745	-0.169933
59704563	0.461946
234053893	0.285237
41445718	-0.106044
19670455	0.150640
1132232611	0.330667
194720228	0.154901
308852834	0.101010
21144715	0.290876
376527578	0.408411
22669526	0.198665
794546882	-0.258204
26818986	0.490746
19576571	-0.147525
615537104	-0.370858
2352119654	0.112496
21542518	0.087352
494114249	-0.180467
1117326481	-0.059510
14354562	-0.211528
1023294366	0.349515
336699225	-0.270967
360338075	0.253656
265639238	0.291407
402029058	0.224782
535181994	0.292441
18170310	0.157731
1068470480	-0.191830
109355585	0.146316
1510311302	0.191086
372315769	0.079223
21333396	0.493061
616965232	-0.472447
1516670166	-0.169794
233601728	-0.037225
114299101	-0.485323
61046743	-0.308678
177974542	0.014545
300013543	0.162391
254226686	-0.149819
14857525	0.040882
237853147	0.293595
300430043	0.012906
121171657	0.382996
37836873	0.015590
187108150	-0.347472
36738199	0.091381
1710292866	-0.273036
248735463	0.233544
40954486	-0.403017
284601302	-0.388675
1447467186	-0.443271
253281321	0.313304
15602331	-0.471371
577609337	0.139308
43273533	0.292423
26777550	-0.487298
30045475	0.359112
58228306	-0.332946
874694125	0.140935
890904109	0.196284
470703779	0.500459
122183484	0.365143
589070172	0.041848
1075303104	0.148833
457733782	-0.120195
117661549	0.126364
20545793	-0.411823
160919506	-0.223559
154233179	0.025227
370467757	-0.145835
216486007	0.318221
438040565	0.032523
216855513	-0.334998
2264976900	-0.408345
378636572	0.388780
321234739	0.030443
2278730858	0.220034
344525024	-0.440498
220765205	0.103732
16002085	0.365105
1681848204	0.036099
123421771	-0.149239
831933780	0.008044
1228652142	-0.092111
1283908939	-0.003204
747876121	-0.325166
780383160	0.385743
531596035	0.075553
1410590874	0.156130
16827173	-0.059606
1625304829	0.479620
429268149	0.199667
110445334	0.250022
22528309	-0.205226
132345883	0.470699
233693291	0.269068
372506462	0.062434
18863927	-0.172871
242873057	0.331355
430235090	0.351651
36564017	0.245370
304115290	-0.159131
1901018683	0.349919
1037321378	-0.264743
278433367	-0.418352
302113333	0.006335
1609169504	-0.230319
17997831	0.361694
1531521632	0.261044
291551843	0.457210
14669951	-0.345612
368914608	-0.252937
1375871708	0.459074
17340186	0.276190
432766911	-0.272536
68281948	0.497870
127963931	0.005267
18646108	-0.011963
549438299	0.252854
16336478	-0.106231
83195396	0.493696
467636108	-0.471544
231898286	-0.085763
70590748	0.151164
441040701	0.028221
137084996	0.084950
912598626	-0.348518
230720547	0.176572
41861272	0.374188
416644656	0.325306
2317625354	-0.191529
28176898	0.398311
401989810	-0.392861
581275783	0.164349
91935208	-0.404861
18791763	-0.475036
27688281	-0.231752
1853114688	-0.057425
14246001	0.054237
1486445498	-0.205497
977560500	0.000470
15715665	0.111849
235279028	-0.321879
805188312	0.039811
64507817	-0.345616
277193651	-0.236279
21910246	0.011998
156763824	-0.324121
1045110018	0.231474
614706394	-0.101630
36686040	0.348043
1917731	0.504194
280913598	-0.314849
249787913	0.011114
1242946140	-0.039875
1526488393	-0.087097
28008943	-0.323720
2316393866	0.023524
526750889	-0.483491
1849400233	0.060887
125613253	0.270800
15380417	0.232438
26051676	-0.031993
90250351	-0.081471
931024693	0.517446
2245423891	-0.375178
73791927	0.514690
389357597	-0.518478
514749390	-0.114285
1232484468	-0.243760
935033864	0.331973
27274887	0.161066
952575223	0.097397
414068004	-0.013630
49057566	-0.495808
702460382	-0.474774
243413616	-0.036829
121537837	0.033362
122174004	-0.378475
265329329	0.321534
237504609	0.198383
858111194	0.076585
246447524	0.240692
20397563	0.214030
260479308	0.144042
935987066	-0.261549
1051446626	0.081874
1428792126	-0.023479
15007149	-0.106679
238264015	0.371792
237862972	-0.505840
265993392	-0.031158
15976697	-0.220785
315992993	-0.332455
127919146	-0.151660
403639485	0.243662
17120599	0.006729
1105408002	-0.088061
328679423	-0.121185
130977700	-0.372319
70740010	-0.155315
894512114	-0.479832
78408666	0.156318
2394285656	0.308413
2292332720	-0.270518
21572351	-0.090800
1157543414	-0.133767
130600206	-0.161058
249219716	0.210724
346949527	0.169015
337595668	0.129324
2155491151	-0.492044
51982954	-0.472878
15224867	0.495773
27675227	-0.207583
2236668625	-0.420049
108323434	0.260098
52052011	-0.112313
2304223555	0.169606
538121732	-0.261050
50707364	0.336554
470654192	-0.428509
1092757885	-0.372923
93950784	0.046984
1360075950	0.438623
19612749	0.300642
1382011333	-0.378638
55440365	-0.513071
37497720	-0.325506
117432541	-0.464450
1613159058	0.289178
103949895	-0.364546
399112142	0.422840
22265452	-0.023214
1120582274	0.497526
1089334250	0.121923
461301890	-0.409616
198928268	0.373473
12298112	-0.156330
240135871	-0.362978
22507324	0.292813
117792965	-0.164708
381874511	-0.507300
741061716	0.271461
325040651	0.452379
294959299	-0.316211
457276155	-0.497096
1237156340	0.442886
21643972	0.104245
1362806395	0.423150
136550204	-0.473320
18579364	-0.506494
1326498037	-0.108115
40510796	-0.418434
598853747	0.441235
573916220	-0.504165
3913931	-0.400697
91346513	-0.389441
2329092852	0.055227
2176134116	-0.308919
1461162020	0.462516
183212100	0.295039
15210284	-0.173260
133022865	-0.331815
171154131	0.185013
18172905	-0.488591
123150166	-0.091582
938657858	-0.447315
191496735	0.048553
252249233	0.103417
137794015	-0.432703
220551206	0.169197
65082057	0.304975
1553746556	-0.247826
749375898	-0.409308
889786374	-0.233163
624927613	-0.120137
158290255	-0.213713
363540832	-0.220159
24509586	0.459290
447277172	-0.319214
14398250	-0.512732
287545295	0.407591
84119348	0.260042
236541422	-0.384283
62387220	0.260849
2316645626	-0.171344
18622869	-0.030586
53725673	0.541350
1422790478	-0.348493
1112972713	0.032492
443265529	-0.475092
335476450	-0.291133
1870463754	-0.067219
714409014	0.392213
344516847	0.284658
271007688	-0.097965
1387919042	0.464396
627838899	0.364907
33205490	-0.506728
1328762540	0.047453
284664892	0.231421
1265860620	0.187701
619541619	0.369219
249327401	-0.301437
1023872718	-0.496374
138531540	-0.353990
22076537	0.502343
49969221	-0.142895
21346197	-0.438394
1431454158	0.267367
24745957	0.276870
626001129	-0.403240
1345850192	-0.409586
243502423	-0.281120
414543577	0.196638
59281449	-0.222570
270792742	0.173461
325830217	0.301665
18496709	-0.038059
1035443946	0.082243
286799590	-0.021031
1539064994	-0.430264
624753464	0.503089
291756142	0.307368
35013862	0.338702
1849074780	-0.372689
171598736	0.391849
20209807	0.237923
1431884516	-0.484789
15923226	0.204083
1209417007	0.028511
2161486428	0.379097
215346722	0.218031
562618381	-0.291082
125208664	-0.227501
625296182	0.329645
36691808	-0.257648
17680840	-0.339436
731524644	0.169867
405785853	0.312405
18566912	0.341298
1444416162	-0.212975
930009097	0.459271
836709230	-0.000695
432771620	0.279228
50370046	0.464747
287896740	0.201911
193076432	-0.246371
216355557	-0.178260
24448865	-0.097550
378547255	0.319376
24195214	0.177784
41017380	0.481360
540241441	-0.149422
39803436	-0.146349
271593651	0.481841
232127685	-0.441443
148348430	-0.054634
1413602821	0.363131
524724189	-0.000575
249288197	0.435485
63169388	0.145806
19693903	0.077062
15769734	0.369522
1884258127	-0.157173
158397501	0.392579
25382456	-0.317211
628559456	0.241901
620708331	0.001217
1872933859	0.248982
23951197	-0.103944
2185601035	0.032757
85342505	0.001052
403539769	-0.425397
321380757	0.341326
422076926	-0.493005
20469722	0.394644
776698136	0.301458
1092750030	-0.332281
50552213	0.269334
19201438	-0.389449
157305077	0.049534
213207055	-0.086356
130274805	0.406565
348522887	-0.432071
2309440500	0.188087
143489158	-0.284380
783749288	-0.121903
559073634	-0.285075
562640547	0.491359
608902626	-0.066003
49194495	0.065370
20880535	0.491383
1210072844	0.259356
54606494	-0.335320
81021861	0.221942
18277655	0.271900
33537967	0.212305
48354257	-0.028468
107620932	-0.197875
14540659	-0.131306
1636639214	-0.491882
365239637	-0.019589
15941955	-0.156628
1342502834	0.077615
569212271	-0.024941
971412384	0.335990
295685416	0.487752
1963246038	0.015339
250736913	-0.066262
1310708510	-0.415223
50634125	0.006148
1539300170	-0.301161
1109679128	-0.244612
253654580	-0.087193
19563355	0.180809
15458694	0.191316
230100284	-0.159326
10615232	-0.172608
1045853744	-0.310600
233949261	-0.096659
593718490	0.073241
1186810890	0.316057
1186874899	0.287895
288886063	-0.357119
247517295	-0.009589
30437038	-0.069010
63796828	-0.447045
915781920	-0.039786
18915145	0.358338
76348185	0.138913
1915018465	-0.224679
22698090	-0.241342
20608910	0.440561
87714473	0.002487
1237704769	0.497586
467823431	-0.369582
249410485	-0.421608
108052596	-0.368060
1316483802	-0.387242
23365717	0.409670
477583514	-0.102659
200870788	0.348219
33655490	-0.002681
14511951	0.147840
933487722	-0.514198
430343685	-0.527511
24477294	-0.264978
234812598	-0.354205
94103877	0.481649
180197930	-0.106319
54207182	0.498243
318711662	0.435796
1347830329	0.428458
22812434	0.056340
14110710	-0.355160
15918353	-0.256798
15554922	0.192290
254174408	-0.125545
53420694	-0.126882
1979395855	-0.291620
462285708	-0.147971
295805574	0.444830
1072467470	0.144596
20621911	0.158095
759316808	0.312825
1325640288	-0.162175
109071031	-0.428222
2175130770	0.384341
4389861	0.363013
231510077	0.452284
15764644	0.431087
15212187	0.003158
127074099	-0.500229
43963249	-0.039448
27311044	0.408778
1183912596	-0.264016
1225410018	0.247335
2192362761	0.087405
589869443	0.123593
240376522	-0.188115
424522799	-0.398224
351133674	0.283891
1692578893	0.226751
18217624	-0.398089
250462634	-0.215170
134302187	0.069397
303920466	0.213462
1346817602	0.266825
1686565519	0.016763
61313751	-0.351396
743167003	0.432130
39787282	-0.249437
118941676	-0.165483
26305670	-0.352593
418269619	0.186572
1070943116	-0.480628
209151429	0.301785
26820795	-0.328258
806186582	-0.286853
442610682	-0.441044
15584433	0.392624
703759688	-0.296771
631648466	-0.312404
127908221	-0.392693
1551310284	0.134535
2294530717	-0.135642
1176615978	-0.414831
1465964245	0.245193
192041694	0.426784
74960018	0.288558
584583739	0.206793
2188340009	-0.072874
32537213	0.021720
121656624	0.111438
586730005	0.356998
1007065914	-0.031661
417664241	0.423100
16557756	-0.234735
788006827	0.028437
46499643	0.368308
80612021	0.080188
2362779882	0.417620
14345062	-0.153597
146263776	-0.512803
334127852	0.418492
515898679	0.359482
66209943	-0.387792
1673504017	0.281590
224766531	0.063084
2242638817	-0.044017
210926192	0.474906
1031118500	0.101797
1602268826	-0.017794
399502932	0.474389
242761889	0.009184
355881289	0.128944
48425512	-0.198947
27242307	0.205968
18137749	0.127055
21111098	0.177442
724658815	0.056754
70587562	-0.328845
112740986	-0.364788
594582597	-0.239762
1155212191	-0.347035
67776968	0.395599
50128726	-0.311622
29898014	-0.034431
28382250	0.105038
39424870	-0.050951
1187949900	0.270635
2340869731	-0.104367
53503202	0.313681
16930125	0.343126
242892689	-0.270585
1430814439	-0.070210
118540429	-0.380054
2294105892	-0.373082
417393341	0.363442
16739711	-0.305986
312435184	-0.059972
56864092	0.360211
221793778	0.222746
17750784	0.417795
427742683	-0.181145
1190825605	-0.517500
26596727	0.376795
569666511	-0.472495
1480218668	-0.424031
26424123	0.438867
29751942	-0.362966
497535334	-0.072603
20597460	-0.418461
11651202	0.244493
56440142	-0.131586
492480327	-0.448974
935398104	0.468983
323166438	-0.201796
16474026	-0.368714
174369590	0.309013
68888437	-0.506744
7350652	-0.274175
133832049	0.131726
131149247	-0.456875
346045240	-0.008440
1655093820	-0.432581
1080732656	0.332780
119527861	0.048659
1611680690	-0.393688
1620243926	0.351031
237750442	-0.407377
38516217	0.180428
1705042116	-0.116680
422964271	-0.147314
2364631970	0.438854
1925431584	-0.471991
50731463	-0.184169
191688736	-0.433720
235190657	0.451875
204881923	0.416659
32265225	0.320742
78569026	-0.311407
397382646	0.132413
407053599	-0.261001
268007771	-0.059008
2467791	-0.123270
22508473	0.240405
2435410690	-0.014598
1301606089	-0.455844
218267731	-0.127665
18632666	-0.149376
22387804	-0.424318
6577802	0.010545
2288502470	-0.304485
1122064316	-0.129493
14925704	-0.384593
156029105	-0.148749
20113797	0.488587
79022250	0.466537
17033503	0.501344
484134207	0.434841
29793493	-0.067595
2161537962	-0.004624
718468320	0.009786
67738195	0.418846
44215945	-0.226011
221496713	0.354665
788081918	0.190539
860733170	0.004743
23387115	0.424620
22812754	0.376853
98929990	0.143134
297940478	-0.282066
264221149	-0.371450
18056015	-0.340496
62770351	-0.295075
628760912	-0.360968
587783109	-0.171559
58379000	-0.238349
121841737	0.162822
39279393	0.220854
92071963	-0.089612
127870840	-0.502064
22012091	-0.247587
272019676	-0.364735
346885718	-0.101642
148086041	-0.188073
787373558	0.201183
520245212	-0.065854
497546508	0.175647
557806506	-0.373173
186430550	0.077589
41377639	0.157955
49045755	-0.512849
798420806	0.360896
1006482620	0.419145
154139987	-0.283970
1915752144	-0.419907
1308601632	0.304663
1326751968	-0.507039
242618658	-0.221437
24045931	0.508420
297532865	-0.113637
24670782	-0.460475
59888738	0.497056
71358042	0.335711
46724483	-0.500276
1468560242	-0.330867
1267462094	-0.404862
277750492	0.403356
542842941	0.391074
176135285	-0.261489
36394602	-0.222464
76350004	-0.050049
50150341	0.234330
233346654	-0.369318
109287731	0.392998
1686107834	-0.360509
1093441423	0.381778
6092972	-0.027473
250719718	-0.350283
58492046	0.004795
308721230	0.141980
29766367	0.053568
759251	-0.113150
393821580	-0.176529
77839894	-0.157484
1716914930	-0.404825
10102032	-0.380019
82649553	0.221613
1653370998	0.480304
1362944844	0.366680
61906286	-0.263083
1932803906	0.305451
221447516	0.239807
1905156690	-0.241780
830918346	0.046473
12788332	-0.449458
33622411	0.131560
62354707	0.489510
1621009105	0.276140
104727439	0.032953
24913074	-0.152556
106591004	-0.173344
18221712	-0.233599
5357812	-0.170374
103335794	0.068810
905020056	0.244286
15603311	-0.314064
15762842	-0.231613
15555056	-0.077432
115979444	0.504101
2361890355	-0.168543
575344793	0.308114
157382927	-0.061891
16062766	-0.047121
218779638	-0.350163
2302483196	0.342570
1655816936	0.005314
454947269	-0.171567
470366309	-0.489085
16130949	-0.324742
2409239300	-0.011940
270370405	0.168414
29293808	-0.232532
244268646	0.200341
16742053	0.361935
942156122	-0.148259
703561088	-0.222067
382534366	0.450269
17065503	0.159919
1296038210	-0.406789
359596838	-0.409356
227088228	0.365804
813286	-0.368989
137571771	-0.084115
1234286196	-0.218929
14849664	0.177269
140959145	0.466743
148453195	-0.366666
301090775	0.091827
14800483	0.465652
792608948	0.072805
950783972	-0.073880
220241174	-0.376263
381413722	0.375892
119250381	-0.421089
24299006	-0.360393
389840566	-0.425085
36777778	0.080970
88806753	-0.342312
415780303	0.242911
143779492	0.508577
614542142	0.418066
333504114	-0.081757
29848453	-0.098376
65919935	-0.097103
44682276	0.471503
593813785	-0.451557
582931822	0.285662
31801993	-0.030417
94366606	-0.259539
162784542	0.465900
330816212	-0.440370
448923637	0.076217
1096507650	0.142757
15428227	0.065651
411997494	0.065875
2252899873	-0.461016
14293310	0.422994
40402146	0.331295
18811140	0.031374
1365917090	-0.443487
273098660	0.270825
88976164	0.322911
23970171	0.181295
1347674623	-0.421242
223523798	-0.395100
15014405	0.443750
1347436638	0.373331
2836421	-0.273500
15964588	-0.183242
38254095	-0.177779
37094727	-0.098263
64161351	0.190257
372345957	0.058530
14672279	0.270743
16030518	0.194394
91137301	-0.449362
240663096	0.266894
247334603	-0.091911
20957491	-0.333266
26841582	-0.384139
28238988	-0.294468
30673492	0.027690
35518656	-0.399704
322737879	-0.436475
1965801554	0.350394
47614124	0.310666
71281860	-0.309769
721052064	-0.061758
1949611364	-0.408390
18008330	0.029197
148006729	-0.336048
1301328822	-0.039320
1183811947	0.251126
17906632	0.315697
155680896	-0.126792
26111775	-0.387934
349219528	0.475025
86364947	0.458865
2181453624	-0.319581
26316100	0.143924
1556756886	-0.103106
20002401	-0.010024
19269183	-0.080134
321119379	-0.096811
1300124792	-0.485726
563844379	-0.068723
751806494	0.184468
33027306	0.327708
23117388	-0.343142
819528355	-0.142572
267217520	-0.076024
886986138	-0.194310
497551327	0.173961
59568948	0.026192
1716366295	-0.160875
1905833168	-0.450373
448169106	0.030876
148333607	0.270185
289374103	-0.171272
360191435	-0.110010
450786176	-0.197657
23617145	0.343225
317193393	-0.086934
144189766	-0.051829
279964598	-0.223056
1120931132	-0.371121
1137600571	0.392428
33060832	0.093675
18480494	0.270860
292990703	0.259962
1117009244	-0.517613
33576489	-0.112472
17848544	0.408613
463918261	-0.136842
990635636	0.422560
18213420	-0.447007
214179002	0.103102
195070336	-0.172942
885789362	-0.322640
22831059	0.005038
22081190	-0.330304
153486399	-0.463044
236480864	0.129447
37202770	0.366286
374161639	0.401499
1242109014	-0.075463
211530910	0.248755
1606703838	0.005818
348857253	0.446730
167856299	-0.283381
502440556	-0.178125
14529929	-0.437174
631876809	-0.227178
1902537799	0.465990
700126891	0.183961
20444702	-0.213201
32789881	-0.350904
67906573	0.197454
1032703770	-0.277818
7334402	-0.445346
19245431	-0.507562
110924703	0.262684
198523967	0.081664
1058345042	0.040130
2296636404	-0.007404
15471838	-0.529290
1702539968	0.359350
20376424	-0.302057
21509894	0.233704
1388590928	-0.246263
429181880	0.059601
1073212812	-0.280403
283657826	0.198150
460656473	-0.466937
1277984012	-0.501423
165533941	-0.072171
42638402	0.207629
337752039	0.221563
1393599296	-0.418632
114607567	0.291737
1144145946	-0.080601
377702207	0.241769
237814920	-0.413853
851621377	0.133841
1487887076	-0.049412
1852819452	0.021790
109280446	0.046631
1665719612	-0.364629
537156670	0.105901
411526571	-0.304633
488127904	-0.262359
34270503	0.102811
95602718	-0.291404
191208249	0.509401
21351432	0.039949
592019654	-0.383258
385429543	-0.010309
234937222	0.283215
26194384	-0.339044
47975734	0.494958
1023320856	-0.315808
211901075	0.446338
271552521	0.267469
1222283971	-0.177890
2321129046	-0.093660
1722842137	0.157848
1540496365	-0.317158
10025982	0.233101
17530189	0.093315
123667924	-0.338342
1962564906	-0.491753
110893482	0.403927
93575832	0.074635
40750718	0.273786
960962340	0.437112
222195455	-0.017891
16056306	-0.342915
1074129612	0.146734
60801758	0.283714
21426423	0.141183
319529691	-0.283637
161411080	0.026263
161791703	-0.152335
939621458	0.407289
16703058	0.124471
301081520	0.230907
32010840	-0.397594
834525002	0.420777
26809683	-0.253820
202206694	-0.253362
520778762	0.404013
8775672	-0.452412
317608866	-0.346336
24184717	-0.485114
1356531588	-0.198237
713463571	-0.146897
176260948	0.086467
278005891	-0.407558
36737855	0.259572
35758513	-0.139373
17896154	-0.394883
217550862	0.265455
1110920106	-0.310230
1931992778	-0.513118
1128781184	-0.400472
29865139	0.178709
977369880	-0.086345
62330632	-0.080460
34340464	-0.452892
1033532365	0.370377
830430216	0.132249
155642785	0.311772
1154667132	-0.457760
1080602371	0.319793
360605502	0.093952
63787812	0.421766
30027177	0.029668
2369234174	0.025111
5741722	0.054532
551698752	0.428462
545501375	-0.105274
1596947036	-0.039412
1449407450	0.424717
326551457	0.134825
95509057	-0.344706
423688722	-0.335930
328258374	-0.126675
705661256	-0.331044
496786334	-0.330928
1879871294	-0.159651
2374720591	0.229000
1954751917	-0.019189
550401754	0.532664
370076582	0.187244
18820392	-0.127205
16298388	0.069724
348861268	0.313781
1623282788	0.184688
14124614	0.133563
36588739	0.414639
88784440	-0.370167
16804072	-0.125103
2356356972	0.502295
1258312562	-0.006716
43216755	0.144225
703640660	-0.118915
896620178	0.028452
122473388	0.278783
234906311	0.145066
16018516	-0.062522
586045941	-0.340933
1115633996	-0.055312
485139684	-0.286275
1352594924	-0.386801
1621076712	0.165072
175102610	-0.533263
63749707	0.446674
20733972	0.057697
17291452	0.202628
20906882	0.096588
615181714	0.399858
78966155	-0.157182
1430524482	0.044656
21669223	-0.242148
8870632	0.399922
14730894	0.450795
1959864463	0.197438
21321475	-0.199578
272520742	-0.118208
19918558	0.221938
1959387662	0.302906
14216438	-0.017447
492378372	0.042177
1154894353	0.409972
1463550048	-0.143055
24305421	-0.272949
26265640	0.269681
382441782	0.419386
856549532	-0.251509
235271965	-0.390448
314335929	0.074971
59969802	-0.357351
74058012	-0.399944
347877928	0.000998
30500021	-0.083548
716563918	-0.047948
2255274860	-0.152228
411766612	-0.160623
39793438	0.173544
41634520	0.084509
51228911	0.182458
247496974	0.267963
234374703	-0.182407
2168350939	-0.019148
455037005	0.189865
267781214	0.384315
26324609	-0.422903
17487795	-0.183780
339852137	0.267780
230761725	0.494100
14616459	-0.280265
1556371026	-0.339744
199325935	0.073330
234927299	-0.029363
109025212	-0.386454
225326840	0.295310
1363394484	-0.189331
75367781	-0.021139
343171266	-0.185575
15600527	0.409129
89526574	0.477358
523397097	-0.163914
1092979962	0.227577
63804234	-0.145060
206716135	0.499403
260841091	0.277486
47470008	0.011044
68198447	0.242568
2377726519	-0.082431
1221321108	-0.038963
205420257	-0.312172
1243902714	0.427394
1049460835	0.435293
49782398	0.228238
1246599554	-0.107482
113420831	0.146512
62907908	0.117370
72874723	0.468725
236899846	0.075082
1891157910	-0.074655
505932430	-0.417469
85778445	0.402911
270067927	0.158652
331268118	-0.081541
1201520622	-0.396009
538416721	-0.267390
359950567	0.495464
6794502	0.019316
1263944875	0.039231
58287227	0.252664
338553588	0.437927
213182436	-0.397942
46176168	0.281355
142721190	0.429929
943501040	0.521475
71070614	-0.248457
18317325	-0.363469
1065995022	0.018307
21941446	0.305027
87055347	-0.353081
259950795	0.227535
506091865	-0.351112
1581759588	0.480348
547839797	0.045607
1697235505	-0.254275
932421955	0.151907
46016028	-0.378957
25768647	-0.163387
17074440	-0.442468
1143929599	-0.058114
2254857197	0.061778
631543401	0.373429
959687432	0.475274
97368029	0.408157
32774989	-0.018921
415981838	0.482167
180287231	-0.089113
472541504	-0.100556
1482327366	0.092819
454953162	-0.391353
20552026	0.423341
180895768	0.366861
14275291	0.386582
2324036732	-0.063981
346030501	-0.138652
14135426	0.044783
191005134	0.294429
14389132	-0.413349
16472624	-0.224600
286363562	-0.444962
163586067	-0.342565
390292636	0.390876
991821667	-0.291788
20449956	-0.042853
1693751167	-0.466680
1658254478	0.164498
268496469	-0.395884
1497383952	0.012169
1313165581	-0.081095
1532014123	0.207742
139574248	0.062488
99157266	-0.153142
83200882	-0.266548
2317860566	-0.059327
216481299	0.503314
805777398	-0.371312
361365479	0.237563
97171189	-0.128102
807095	-0.242036
391413865	-0.397276
89820928	0.051700
246499208	-0.324909
85606078	-0.076688
435877117	0.434869
16385104	0.249902
24135119	-0.279099
276763538	0.121465
207731256	-0.133040
190699396	0.049992
1870898497	-0.056148
1104083418	0.490879
52992670	-0.238124
27676828	-0.277220
310912778	-0.433213
47056405	-0.134770
352643501	-0.255078
252115520	0.102282
47402168	0.436467
404542591	0.312857
594870776	-0.166325
240327228	0.069218
263975503	-0.017106
1068990122	-0.485660
261263905	-0.464584
1357427004	-0.382279
19253918	-0.029062
586032653	-0.495535
451967996	-0.139523
18793575	-0.467697
23712174	0.018258
252819642	-0.476687
195019882	-0.394265
18244206	0.318056
8953122	-0.464576
33655512	-0.317196
19926675	-0.144010
287861586	-0.233226
323239103	0.423429
17439675	0.190051
18967498	0.227811
29598035	0.085201
796737758	0.407564
180396181	-0.383783
305389392	-0.495455
85353299	-0.316138
1423715941	-0.201342
17282256	-0.058919
1322558402	0.015693
430830756	-0.311968
1733849666	-0.008276
449959102	0.505750
733751245	0.028403
1558893368	0.239686
56653367	0.357203
39191258	-0.402407
498961346	0.186399
300515560	-0.498983
539866149	0.380068
225988631	0.444694
78431501	-0.331977
76392970	0.322890
248791332	-0.355331
1117640744	-0.355492
118152495	0.387692
15751083	-0.216857
22262553	-0.084208
1905298878	-0.174606
1443203875	0.061540
39308549	0.094786
196147086	-0.148444
47891535	0.500476
15029174	0.247578
273795671	-0.474840
237944147	-0.359551
1738425180	0.339082
758067224	0.230137
424263083	0.443944
456911539	0.111199
64022803	-0.064615
262424195	0.370786
1699808366	-0.319922
360427514	0.474550
169472184	-0.054782
293254420	-0.424738
613725908	0.303485
485264526	0.130830
778724700	0.020625
427024774	0.206376
1068626984	-0.422574
148565166	0.304157
29896465	0.222186
15281676	0.267086
20713061	-0.142771
193732179	0.093313
1043702834	-0.474509
398232779	-0.415949
1516830966	0.033101
864768235	0.393118
2417754469	-0.050202
356390382	-0.403128
712959254	-0.118545
180846791	-0.499288
158495061	-0.331895
64660952	0.382133
221792092	0.311681
75785294	-0.241966
242068532	-0.438924
619479855	0.244282
48117116	0.477895
443681123	0.263215
380371286	0.469108
30930019	-0.203980
195955478	0.266409
2192766368	0.003470
30043495	0.490894
126644609	-0.307195
76651617	0.107548
386455581	0.066655
49316020	0.425705
236916916	0.081635
5558312	0.497735
80473367	0.507308
44117460	0.082391
330001961	-0.454546
373311804	-0.299897
1849261916	-0.496464
180100015	-0.375574
234822928	0.049493
269931179	-0.048180
8128442	0.033262
292935209	0.487047
572317065	0.477766
19553409	0.264729
242555999	-0.224657
996565820	0.299797
886042746	-0.171018
98242752	0.066732
28859894	-0.031564
16086967	-0.138787
1578519660	0.257543
283265252	-0.080125
350930593	0.006732
1002313952	0.385495
2265167642	-0.027993
1076928920	-0.156631
1944510751	0.015349
22417674	0.529380
49697450	-0.146695
31350534	0.024731
1694503231	-0.041657
1571660059	0.433681
161344057	-0.347488
1189735556	-0.028335
809050796	-0.467564
22819917	-0.097031
1602752804	-0.270482
14809189	-0.363635
578069877	0.099228
311165745	0.203448
155669457	0.019566
1643415560	-0.244829
249339682	0.105027
416686487	-0.418750
22097192	0.121225
1927804778	0.119760
1077121945	-0.235050
33345380	-0.203402
287269659	-0.239866
1955581326	-0.428253
1860099558	-0.356869
137381495	0.216086
1408518626	-0.358470
317407076	-0.280709
1117953943	-0.451921
19726613	0.473117
1935184730	0.453338
201877444	0.464413
7713202	-0.313575
57977498	-0.038551
87318108	0.419966
9624742	-0.366870
19891260	-0.137532
254775647	0.436836
15116570	0.025229
1925654095	-0.429474
17643209	-0.246078
14344823	0.240511
308664726	-0.279054
558769636	0.442276
40024874	0.224115
198963912	0.323294
189910408	0.451577
50839205	0.318647
560117034	-0.446014
2363258587	0.300586
19739126	0.430373
338883349	0.313292
48086014	-0.271941
2282872260	-0.163222
33665393	0.322364
205886080	-0.165844
135931182	-0.051077
800162478	-0.043929
373011304	0.332240
7270292	0.048423
17976923	-0.425676
104797238	0.104525
2337254448	0.100543
97150206	-0.180024
5561412	0.104831
42760147	-0.176470
191923358	-0.074931
581141508	0.384964
223166587	0.058523
193614775	-0.074926
28599820	0.215476
1001025787	0.090852
972323274	-0.403674
9855382	-0.420348
472632386	-0.472897
2230533374	-0.460785
2704951	0.071359
1611064304	0.432070
342601720	0.280552
224320485	-0.326336
121620626	-0.213615
364564017	0.251907
1469735982	-0.316082
17768436	0.043623
19543987	0.109819
1374923180	-0.036875
234024969	0.094284
16031927	-0.294084
755802794	-0.182189
29501253	0.190703
1403429444	0.358839
1071768498	-0.145337
313344689	0.082060
2288373518	-0.076108
250188760	0.420055
891678516	-0.459691
1920276091	0.273580
16100318	0.044530
49453870	-0.479875
10168082	0.104415
453698931	-0.350503
54598826	-0.472077
165511812	0.452811
1599284149	-0.204752
237299871	-0.443130
556000874	0.439023
156975310	0.278151
96662959	-0.156525
15297551	-0.297281
17513304	0.355122
364415553	-0.321918
305145458	-0.010259
2366260580	0.173066
394272456	0.082305
237129990	-0.044293
1020058453	-0.363147
317630465	0.516994
39793961	-0.261814
377237995	0.120931
133429379	-0.148289
64651898	0.276380
776664410	0.167192
235660311	-0.361529
63753027	0.112659
1977097572	0.376181
35829796	0.271278
520950046	-0.166345
1521740594	0.490783
1061486761	0.081036
425565585	0.378872
32135704	-0.348790
111635980	-0.230128
334320138	0.027555
1262814457	-0.401410
137068935	0.397708
237926856	0.515301
48075643	-0.129461
919804596	0.423733
244985138	0.322441
77418275	0.355223
230981077	-0.121568
109274506	-0.011652
14634720	0.310979
193872188	-0.208457
43955137	-0.380057
1878559962	-0.521976
2241120434	-0.080045
209833543	0.108135
1434486529	-0.294455
254277011	-0.275970
201453157	-0.287308
217137252	0.452181
31611298	-0.043487
1517363570	0.108412
51241574	-0.069779
162069635	-0.459592
356291170	0.019443
474232856	0.063725
1931698346	-0.459245
245378929	0.233213
159524468	0.192833
15675138	-0.037495
1602221707	0.061417
27088314	0.096381
2256726992	0.164496
248852820	-0.066395
108671959	0.132031
136471166	0.416022
21220931	-0.228253
233238234	0.015196
557671006	0.459675
1060860422	0.197955
2178681566	0.292453
1535579558	-0.085185
22731105	0.027855
260760840	0.128948
72405094	0.217347
18161620	0.374306
338811841	0.076131
1385690448	-0.518352
1898897300	-0.462253
621293247	-0.313267
128235400	-0.404332
217912727	-0.394688
531481241	-0.510206
1399903849	0.193019
114887629	0.309780
5392522	0.289272
269908647	0.182597
339814337	-0.020249
326208966	-0.521256
2162136865	0.490668
80403646	-0.485196
131036750	0.255904
53643803	0.279911
30216513	0.174967
860154126	0.304997
19512725	0.065965
405034710	0.288390
16517357	0.217251
85916265	0.165483
1337252017	0.420913
397430607	-0.344959
15727317	0.290122
15159913	-0.369059
275098108	-0.414322
38500956	-0.255970
122770149	-0.415009
600991865	0.260966
5496932	0.187568
49649077	-0.464923
1627252382	0.383935
260396714	0.030614
37461389	-0.094977
1279783315	-0.045604
19808819	-0.370005
1305465990	0.061421
474451843	0.453620
220580561	0.013886
16102244	0.470381
71328021	0.488635
122146840	0.458983
1827782569	-0.225310
15954997	-0.345036
754277773	0.140595
1920537577	-0.171635
21419440	-0.514150
381666107	-0.108656
25915690	0.277505
17301179	-0.460654
19286569	0.341643
1060487274	0.085781
582475251	-0.413032
14984637	-0.443515
19257799	0.207932
138770045	0.466514
407744769	-0.273496
57860368	0.078759
16129920	0.173345
23121519	0.260118
24392175	-0.081935
15417358	0.145667
240363117	0.265010
1140648348	0.410798
167699332	-0.256001
1911335244	0.188249
1719880621	-0.202503
74164455	0.321229
151200240	0.311253
22946355	0.381297
833990756	-0.304315
3108351	0.228033
234469322	0.020941
1693373094	-0.314831
351109901	-0.485808
247420668	0.485175
538646538	-0.401347
16583468	0.123832
14763834	0.011367
382791093	-0.122311
322794665	0.273245
271985168	0.448143
21636248	0.445802
555593757	-0.020486
61250271	-0.276329
207317790	-0.059591
575766234	0.481543
1002244244	0.452078
84984380	-0.145554
1550794628	0.335987
958081542	-0.518561
95978223	0.513483
1305596696	0.410937
15922214	0.451358
15522251	-0.024949
978690895	0.033216
62090497	0.161916
791002021	0.135243
2196576859	-0.128131
34122899	-0.352480
200400227	-0.351739
23789790	-0.217138
121990777	-0.093744
1469446608	-0.101991
2178860358	0.166450
470126084	-0.495198
615953866	-0.117847
15745368	-0.101024
42734224	0.467551
1503451620	-0.497860
193794406	0.359677
538185166	0.484912
324171587	-0.219667
1463325120	0.249858
15918708	0.227398
188194323	-0.307451
135653370	-0.037098
34402366	0.213504
24463788	-0.429273
2284159548	0.107590
34932854	0.407815
48587305	-0.323996
302382660	0.093007
199286398	-0.445426
1462723416	0.513076
359032147	0.502873
400792588	-0.136977
572061403	0.252987
247066289	0.097325
930234066	0.081055
34966987	-0.310093
2330410284	-0.227083
38067927	0.196346
158398519	-0.199165
325804079	0.135694
18873711	-0.180695
78403308	0.066940
568151409	0.070755
2311117897	-0.459562
110545675	-0.209709
24795163	-0.418254
454060961	-0.090701
357253772	0.178387
19028248	-0.105107
74895491	-0.088626
801084110	-0.308017
16187637	-0.201074
1365881617	-0.118567
628018533	0.422027
98017737	-0.253242
845711293	-0.238063
593840334	0.298579
1380763326	-0.498658
193978839	0.146891
115166212	0.371066
1009269193	-0.343918
2253990607	0.454874
105823136	-0.228333
287225290	0.318802
137407124	-0.163808
426694458	0.189751
245905555	-0.450148
1545715382	-0.456983
20078009	-0.145956
18060177	-0.292028
28969421	0.352056
145292853	-0.208463
92055121	0.273576
46263050	0.218696
1736053987	-0.403588
2238098360	-0.366636
11379362	-0.351989
240760644	-0.024904
301416337	0.242658
965142457	0.252415
1374780043	0.034361
24260994	0.123633
265529710	-0.374289
448077090	-0.472034
1157424444	-0.389824
218206502	0.350906
25162697	-0.263908
1350864440	0.324003
204905640	-0.150712
71036272	0.241311
19658173	-0.001331
15008539	0.383867
124335509	-0.214091
66774077	0.506333
770554297	-0.028787
1671690367	0.204887
36654245	0.360135
2250858631	0.437472
15985455	0.224330
1396846357	0.014863
385188446	-0.446528
1055730738	-0.417853
716984711	-0.338059
38039087	0.448019
248252582	0.408560
163570705	-0.376389
191728014	0.041613
299802435	0.177165
468601121	-0.432995
740417436	-0.398159
15856366	0.249955
1665514478	-0.083582
11650762	0.298972
270017791	-0.070758
31128529	0.200404
27385174	-0.155542
393585626	-0.180251
296361085	-0.305034
293131808	-0.202904
976579933	0.183356
228784853	0.078023
332040130	0.342092
309267226	-0.357842
41750998	-0.209003
68917738	0.065295
1874140452	0.130120
159609651	-0.086015
458393298	0.191442
403353373	-0.437310
249674727	0.436398
2286252732	-0.097532
1080844782	0.435944
1372288434	0.479857
255876732	0.287283
49541291	0.262998
784971582	-0.516169
22527499	-0.232387
21693764	0.500798
16473577	0.280426
159977219	0.426389
140519774	-0.176885
27633572	-0.227589
31122582	0.456817
32506723	-0.296446
1655680988	0.032690
2245220154	-0.341084
15075753	-0.133520
588237779	0.197887
1468203217	0.312439
188019606	-0.052311
242836537	-0.368290
193632778	-0.378015
19865528	0.337359
351149827	0.461556
18166778	0.015809
303861808	0.136215
343830557	0.012516
17353658	0.046149
1541893820	0.024679
195271137	0.324867
362597648	-0.327920
249219490	0.159828
26122639	0.449582
46557945	-0.191370
398269985	0.465589
48263046	0.257342
1128514404	0.307475
1262936000	-0.273216
537063930	0.486377
305620929	0.152052
15012486	-0.162632
156300451	0.064471
305216911	-0.357875
757372008	-0.367335
32393576	0.048206
1711193490	0.335912
19151741	-0.496068
16814879	0.235337
27705441	-0.168724
385288144	0.394971
235251868	-0.305750
431990191	-0.266283
236118432	0.380598
91032815	-0.457498
2367536538	0.189890
452004245	-0.092938
135297032	0.010496
166536928	-0.500141
1476337592	0.195741
32379396	-0.083619
589425352	-0.175888
633855519	0.175609
17800215	-0.391744
235312723	-0.063708
123934875	0.156936
983813816	0.195849
359133002	-0.090267
246769138	0.202462
602997805	0.493857
30619527	0.321745
2203931420	0.368468
126980084	0.324169
222721984	0.359035
167507135	-0.075840
459446627	-0.112815
284744912	-0.187567
59771400	0.315841
1096059529	-0.115771
1385871187	-0.049925
1022263688	-0.409303
271958454	-0.407355
1540360435	-0.330623
765038167	0.442136
16803651	-0.325838
18029328	-0.377527
2361531690	0.332973
60984835	0.306230
112236901	0.246918
404226735	0.245836
1911879768	-0.150574
50452197	-0.362428
55896443	0.283472
159292313	0.224972
1883356866	-0.428130
314761332	-0.123611
26607712	0.043235
21786287	-0.243773
15356407	-0.224602
2739461	-0.050013
161743731	0.298765
270182385	-0.079101
349379430	0.105323
57751453	0.123891
1265207760	-0.001379
27886115	0.414953
16441318	0.045735
96800896	0.111029
23976316	-0.150613
21762137	0.176811
350927143	-0.444542
539485640	0.366230
407323365	0.076326
275725571	-0.083619
77308668	-0.473658
30095477	0.232909
330650569	-0.117274
108083058	-0.264709
1644805254	-0.080223
7356562	0.192065
2305315345	0.498506
360804642	0.439419
919927722	0.229271
15207668	-0.399131
1214475872	0.118408
44478497	-0.432410
16099657	-0.194102
857748156	-0.263028
1678290240	-0.142480
76381104	0.057134
407039290	0.169529
344109654	-0.100268
15035209	0.121532
254805061	0.490261
9300262	0.373328
242426145	-0.290580
1902563203	-0.403265
1909542326	0.301327
185684821	-0.293906
21157904	-0.187249
253100055	-0.434142
396794501	0.443937
30050899	-0.220123
47736933	-0.104359
209792690	-0.163543
11134252	0.450620
480056408	0.509165
14125897	0.213356
1075843532	0.061963
174847410	-0.097938
1173237842	0.170222
610415617	-0.249821
30823752	-0.304351
14597351	0.191261
316819997	0.286595
32007346	-0.186730
356881780	-0.135323
323511585	0.448350
43108099	-0.080384
49675523	0.078251
299883942	0.217747
1214026033	-0.232639
293459696	0.278448
793992	-0.139766
2236741645	0.370408
16469463	-0.117240
1462357878	0.102626
1852444146	0.433776
288295387	-0.312237
63502107	-0.271533
323863880	-0.343076
93723445	0.093959
85418520	-0.220584
405134921	0.120217
2301967142	0.471086
148041415	-0.182240
284296658	0.067447
1898624934	-0.431543
1444380402	-0.232791
554109268	0.116410
2297176518	-0.518553
1071900114	0.158816
254189414	0.267430
469674025	0.477309
1422126799	0.500602
327798242	0.111630
80958505	0.478786
393603441	-0.387079
181101417	0.126859
52989817	0.143196
818586175	-0.376009
2277763242	0.029895
31120881	-0.497366
1025653922	0.367833
54686639	0.250937
185049728	-0.270472
530864692	0.386068
44195577	-0.129123
281162551	0.302243
954172328	-0.125539
34850480	0.193736
17750110	-0.351200
38036372	-0.253001
48115928	-0.060247
514929629	0.207405
251656840	0.345429
14173315	-0.381661
1884324084	-0.338559
281540744	-0.001011
18891923	-0.365956
257658885	0.439836
1246366651	0.378231
330938673	0.499401
1059240924	0.025975
194536303	-0.025507
1339931490	0.296523
518644221	-0.040815
431266828	-0.250492
432092458	0.243326
234022257	-0.072086
47747074	0.371246
73925960	-0.547449
450108691	-0.216940
278124059	0.013385
473199911	-0.340675
196619213	0.330249
227036687	-0.280015
1630446259	0.034634
16669075	0.097413
75843152	0.370792
1510065122	0.250717
392998644	-0.072576
78130610	0.406752
2203399435	0.505677
1906353372	-0.040264
56763589	0.485149
116534252	-0.518787
15324851	-0.059849
209598477	0.262344
244526889	0.417858
1488969002	-0.331498
232992031	0.227898
15394954	-0.121718
18805303	0.282128
224285242	-0.085486
883557414	-0.290665
43050282	-0.519681
18548136	0.280653
267938462	0.446944
585206397	0.453457
291676686	-0.065468
1939381628	-0.252764
309605202	0.480780
77017567	-0.349401
779118265	0.383892
751212379	0.453838
245136682	-0.356804
115488968	0.179010
2253968388	0.062147
1075666608	0.177366
555473643	-0.146264
51267980	0.276850
176646411	-0.147017
728565668	0.166861
487067075	-0.173537
16054728	0.067659
1055362014	0.055728
47412499	0.100202
337122716	0.272067
870670477	0.472927
1572830660	0.138584
391814356	0.527499
13218102	0.032586
1418013151	0.345182
71294756	-0.096176
5660532	0.100357
398165004	0.216137
516642662	0.241102
14587949	0.406556
17992453	-0.166742
485842327	-0.173961
2234105580	0.031239
19929362	-0.082865
151589736	-0.408755
45151382	0.408891
381152398	0.524881
21950364	-0.191566
326043489	0.125844
233724961	0.299219
462033343	-0.275090
186506052	0.256283
75347500	-0.368240
449795350	0.190862
701303623	-0.161478
1439879557	-0.069486
246341769	0.160198
186291444	0.311827
378738565	0.434851
219429281	0.315841
1932363210	-0.043284
308276891	-0.109778
1580451673	-0.244313
74302172	0.420992
360893245	0.182054
1375646822	-0.020428
237312687	0.379235
119162694	-0.301981
21619519	-0.388495
490535112	-0.484666
224297637	-0.516044
1497534576	0.261332
14308987	-0.419280
345261756	-0.268700
1255785854	0.219680
18216752	-0.282706
2184765932	-0.407044
1525086182	0.247626
56538228	-0.130948
95166404	0.003153
342945847	-0.223480
630802892	-0.495375
15350894	-0.102176
19616327	-0.017485
390522985	0.127357
2287788476	0.342049
624186253	-0.405482
621500066	0.085236
24300215	0.095703
1624698122	0.351714
236479311	-0.428539
594060392	-0.143424
1072453910	-0.246824
538086333	-0.417393
342780479	-0.114097
178419778	-0.455440
280206584	-0.323326
345555778	-0.102523
1125409915	0.109820
93936388	0.394796
234014087	0.010165
473401390	-0.132093
993153006	-0.217790
19139963	0.182926
41464356	-0.161077
506033683	-0.149066
590696606	0.134413
1652541	0.085225
235217558	-0.243465
425489816	-0.325822
235591153	-0.328023
22903983	0.173895
344033052	-0.076082
946114207	-0.244786
770448248	0.238386
19407835	-0.143875
26778110	0.475854
1327675195	-0.032792
169588591	0.182649
78673043	-0.425995
15496979	-0.159733
801523267	0.035203
45340027	-0.450805
399432469	-0.460599
125397444	-0.211133
72198806	-0.348245
197307435	-0.511424
1134292500	0.198278
20563979	-0.470206
164707575	0.365573
14617444	0.172260
263414131	0.255052
31006603	-0.231544
201079432	0.023183
1149312193	0.293840
117974827	0.147270
89814216	-0.013974
238861711	-0.247116
253149069	0.388790
34666990	-0.514818
555845120	-0.006926
80111837	0.049504
1406277577	-0.210821
529973619	0.356463
950328072	-0.055630
153944899	0.504616
1335517206	0.375751
242376736	-0.420143
584351142	-0.139596
1183865954	-0.177402
368977925	0.146076
75398827	-0.405805
224294785	-0.088497
173363468	0.359842
388958868	0.183748
133864713	0.376135
91179070	-0.354746
289530036	0.020761
143889472	0.338252
51284800	-0.482708
233601235	0.392026
250710495	0.409759
15434632	-0.338829
36183582	0.404349
441425863	-0.224068
221614578	-0.500453
439596778	0.465724
20841089	0.220030
575385464	-0.187205
40526985	0.331926
248850174	-0.375032
37920978	-0.281525
15939889	-0.260151
1490306108	0.357182
433079096	-0.086581
463132556	-0.313863
2312281051	0.199718
1458461443	0.326404
19877680	0.357072
377773483	-0.435152
180142423	0.463020
13067732	-0.362786
38787045	-0.284172
1143060714	0.483532
452413225	0.074381
18043103	0.406115
1282568923	0.298279
339172700	-0.294399
112604826	-0.528527
1229226714	-0.499288
249834165	0.414238
2305350474	-0.098502
2377621136	-0.110276
18289929	-0.395321
366228554	0.172448
24742936	-0.403752
85634199	0.276875
93288759	0.455589
1051127714	0.366319
197290856	-0.026695
20071932	0.032294
48807726	0.247255
486380694	-0.209682
168666357	-0.210940
215909539	-0.020100
168673083	0.309682
47632905	-0.413563
1069918782	-0.222785
28252475	0.237009
1123683068	-0.152901
2314336918	0.329017
84129740	-0.070665
229197216	-0.460292
247850985	-0.516086
2369496272	0.467978
85970738	0.351741
15715842	-0.053566
153919023	-0.390457
499978095	-0.448193
1365631760	-0.017129
389759292	0.135096
38465240	0.198891
1512666349	-0.377365
1656055824	-0.205956
1662929678	-0.204833
117197307	-0.139166
991357832	-0.506986
34438002	0.261021
104631905	-0.308431
1262623074	0.145449
132278386	-0.133832
15948219	-0.000911
1011705054	0.257642
251728316	-0.322951
20495104	-0.246529
612716532	-0.154324
110050273	-0.075857
113214730	0.317471
237770636	0.346763
247596046	-0.072332
62543872	0.301593
123282266	0.249894
133439172	0.088127
1037084538	-0.079012
111632324	-0.351800
534405915	-0.494289
276197098	-0.212183
77664666	0.171196
1394549060	-0.384530
2199888721	0.014247
225921757	-0.020515
91744236	-0.377941
428333	-0.260012
85634177	-0.498647
255829884	-0.211193
1328123624	-0.131045
325717986	-0.327342
266830495	0.254321
611834439	-0.131143
960696949	-0.117345
15572155	-0.213784
433791263	-0.299300
1636291356	-0.404509
19912734	-0.216402
337932925	-0.472360
543822491	-0.462154
49634881	-0.344837
468930111	-0.126688
620298978	-0.342180
349947276	0.306130
60638933	0.445226
282775291	0.507515
26677801	0.188346
23035691	-0.219396
534599939	0.240360
195042501	-0.232441
50325797	0.334087
65453528	0.079552
2321775476	-0.304302
229592356	-0.326127
1071764281	-0.402608
2340967118	-0.445486
1223102983	0.283276
122719755	-0.142330
124196924	-0.312648
17525171	-0.417259
52503751	-0.473895
76452765	-0.128235
1634852712	0.068131
1172636797	0.422714
33977070	-0.362290
21048033	0.279348
217543151	-0.100064
1726999796	-0.302146
401955731	0.374763
948491592	0.153764
267583652	-0.224989
225242868	0.395297
487906127	-0.284575
286898862	0.482519
605098090	-0.241359
1071102246	0.406297
1075551668	-0.291524
1441675236	0.400407
206428391	-0.239105
325298865	-0.405629
1626115357	0.109314
600737301	0.130749
43476440	-0.274393
1061385474	0.426848
362052555	0.297804
281509650	-0.223106
1228818295	-0.166298
516131688	-0.232272
1222257180	-0.164690
158205177	-0.456507
28889556	0.122503
248004920	0.313874
23632545	-0.124159
1023236538	0.440779
24737755	-0.099790
41406567	0.352258
117197740	-0.350968
69715433	-0.116323
74198348	-0.271032
463606038	0.169174
1061006802	-0.161290
575749942	0.488894
115754120	0.502522
15448332	-0.404022
1131203611	-0.082764
298059168	0.003425
610325685	-0.301812
241207373	-0.507292
1332628436	-0.413207
1925656796	0.169488
211254250	-0.151262
851120473	-0.025632
108619944	0.047135
95070642	-0.455576
450708486	-0.119215
257170128	0.227853
154648736	-0.281374
442824717	0.313801
1571215884	0.233940
308563367	0.293428
1440997712	-0.294771
19793648	0.031427
1536065244	0.405391
122207745	-0.358773
362654346	0.406217
78369108	0.122277
14859559	-0.260363
318464838	-0.265123
425527664	-0.431995
286034058	-0.242990
1552818054	0.503627
37766935	-0.210987
266772387	-0.014343
986188543	-0.014069
1372431026	-0.177456
282233418	0.392394
308748838	-0.330098
256178459	0.140506
70156027	-0.190028
407584834	-0.385261
633131271	-0.266254
1072382221	-0.209836
1437466362	-0.310923
373883896	-0.456338
1901113928	0.185307
1484301392	0.334134
799658150	-0.221200
1198766904	0.446142
785414496	-0.103050
84677520	-0.168631
1797991	0.288068
608182396	-0.393467
170767454	0.090767
15361570	-0.069502
9508922	0.145771
376477453	-0.332287
190160433	0.254665
373326597	0.473634
122212010	0.482306
44127294	-0.191769
22797378	-0.037190
1592481150	-0.201814
233842454	-0.145498
265155317	-0.497650
564225302	0.497226
2358445766	-0.298048
127894579	0.451106
30313925	0.050560
1058717720	-0.505998
20641972	-0.223416
1877628114	-0.286101
1412998502	0.262771
40466049	0.408857
1008962922	-0.011263
13383292	-0.338934
100330676	0.287852
330583779	0.144265
5692662	0.276066
1494474121	-0.052684
566631178	-0.220544
237781383	-0.484299
2251095308	0.221883
975200486	0.384931
16712666	0.191960
1656884071	-0.077640
1355831521	0.321435
279634424	0.146442
29610442	-0.221170
8542882	-0.491193
18724011	0.301205
237348797	-0.384007
248699486	0.225880
633825457	0.000698
29929730	0.083473
18916432	0.260212
19518515	-0.199619
52537790	-0.488475
455041792	0.445758
253016264	-0.403135
116518445	0.418907
533702418	-0.500276
29710286	-0.266058
26976860	-0.358199
25086658	-0.005027
1969641703	-0.162507
189236855	-0.394560
23536035	-0.201919
617382180	-0.022117
2281176661	0.252514
1917347892	0.473762
1305481388	-0.334770
761840588	0.132760
16560935	-0.359748
180032621	-0.267560
294965312	0.332100
380001296	0.332676
398990591	-0.001402
133448248	-0.180004
1608892718	-0.023502
409799018	-0.417185
1622931326	-0.142002
36126319	0.298634
156075520	-0.149512
5031151	-0.411902
340296149	-0.060319
378096410	-0.098161
242993672	0.169120
