14412533	-0.030735
2163623972	0.705221
249222850	0.630545
1281503318	0.474897
387984038	0.395653
1206306506	0.707441
57931553	0.434821
2258783241	0.178337
63160932	0.663122
25198840	0.521723
15289825	0.148648
1452476780	-0.330608
1086619808	-0.065111
1623308912	-0.097559
2194801027	0.615710
20467163	-0.216808
19824430	0.258833
1739650556	0.662845
59558161	0.488147
1444015610	-0.404279
804861259	-0.112674
252254916	-0.277534
40057701	0.205452
2375722164	0.334710
451032276	0.125860
1120298527	-0.369123
16860684	0.528179
187414539	-0.366821
479674626	0.085425
19394188	-0.218874
1155335864	0.063604
20635633	0.603555
248718904	0.038911
252644673	0.308182
534680801	0.001071
932446728	0.186928
235373000	0.271311
1377700518	-0.157765
437741704	0.008978
414516629	0.016900
46807181	0.027877
1691930744	0.244120
153694167	0.566906
16705010	0.230760
22509598	0.301440
31054788	0.571902
1545781357	0.105358
5990782	0.409802
239949176	0.525627
174879603	0.496136
547778460	-0.078249
15993122	0.199036
44209472	0.237413
17811916	0.403694
37131103	0.568226
83932732	0.070868
22006412	0.124905
132201224	-0.487110
1647266078	0.265341
126632552	0.005224
16789970	0.358796
1183998762	0.246413
317216233	-0.163519
354493762	0.392159
24773493	-0.411913
119899270	-0.058784
414774285	-0.223125
1252129242	0.159887
295868971	-0.333008
19186003	0.032863
564908956	0.195196
528484792	0.702076
2291373043	-0.213774
2260662498	0.470961
40523440	0.171558
471606410	0.510352
25668918	0.532836
320787415	-0.229469
383393464	0.183579
463890972	0.030853
48366585	-0.169742
239584537	0.081440
1357793240	0.447970
51535196	-0.190793
22930392	0.668556
35137957	0.438095
199317006	0.306213
197628846	0.493808
223360975	0.574062
29157809	0.518958
776063954	0.086149
277107570	0.232399
873631776	0.025818
18943752	0.373867
492616846	0.445882
75927706	0.537469
1334517175	0.254906
29205600	-0.250498
182815759	0.270965
54412900	0.350936
860696202	-0.034390
171813900	0.103001
19312039	0.503116
1009921273	0.219909
717888988	-0.035285
536281139	0.075508
474326839	0.255297
237763317	0.212422
164732631	0.599389
18890707	-0.038470
18696134	0.357420
217454584	0.326603
25168293	0.537693
13491312	-0.183703
311789873	-0.137399
467801778	0.523887
216881337	0.171926
35998429	-0.010880
16256269	0.468122
1226281657	-0.055901
47127416	-0.307074
598384016	0.409305
456986241	0.098927
9532402	-0.001601
26459660	0.505667
35060071	-0.062384
424122984	-0.245789
164007407	0.099852
1127447660	0.240647
728708694	-0.018024
40367637	0.379063
1367531	-0.098276
89657363	-0.237691
10375552	0.184431
28480805	0.429855
1328434170	0.033088
1055907624	-0.034137
28856628	0.443448
1915916724	-0.147426
708309848	-0.142689
108052620	0.520076
11348282	0.133582
104615577	0.517322
15697940	0.611278
1925127612	0.583565
1222580420	0.252427
254310640	0.718303
201791908	0.415338
1189780298	0.642998
502184923	-0.037319
25124372	-0.201989
2237923975	0.666598
18909919	-0.293952
384913290	0.128474
177028305	-0.041630
266133081	-0.150470
249348006	-0.378357
96386080	0.436583
66369181	-0.256170
277008614	0.692039
254859330	0.052222
237460752	0.637905
2360123726	0.435067
343588320	-0.357592
22113371	0.304302
2221362486	0.123190
1025521	-0.094242
79729138	-0.154681
1060984272	-0.000755
358606388	0.481983
23220731	0.466927
325691585	0.198700
1408162200	-0.129366
274824692	0.630533
186299824	0.510666
612117635	0.598014
35762860	0.501473
19216998	0.246663
409522947	0.022928
112765894	0.541195
3135241	0.462444
280346878	-0.023350
220208804	0.171060
116141817	-0.268164
611886875	-0.025368
73303753	-0.500957
25226477	0.183984
331678866	-0.234722
261918703	0.564163
561628839	0.472809
47544979	-0.131140
790097610	-0.344099
1718400349	0.555766
15092872	-0.317507
1676771268	0.140312
28785486	-0.308027
183637495	-0.324393
521926535	0.539983
124062781	0.689287
241771567	-0.115309
31210583	-0.291939
379378754	-0.337424
576268700	0.086953
163209579	0.457289
1066076640	0.567095
93189203	0.588775
939091	0.531009
254557147	-0.211004
63506775	-0.246401
240839950	0.013394
172662933	0.577406
618586017	0.191539
85616770	-0.367361
1091456496	0.209024
267889663	-0.266050
160647819	0.059787
510516465	-0.220592
18678924	0.289842
35081819	0.679128
15980436	0.665922
20618764	-0.181520
1689821791	0.248399
356199275	0.323277
2205359364	0.685508
211420609	0.177504
21631487	0.406256
722800129	0.298473
547174027	0.348103
116748080	-0.337163
1057859527	0.031231
27136225	0.603273
269893425	0.696739
1921776680	0.640311
2196548623	-0.382442
124224165	0.322308
519728645	0.596094
25214807	0.342905
85898279	0.095501
961520071	0.221215
310608280	0.710974
558895964	0.319104
72831557	0.500817
622198206	0.266229
1027156464	-0.082228
18294521	0.528474
1725039222	-0.198451
222320264	0.519421
251408532	-0.034007
1542493423	0.213432
543154345	-0.110776
259834782	-0.034134
21873714	-0.291582
108376246	-0.466839
16614802	0.221239
371887563	-0.263271
1090002997	0.398334
93552029	-0.192807
17111550	-0.272146
372503594	0.062369
20015903	-0.408441
934933188	0.514474
332340557	-0.240756
944917346	0.222508
2370786962	0.148463
78941245	0.604687
103727818	-0.339869
351266014	0.095626
1607546875	0.338204
99949940	0.355668
1713542732	0.655979
237600102	0.027959
72129678	-0.109155
180389279	-0.041562
2179040628	-0.021020
517911880	0.537050
2310494503	-0.293571
2293131060	0.616835
218357036	0.374801
558831200	0.373286
402190452	0.471150
97239626	0.451053
11883722	-0.230894
394303189	0.457292
110420252	0.509965
61842393	0.609608
357580948	-0.357233
1496512904	0.068593
425889480	0.074385
168830539	-0.160003
15710384	-0.350522
23109966	-0.098936
34773320	0.571143
1469869638	0.121299
198323147	-0.220788
29584150	0.508315
322781751	-0.270426
976969338	-0.262149
748531489	0.369677
886946899	0.229096
397584127	-0.176037
234057152	0.053931
26083271	0.413849
26144769	0.284088
287811065	0.100138
52763281	0.127422
27048645	0.405808
28336822	0.596027
131791939	0.091497
81919296	0.019747
306001688	-0.115694
125984383	-0.174027
1262557194	-0.066240
506462653	-0.237577
85396297	0.027833
233557728	-0.118974
252819323	-0.337169
238314303	-0.033193
296068607	0.290197
1058807868	-0.382464
49986081	-0.152659
14081659	0.456261
452700445	0.286450
207116000	0.143231
1356966632	-0.223624
49171436	0.291450
855057596	0.262009
1340326969	0.671393
598123678	0.299872
966442267	-0.053657
326210627	0.361429
108617810	0.437988
221508042	0.260762
39322371	-0.362181
31285825	-0.161412
97298155	-0.077110
98910693	0.430487
1912048351	-0.339271
547416793	0.192448
868637460	0.069616
189904289	0.005223
584012853	0.197834
176134825	-0.370278
606101503	0.438035
1469528666	-0.168221
543635294	0.413029
360436349	0.647789
481000411	-0.113055
326196796	0.421003
1120550322	-0.143047
192441406	0.012329
272542662	0.642805
904655414	0.212189
1060370282	0.597992
121469977	0.463094
73931897	-0.053747
46004597	0.512138
1447399590	0.336695
1201824876	-0.306766
359222643	0.582389
384111224	-0.057318
80958602	0.130126
1658898042	-0.381301
439049326	0.592473
195193469	-0.319684
209787354	0.216745
362688424	-0.180631
432676344	-0.329526
55581437	-0.352326
147487756	0.152181
11856892	-0.087584
108689270	0.000425
97931967	-0.353014
1644734071	-0.099471
198526130	-0.241482
475294870	0.600215
399170640	0.513080
76163900	0.146811
998576058	-0.353474
430292078	0.605529
823801824	0.174136
1974399272	-0.285140
402719755	0.199760
456032135	0.655099
743694942	0.635235
51943611	0.685106
1350118422	0.468415
30864583	0.030717
39510422	0.337714
353834752	0.331411
2260579802	0.463978
15392139	0.629045
26977568	0.399439
47892311	0.128369
20517132	0.576647
324403737	0.534060
42913132	0.299526
573495038	0.410720
208692908	0.287304
425286290	0.447812
452344217	0.279230
220249920	0.574523
267854863	0.241945
582875320	-0.353154
791967744	-0.213832
1548079500	0.122134
288963206	-0.290955
239964750	0.011250
2314375189	-0.294047
1729693597	-0.224125
89193992	0.511170
1083448909	0.570104
963480595	-0.394240
221528389	-0.335862
1058460818	0.345100
26637348	-0.326548
5988062	-0.094794
221162525	0.483529
1964821772	0.582377
278145569	0.045587
387225200	-0.091531
435983624	0.004629
17005219	0.238906
90518536	0.643987
17633159	0.444080
1355805258	0.633341
14579415	0.661186
267339368	0.695425
75578498	-0.212966
717905080	0.021127
24183358	0.577510
2318080736	-0.313643
1405337395	-0.222809
73833569	0.524428
1646054551	-0.272027
245451804	-0.356342
887385018	0.254053
15987296	-0.339544
54446722	-0.338085
467787311	0.516568
78387677	0.603658
1138688364	0.078993
224391627	-0.287756
318095351	0.441698
44177383	0.485834
178229698	0.179698
36117128	0.403687
240812994	-0.284416
1080509366	0.518392
1480654033	0.361395
22242298	0.614302
171693939	0.126516
285737815	-0.134684
1055685948	0.371105
25956294	0.550120
1058051748	-0.161725
1092248911	0.062082
18205674	0.401679
245419752	-0.095470
7597712	-0.056332
418078050	-0.333261
472587512	0.451357
379815077	0.171258
516880804	0.497284
14764240	0.188715
115733549	-0.502549
1674501806	0.669043
1058917562	0.429941
16348437	0.043015
277363853	0.246717
260807192	0.058323
20245031	-0.159951
337785530	0.235233
333663029	0.018026
65433355	-0.318336
28423263	-0.265081
2312501226	-0.320529
585441089	0.427391
126171100	-0.492686
349979682	0.193977
841342315	0.398249
525736608	0.177811
557050706	-0.253105
334965470	0.313068
249814580	0.030011
274255909	0.202409
310347243	-0.136012
1730532331	0.564112
867444085	0.691428
297498647	-0.089955
85476251	0.677149
154699063	-0.308446
93761782	0.109308
1090009730	0.030732
360080772	0.427400
16631939	0.370245
376064104	0.550776
619964159	-0.074967
20468251	0.660988
26513860	0.415514
168502762	-0.045082
258900199	0.602111
488297851	0.485673
21269970	0.322974
24735461	0.331591
384538886	-0.158682
376946273	-0.343050
1331884178	-0.318349
377534571	0.425015
2227361208	-0.104990
17544524	-0.055163
24298528	0.407763
37982748	0.686004
195790079	-0.305822
411765271	-0.353269
254032655	0.439815
995193054	-0.194305
175131510	0.363924
2412155161	0.203875
1691191704	-0.350175
21797269	0.652784
1228070911	0.598442
123999551	-0.245045
7402662	-0.175887
2268031692	0.066687
703301119	-0.232842
2385644521	-0.244910
190328374	-0.417281
240385577	0.326359
18732816	0.446279
976404032	-0.065109
613404995	-0.337775
239871673	0.309401
1897447471	0.369750
55677432	0.004062
22545491	-0.406622
156212602	0.367521
305818200	0.290047
2205545306	0.184420
234837632	-0.309045
18822612	-0.320693
345491974	-0.098219
2308777399	0.596831
18030431	-0.247519
2207375216	0.087668
70799357	0.380910
148021006	0.039503
23578274	0.235912
296925880	0.224091
903320070	0.334465
15639642	0.455390
161329769	0.277843
22055226	0.475186
213634439	0.412755
8162322	0.119435
1564956584	-0.221318
22509548	-0.166906
14129299	-0.130977
34238458	-0.194699
511079500	-0.125898
377591325	0.403050
2252607128	0.278561
1015802058	0.161849
756285384	-0.076312
264494662	0.508369
90490354	0.662673
14774189	0.657866
34069014	0.159066
1222684418	-0.219973
25755336	0.479685
240840748	-0.281151
15160884	0.085537
472263579	0.101898
7900962	0.539544
27302870	0.704470
1074101017	0.123896
22028039	-0.181421
214209081	0.596407
1601370486	-0.097151
2191060944	-0.352312
199510192	0.683438
968650362	0.149099
22523087	-0.338897
753647880	-0.284091
408105171	-0.235746
404132211	0.140696
176896268	0.206404
114756202	0.385022
47468096	-0.299525
1431823160	0.622961
40750860	-0.138654
358302508	0.498023
347395654	-0.331280
65146567	-0.386804
31744825	0.071921
136682183	0.404156
33530012	-0.426448
2322307531	0.556685
546176922	-0.172758
237019973	-0.298118
1031845399	-0.185585
346813911	0.498721
189986982	0.584898
777390745	-0.084357
59704563	0.053917
234053893	-0.277071
41445718	0.457426
19670455	0.602471
1132232611	0.133719
194720228	-0.457679
308852834	-0.204631
21144715	-0.098392
376527578	0.546987
22669526	-0.342873
794546882	-0.309304
26818986	-0.082457
19576571	0.635626
615537104	0.159256
2352119654	0.556901
21542518	-0.147634
494114249	-0.259191
1117326481	-0.067184
14354562	0.056345
1023294366	0.529962
336699225	0.607709
360338075	0.181134
265639238	0.066394
402029058	-0.250698
535181994	-0.092921
18170310	-0.032581
1068470480	0.180548
109355585	-0.145370
1510311302	0.527365
372315769	0.100645
21333396	0.216049
616965232	0.602519
1516670166	0.130965
233601728	0.319449
114299101	-0.320063
61046743	-0.020783
177974542	0.081415
300013543	0.228108
254226686	0.376835
14857525	0.159748
237853147	-0.301952
300430043	0.183343
121171657	-0.095812
37836873	0.229840
187108150	-0.046207
36738199	0.127239
1710292866	-0.065757
248735463	0.329476
40954486	-0.247067
284601302	-0.058200
1447467186	-0.254281
253281321	0.494177
15602331	-0.316693
577609337	0.061876
43273533	-0.119356
26777550	0.434240
30045475	-0.375768
58228306	-0.165067
874694125	0.369729
890904109	0.717899
470703779	-0.290865
122183484	0.389693
589070172	0.414901
1075303104	0.502862
457733782	0.359445
117661549	-0.303089
20545793	-0.068776
160919506	-0.348966
154233179	-0.298522
370467757	0.337490
216486007	-0.201084
438040565	0.422888
216855513	-0.335090
2264976900	0.115663
378636572	-0.205604
321234739	0.584116
2278730858	0.253383
344525024	-0.308990
220765205	0.200134
16002085	-0.097197
1681848204	0.019269
123421771	-0.320014
831933780	0.094437
1228652142	-0.335335
1283908939	-0.117290
747876121	-0.191910
780383160	0.119235
531596035	0.444315
1410590874	-0.178133
16827173	0.388038
1625304829	0.172584
429268149	0.311827
110445334	0.222151
22528309	0.356497
132345883	0.578667
233693291	0.370052
372506462	0.098947
18863927	0.599251
242873057	0.100325
430235090	-0.284383
36564017	-0.279810
304115290	0.383666
1901018683	0.513064
1037321378	-0.416890
278433367	-0.184077
302113333	0.159782
1609169504	0.335528
17997831	0.299101
1531521632	-0.231810
291551843	0.141616
14669951	0.023413
368914608	0.562928
1375871708	0.562971
17340186	0.211373
432766911	0.682081
68281948	-0.216120
127963931	0.245714
18646108	0.327704
549438299	0.069341
16336478	-0.307212
83195396	-0.168698
467636108	0.452399
231898286	-0.267465
70590748	0.649439
441040701	0.650025
137084996	0.543409
912598626	0.342284
230720547	0.618068
41861272	0.095741
416644656	-0.197744
2317625354	0.370398
28176898	-0.370278
401989810	0.049959
581275783	-0.336941
91935208	0.649149
18791763	0.026980
27688281	-0.007606
1853114688	-0.007446
14246001	-0.494920
1486445498	0.392252
977560500	-0.186000
15715665	-0.019876
235279028	-0.214772
805188312	0.513594
64507817	0.086102
277193651	0.135401
21910246	0.620040
156763824	-0.136870
1045110018	0.393970
614706394	-0.143562
36686040	-0.142119
1917731	0.559509
280913598	-0.259199
249787913	0.498005
1242946140	-0.381533
1526488393	0.576033
28008943	0.441016
2316393866	0.504715
526750889	-0.277562
1849400233	0.430658
125613253	0.638150
15380417	0.651539
26051676	0.057432
90250351	0.024557
931024693	-0.252819
2245423891	-0.215217
73791927	0.125490
389357597	0.133543
514749390	0.470472
1232484468	0.614355
935033864	-0.302618
27274887	0.193813
952575223	-0.178369
414068004	0.180841
49057566	-0.133282
702460382	0.207399
243413616	0.357863
121537837	0.534872
122174004	-0.127681
265329329	0.279428
237504609	0.342197
858111194	0.158585
246447524	0.382659
20397563	0.710766
260479308	-0.011340
935987066	-0.005947
1051446626	0.188065
1428792126	0.567538
15007149	-0.520755
238264015	-0.194409
237862972	-0.379460
265993392	0.109609
15976697	-0.021541
315992993	0.616638
127919146	0.482087
403639485	-0.367330
17120599	-0.153667
1105408002	-0.359446
328679423	0.372910
130977700	-0.170287
70740010	0.520745
894512114	-0.018834
78408666	0.070663
2394285656	0.712884
2292332720	0.169090
21572351	-0.454524
1157543414	0.620980
130600206	0.200463
249219716	-0.197049
346949527	0.011649
337595668	-0.191848
2155491151	0.712299
51982954	0.450884
15224867	-0.446736
27675227	0.318097
2236668625	0.226202
108323434	-0.149715
52052011	0.362799
2304223555	-0.241665
538121732	0.340806
50707364	0.488250
470654192	-0.229507
1092757885	-0.135457
93950784	0.613903
1360075950	0.102572
19612749	-0.172169
1382011333	0.684964
55440365	0.386559
37497720	-0.324199
117432541	0.462776
1613159058	0.576553
103949895	-0.353974
399112142	0.638389
22265452	-0.024623
1120582274	0.633045
1089334250	0.163985
461301890	0.174141
198928268	0.250880
12298112	0.221284
240135871	0.100547
22507324	-0.299983
117792965	0.436635
381874511	-0.131105
741061716	0.151493
325040651	0.588974
294959299	0.522462
457276155	0.561533
1237156340	0.020877
21643972	0.140408
1362806395	0.140028
136550204	0.028762
18579364	0.448715
1326498037	-0.327409
40510796	0.692103
598853747	-0.257936
573916220	0.467089
3913931	-0.246356
91346513	0.602878
2329092852	0.481177
2176134116	-0.112105
1461162020	0.299833
183212100	0.216204
15210284	-0.100207
133022865	0.028940
171154131	0.290172
18172905	-0.121555
123150166	0.507381
938657858	-0.249100
191496735	-0.382486
252249233	-0.423881
137794015	0.192015
220551206	-0.308748
65082057	0.360031
1553746556	0.335596
749375898	-0.304669
889786374	0.598922
624927613	0.139915
158290255	0.078430
363540832	0.435840
24509586	0.208823
447277172	0.676614
14398250	-0.034595
287545295	0.021608
84119348	0.255716
236541422	0.298840
62387220	0.364662
2316645626	0.038139
18622869	-0.262383
53725673	-0.195666
1422790478	0.147080
1112972713	-0.244387
443265529	0.429785
335476450	-0.347941
1870463754	0.220590
714409014	0.341459
344516847	-0.057718
271007688	-0.120459
1387919042	0.174704
627838899	0.569411
33205490	-0.227728
1328762540	-0.162989
284664892	0.373389
1265860620	-0.248830
619541619	-0.059845
249327401	0.662221
1023872718	0.370495
138531540	-0.141407
22076537	0.546793
49969221	0.285141
21346197	0.673466
1431454158	-0.179553
24745957	0.027963
626001129	0.437548
1345850192	-0.268527
243502423	0.625081
414543577	-0.321582
59281449	0.013741
270792742	-0.359357
325830217	0.561469
18496709	-0.357806
1035443946	0.376915
286799590	0.589372
1539064994	-0.115707
624753464	0.196079
291756142	0.236814
35013862	-0.264026
1849074780	-0.015799
171598736	0.376835
20209807	0.315388
1431884516	0.397199
15923226	-0.010075
1209417007	0.109996
2161486428	0.352062
215346722	-0.201858
562618381	0.524925
125208664	-0.183506
625296182	0.401133
36691808	0.051856
17680840	0.707184
731524644	0.355431
405785853	-0.331019
18566912	-0.373185
1444416162	0.169142
930009097	-0.176985
836709230	-0.152664
432771620	0.498923
50370046	-0.195740
287896740	0.024319
193076432	0.600301
216355557	0.302718
24448865	0.089480
378547255	0.496225
24195214	-0.012402
41017380	0.168140
540241441	0.469661
39803436	-0.152591
271593651	0.476900
232127685	0.195621
148348430	0.502301
1413602821	0.667470
524724189	-0.010215
249288197	0.031207
63169388	0.228230
19693903	0.393685
15769734	0.131896
1884258127	-0.029132
158397501	-0.273086
25382456	0.584658
628559456	0.513977
620708331	-0.143455
1872933859	0.263753
23951197	-0.037878
2185601035	-0.204251
85342505	-0.122706
403539769	0.199233
321380757	0.427288
422076926	0.672609
20469722	0.620663
776698136	-0.107799
1092750030	-0.128361
50552213	0.567216
19201438	0.631522
157305077	0.619028
213207055	0.250527
130274805	0.381877
348522887	-0.124393
2309440500	0.391858
143489158	0.270279
783749288	-0.189282
559073634	-0.071202
562640547	0.188392
608902626	0.093502
49194495	0.061569
20880535	0.634151
1210072844	-0.342633
54606494	0.342085
81021861	-0.325530
18277655	-0.139758
33537967	-0.043168
48354257	0.390854
107620932	-0.126339
14540659	0.315023
1636639214	0.711292
365239637	-0.295184
15941955	-0.318231
1342502834	-0.305979
569212271	0.249300
971412384	0.514551
295685416	0.512372
1963246038	0.323018
250736913	0.090311
1310708510	-0.176947
50634125	0.488835
1539300170	-0.139234
1109679128	0.049436
253654580	-0.244112
19563355	-0.103079
15458694	-0.221964
230100284	0.017920
10615232	0.327984
1045853744	0.063188
233949261	0.294159
593718490	0.573775
1186810890	0.633719
1186874899	0.176208
288886063	-0.264557
247517295	0.382600
30437038	0.530393
63796828	-0.132903
915781920	0.641258
18915145	-0.307581
76348185	-0.296854
1915018465	0.502209
22698090	0.698564
20608910	-0.378915
87714473	-0.302730
1237704769	0.116286
467823431	-0.491263
249410485	-0.136764
108052596	0.073292
1316483802	0.193627
23365717	0.393557
477583514	-0.253965
200870788	0.553795
33655490	-0.429975
14511951	0.057373
933487722	0.185269
430343685	0.446476
24477294	0.061935
234812598	-0.229922
94103877	0.061041
180197930	-0.045517
54207182	0.565293
318711662	0.411879
1347830329	-0.117865
22812434	-0.512819
14110710	0.582358
15918353	0.192546
15554922	0.161468
254174408	-0.192266
53420694	-0.072031
1979395855	0.479110
462285708	0.423321
295805574	0.225588
1072467470	0.189984
20621911	0.265036
759316808	0.325254
1325640288	0.605497
109071031	0.247751
2175130770	-0.295244
4389861	-0.163208
231510077	0.537904
15764644	-0.472129
15212187	0.549689
127074099	0.420411
43963249	0.295891
27311044	-0.404632
1183912596	0.446279
1225410018	0.384078
2192362761	0.194693
589869443	-0.316032
240376522	0.040026
424522799	0.566489
351133674	0.252517
1692578893	-0.149820
18217624	0.081398
250462634	0.703181
134302187	-0.240513
303920466	0.247417
1346817602	0.242036
1686565519	0.576257
61313751	-0.200853
743167003	0.561697
39787282	-0.249475
118941676	0.630715
26305670	0.518293
418269619	0.165004
1070943116	0.365464
209151429	-0.209525
26820795	0.313956
806186582	0.704070
442610682	0.466250
15584433	0.459669
703759688	0.712910
631648466	0.068395
127908221	-0.052531
1551310284	0.551260
2294530717	0.262506
1176615978	-0.284003
1465964245	0.314001
192041694	-0.321340
74960018	-0.306417
584583739	0.273182
2188340009	0.274468
32537213	-0.263187
121656624	0.175768
586730005	0.538888
1007065914	-0.151067
417664241	0.124868
16557756	0.227291
788006827	0.055999
46499643	-0.205506
80612021	0.316641
2362779882	0.405091
14345062	-0.383590
146263776	0.122756
334127852	-0.190094
515898679	0.387932
66209943	0.340684
1673504017	0.150767
224766531	-0.286107
2242638817	-0.219355
210926192	0.518437
1031118500	-0.126739
1602268826	-0.118644
399502932	0.578847
242761889	0.206655
355881289	-0.343237
48425512	-0.195102
27242307	0.542350
18137749	-0.296621
21111098	0.263864
724658815	0.027318
70587562	0.251422
112740986	0.514856
594582597	0.147734
1155212191	0.450087
67776968	-0.030067
50128726	-0.182126
29898014	-0.139354
28382250	0.616254
39424870	0.206543
1187949900	0.645251
2340869731	0.704453
53503202	0.382909
16930125	-0.055565
242892689	-0.003137
1430814439	0.255278
118540429	-0.356548
2294105892	-0.215018
417393341	-0.243517
16739711	-0.266578
312435184	0.383309
56864092	-0.434596
221793778	0.384393
17750784	-0.295212
427742683	-0.055150
1190825605	-0.318275
26596727	-0.255867
569666511	0.288774
1480218668	0.022801
26424123	-0.378052
29751942	0.191268
497535334	-0.170903
20597460	-0.189577
11651202	0.569360
56440142	0.297250
492480327	0.371743
935398104	-0.220791
323166438	-0.064214
16474026	0.521761
174369590	0.175395
68888437	0.332292
7350652	-0.236966
133832049	0.120422
131149247	0.134259
346045240	0.655033
1655093820	-0.318264
1080732656	0.441817
119527861	0.294999
1611680690	-0.004037
1620243926	-0.126218
237750442	-0.510352
38516217	0.369847
1705042116	-0.260542
422964271	0.509721
2364631970	0.632125
1925431584	0.239804
50731463	-0.292407
191688736	-0.011762
235190657	0.088754
204881923	0.220893
32265225	0.058374
78569026	-0.292792
397382646	-0.342063
407053599	0.052240
268007771	-0.346079
2467791	0.350824
22508473	0.205116
2435410690	-0.226614
1301606089	0.099444
218267731	-0.264326
18632666	-0.019397
22387804	0.653939
6577802	0.422115
2288502470	-0.048077
1122064316	0.291345
14925704	0.312200
156029105	-0.090257
20113797	-0.230566
79022250	0.107079
17033503	-0.342856
484134207	-0.263704
29793493	-0.227200
2161537962	0.239241
718468320	-0.192083
67738195	-0.075767
44215945	0.132766
221496713	0.444143
788081918	0.187912
860733170	-0.179940
23387115	-0.257904
22812754	0.455094
98929990	0.348234
297940478	-0.193743
264221149	0.003469
18056015	0.228232
62770351	-0.120500
628760912	0.321283
587783109	-0.129868
58379000	0.057833
121841737	-0.156510
39279393	0.085160
92071963	0.303931
127870840	-0.240358
22012091	0.007279
272019676	0.579441
346885718	0.557313
148086041	0.554753
787373558	-0.204288
520245212	-0.312915
497546508	0.653905
557806506	-0.188684
186430550	0.208467
41377639	0.213092
49045755	-0.106282
798420806	0.551855
1006482620	0.216956
154139987	0.675484
1915752144	0.660544
1308601632	0.411206
1326751968	-0.066552
242618658	0.317393
24045931	0.676492
297532865	-0.049088
24670782	0.653404
59888738	0.409876
71358042	0.108607
46724483	-0.260294
1468560242	0.168816
1267462094	0.537960
277750492	0.640977
542842941	-0.029499
176135285	0.378211
36394602	-0.012185
76350004	-0.515219
50150341	0.438377
233346654	-0.051741
109287731	0.408815
1686107834	0.222794
1093441423	-0.219633
6092972	0.466898
250719718	-0.109251
58492046	0.343833
308721230	-0.359753
29766367	-0.191445
759251	-0.361140
393821580	0.703498
77839894	-0.248955
1716914930	0.438996
10102032	0.470125
82649553	0.448379
1653370998	0.562588
1362944844	0.515661
61906286	-0.200544
1932803906	0.638738
221447516	-0.013867
1905156690	0.238999
830918346	-0.102554
12788332	-0.410517
33622411	-0.164981
62354707	0.508848
1621009105	-0.297496
104727439	0.079996
24913074	0.204213
106591004	0.556593
18221712	0.223262
5357812	0.128680
103335794	0.278444
905020056	-0.063594
15603311	0.625868
15762842	0.665486
15555056	0.675907
115979444	-0.143478
2361890355	0.112193
575344793	0.021474
157382927	0.509979
16062766	0.237101
218779638	0.302852
2302483196	0.706771
1655816936	0.409131
454947269	0.286092
470366309	0.320491
16130949	0.437428
2409239300	0.542117
270370405	0.299650
29293808	0.253917
244268646	-0.048034
16742053	0.544405
942156122	0.403778
703561088	0.693840
382534366	0.482067
17065503	0.186723
1296038210	0.279100
359596838	0.232243
227088228	0.291991
813286	0.277240
137571771	0.067275
1234286196	0.572833
14849664	-0.080585
140959145	-0.261797
148453195	0.319956
301090775	-0.117038
14800483	0.236236
792608948	0.358236
950783972	0.455053
220241174	0.544462
381413722	0.236069
119250381	-0.169399
24299006	-0.177285
389840566	0.375787
36777778	0.664316
88806753	0.377613
415780303	0.623591
143779492	0.110464
614542142	0.291445
333504114	-0.347711
29848453	0.453899
65919935	0.276295
44682276	-0.075623
593813785	0.582739
582931822	0.111349
31801993	-0.207209
94366606	-0.096831
162784542	0.296976
330816212	-0.257284
448923637	-0.221220
1096507650	0.033398
15428227	-0.122843
411997494	0.125641
2252899873	0.161439
14293310	0.257254
40402146	0.437378
18811140	0.240278
1365917090	0.603491
273098660	0.399103
88976164	0.024756
23970171	0.206624
1347674623	-0.135980
223523798	-0.104495
15014405	0.380701
1347436638	-0.207234
2836421	-0.387887
15964588	0.454470
38254095	0.465258
37094727	-0.093057
64161351	0.221470
372345957	0.095340
14672279	0.037019
16030518	0.585187
91137301	-0.325826
240663096	0.279693
247334603	0.283074
20957491	-0.409064
26841582	0.283248
28238988	-0.268311
30673492	0.641527
35518656	0.081620
322737879	0.184664
1965801554	0.508156
47614124	0.230746
71281860	0.247023
721052064	0.599495
1949611364	-0.242711
18008330	-0.075553
148006729	0.427090
1301328822	-0.356372
1183811947	0.328548
17906632	0.585404
155680896	-0.074041
26111775	0.630678
349219528	0.659087
86364947	-0.388662
2181453624	0.497857
26316100	0.131208
1556756886	0.048979
20002401	-0.267299
19269183	0.414560
321119379	-0.377471
1300124792	0.552157
563844379	0.282388
751806494	-0.165982
33027306	0.090383
23117388	0.676867
819528355	-0.131328
267217520	0.221881
886986138	0.159640
497551327	0.675854
59568948	0.563762
1716366295	0.038760
1905833168	0.695814
448169106	0.632967
148333607	-0.207486
289374103	0.574643
360191435	0.653264
450786176	0.647937
23617145	0.257019
317193393	-0.219633
144189766	0.374510
279964598	0.153617
1120931132	-0.306548
1137600571	-0.069185
33060832	0.629977
18480494	0.371623
292990703	-0.064323
1117009244	0.498669
33576489	0.298305
17848544	0.647185
463918261	-0.087066
990635636	0.283923
18213420	0.440893
214179002	-0.029033
195070336	-0.361937
885789362	0.158494
22831059	0.129509
22081190	-0.039781
153486399	-0.268561
236480864	-0.189313
37202770	0.263004
374161639	0.147935
1242109014	0.343264
211530910	0.199117
1606703838	0.313936
348857253	-0.063390
167856299	0.180730
502440556	0.405933
14529929	0.442724
631876809	0.569450
1902537799	0.342812
700126891	-0.094129
20444702	0.518203
32789881	-0.137755
67906573	-0.119795
1032703770	0.303175
7334402	0.355419
19245431	0.629765
110924703	0.054916
198523967	-0.217257
1058345042	0.388240
2296636404	0.352107
15471838	0.062850
1702539968	0.152360
20376424	0.185827
21509894	0.660729
1388590928	0.283085
429181880	-0.274598
1073212812	-0.208348
283657826	0.648598
460656473	0.614237
1277984012	-0.168723
165533941	0.334422
42638402	-0.039713
337752039	0.157171
1393599296	0.642758
114607567	-0.125396
1144145946	-0.324600
377702207	0.056479
237814920	-0.454826
851621377	-0.284822
1487887076	0.516072
1852819452	0.407381
109280446	0.191020
1665719612	0.363914
537156670	0.409716
411526571	0.343831
488127904	0.012107
34270503	0.505388
95602718	0.478724
191208249	-0.237612
21351432	-0.235971
592019654	0.138014
385429543	0.531882
234937222	-0.360568
26194384	0.607304
47975734	0.431529
1023320856	0.488894
211901075	-0.521562
271552521	0.591471
1222283971	0.448297
2321129046	0.232617
1722842137	0.579507
1540496365	-0.198555
10025982	0.181740
17530189	-0.287534
123667924	0.145691
1962564906	0.012547
110893482	0.038964
93575832	-0.353894
40750718	-0.137111
960962340	-0.163989
222195455	0.482775
16056306	0.461199
1074129612	-0.282611
60801758	-0.366458
21426423	0.497453
319529691	0.440315
161411080	-0.056798
161791703	0.010667
939621458	0.403543
16703058	0.211646
301081520	0.011293
32010840	0.444817
834525002	-0.039095
26809683	-0.221369
202206694	-0.427473
520778762	-0.018247
8775672	0.031425
317608866	0.003037
24184717	0.236910
1356531588	0.070338
713463571	0.544688
176260948	0.639237
278005891	-0.193968
36737855	0.448710
35758513	0.134032
17896154	-0.398210
217550862	0.265044
1110920106	-0.056367
1931992778	-0.210358
1128781184	0.274533
29865139	-0.329165
977369880	0.585827
62330632	0.450526
34340464	0.443284
1033532365	0.541404
830430216	0.105105
155642785	-0.170912
1154667132	0.647246
1080602371	0.549934
360605502	-0.019077
63787812	0.248325
30027177	0.457179
2369234174	0.451143
5741722	0.249721
551698752	-0.060469
545501375	0.029271
1596947036	0.351008
1449407450	-0.235078
326551457	0.026528
95509057	-0.158907
423688722	-0.123302
328258374	0.347517
705661256	-0.142447
496786334	-0.227188
1879871294	0.023023
2374720591	0.625939
1954751917	-0.237185
550401754	0.090227
370076582	0.603459
18820392	-0.067597
16298388	0.507474
348861268	-0.233108
1623282788	0.526152
14124614	0.391564
36588739	-0.061682
88784440	0.413087
16804072	-0.076841
2356356972	-0.248138
1258312562	0.505136
43216755	-0.244138
703640660	0.683006
896620178	0.369355
122473388	0.186221
234906311	0.312653
16018516	0.204730
586045941	0.247713
1115633996	0.292643
485139684	0.579679
1352594924	0.313146
1621076712	0.186779
175102610	0.215829
63749707	0.289784
20733972	0.279343
17291452	-0.074081
20906882	0.537845
615181714	-0.187232
78966155	0.598559
1430524482	0.558271
21669223	0.442527
8870632	0.431962
14730894	0.580421
1959864463	0.599018
21321475	0.240593
272520742	-0.321769
19918558	-0.507312
1959387662	0.404982
14216438	0.612565
492378372	-0.077829
1154894353	-0.094705
1463550048	0.438602
24305421	0.439209
26265640	-0.366487
382441782	0.480876
856549532	0.307921
235271965	-0.433102
314335929	-0.114174
59969802	0.616075
74058012	0.664075
347877928	0.153347
30500021	0.455774
716563918	-0.065025
2255274860	-0.234024
411766612	0.089436
39793438	0.229459
41634520	0.025260
51228911	-0.492966
247496974	0.149028
234374703	0.376514
2168350939	0.550998
455037005	0.178640
267781214	0.035465
26324609	0.561481
17487795	0.291564
339852137	0.051717
230761725	0.374204
14616459	0.434158
1556371026	-0.298057
199325935	0.058078
234927299	0.486301
109025212	-0.249300
225326840	0.224069
1363394484	0.450228
75367781	0.214777
343171266	0.570186
15600527	-0.511192
89526574	0.580980
523397097	0.321248
1092979962	0.009564
63804234	-0.325316
206716135	-0.127326
260841091	0.273082
47470008	-0.338182
68198447	0.270117
2377726519	0.342776
1221321108	0.510620
205420257	0.158081
1243902714	0.063889
1049460835	0.570770
49782398	0.682313
1246599554	0.039693
113420831	0.525077
62907908	0.385090
72874723	0.063428
236899846	0.157225
1891157910	0.374539
505932430	0.117741
85778445	-0.218529
270067927	0.234780
331268118	0.599592
1201520622	0.081143
538416721	0.592819
359950567	-0.251375
6794502	0.438848
1263944875	0.482104
58287227	0.496628
338553588	0.179143
213182436	0.112672
46176168	-0.057764
142721190	-0.345210
943501040	0.349885
71070614	0.520370
18317325	0.345140
1065995022	-0.356757
21941446	0.559738
87055347	0.568482
259950795	-0.179027
506091865	0.667663
1581759588	0.119916
547839797	-0.375541
1697235505	0.606029
932421955	0.260800
46016028	-0.261694
25768647	0.165617
17074440	0.118992
1143929599	0.624497
2254857197	0.035579
631543401	0.691541
959687432	0.652931
97368029	-0.154474
32774989	-0.188483
415981838	-0.147949
180287231	-0.165878
472541504	0.307969
1482327366	-0.015216
454953162	0.320146
20552026	0.172706
180895768	-0.214092
14275291	-0.186515
2324036732	0.599448
346030501	0.673401
14135426	-0.210942
191005134	0.233539
14389132	0.093235
16472624	-0.045810
286363562	0.259741
163586067	0.160045
390292636	0.421219
991821667	0.053045
20449956	-0.034307
1693751167	0.555542
1658254478	0.094689
268496469	0.038681
1497383952	-0.071541
1313165581	-0.098754
1532014123	0.633188
139574248	0.608272
99157266	0.481870
83200882	-0.329655
2317860566	0.529055
216481299	-0.300199
805777398	-0.341996
361365479	-0.019594
97171189	-0.108902
807095	-0.326133
391413865	0.280531
89820928	0.504677
246499208	0.484212
85606078	0.528675
435877117	-0.151538
16385104	0.604460
24135119	-0.076959
276763538	-0.330396
207731256	0.043609
190699396	0.400497
1870898497	0.096142
1104083418	0.207654
52992670	0.046988
27676828	0.312691
310912778	-0.298003
47056405	0.059907
352643501	0.435125
252115520	-0.273340
47402168	0.091502
404542591	0.580948
594870776	-0.218751
240327228	0.196030
263975503	-0.276988
1068990122	0.459461
261263905	0.192725
1357427004	0.086340
19253918	0.397749
586032653	-0.327814
451967996	0.098550
18793575	-0.202690
23712174	-0.462869
252819642	0.585763
195019882	0.477538
18244206	0.488070
8953122	-0.372033
33655512	0.295992
19926675	0.367427
287861586	0.640176
323239103	0.600670
17439675	-0.312919
18967498	0.142308
29598035	0.390811
796737758	-0.270982
180396181	0.380758
305389392	0.099572
85353299	-0.306647
1423715941	0.596796
17282256	0.663271
1322558402	0.554510
430830756	-0.341147
1733849666	-0.111426
449959102	-0.066463
733751245	0.465663
1558893368	-0.071455
56653367	-0.244262
39191258	0.546175
498961346	-0.263876
300515560	-0.342936
539866149	0.326350
225988631	0.385042
78431501	0.076261
76392970	0.610132
248791332	-0.093980
1117640744	0.231118
118152495	0.081313
15751083	-0.407154
22262553	0.660127
1905298878	-0.357421
1443203875	-0.203702
39308549	0.386298
196147086	-0.311243
47891535	-0.177298
15029174	-0.022666
273795671	0.048421
237944147	0.102599
1738425180	0.440722
758067224	0.079072
424263083	-0.151629
456911539	0.504882
64022803	-0.101703
262424195	0.276013
1699808366	-0.059152
360427514	-0.302638
169472184	-0.027397
293254420	-0.152240
613725908	0.366731
485264526	-0.014803
778724700	0.039206
427024774	0.680811
1068626984	0.485916
148565166	-0.079235
29896465	0.152372
15281676	0.138936
20713061	-0.151321
193732179	-0.281147
1043702834	0.375026
398232779	0.023415
1516830966	0.234950
864768235	0.407203
2417754469	-0.057538
356390382	0.219006
712959254	-0.097201
180846791	-0.133442
158495061	0.359553
64660952	0.389194
221792092	0.015676
75785294	-0.091239
242068532	-0.051741
619479855	-0.306956
48117116	0.107958
443681123	0.537803
380371286	-0.354859
30930019	0.706701
195955478	0.057362
2192766368	0.520200
30043495	0.065753
126644609	0.096671
76651617	0.027784
386455581	-0.005969
49316020	-0.340336
236916916	0.462745
5558312	0.193153
80473367	-0.106951
44117460	-0.256159
330001961	-0.080223
373311804	0.419955
1849261916	-0.098602
180100015	0.057626
234822928	-0.504833
269931179	0.223290
8128442	-0.241876
292935209	-0.425158
572317065	0.354044
19553409	0.146604
242555999	0.417567
996565820	0.014660
886042746	0.022476
98242752	-0.372085
28859894	0.347079
16086967	0.513804
1578519660	0.349346
283265252	-0.116582
350930593	0.309066
1002313952	-0.035755
2265167642	0.433202
1076928920	0.553768
1944510751	-0.291576
22417674	0.058586
49697450	0.587188
31350534	0.495106
1694503231	0.014254
1571660059	0.555437
161344057	-0.265485
1189735556	-0.230692
809050796	0.545117
22819917	-0.360528
1602752804	0.383563
14809189	0.703867
578069877	0.230949
311165745	-0.325589
155669457	0.622268
1643415560	0.484037
249339682	-0.516212
416686487	-0.286115
22097192	-0.172251
1927804778	0.399732
1077121945	0.019829
33345380	0.357052
287269659	-0.310826
1955581326	-0.225368
1860099558	0.210568
137381495	0.457642
1408518626	0.277370
317407076	-0.205878
1117953943	0.246058
19726613	-0.354096
1935184730	0.124295
201877444	-0.007424
7713202	0.033112
57977498	-0.266955
87318108	-0.001678
9624742	0.264299
19891260	0.710088
254775647	0.610622
15116570	0.095470
1925654095	-0.091771
17643209	-0.141601
14344823	-0.253390
308664726	0.097160
558769636	0.461510
40024874	0.098447
198963912	-0.189848
189910408	-0.269213
50839205	0.035788
560117034	0.003813
2363258587	-0.054500
19739126	-0.270889
338883349	0.520177
48086014	-0.463819
2282872260	0.489032
33665393	-0.338103
205886080	-0.139590
135931182	0.525671
800162478	0.142027
373011304	0.168402
7270292	-0.309378
17976923	0.132321
104797238	0.424152
2337254448	-0.218262
97150206	0.433481
5561412	-0.047500
42760147	0.523380
191923358	-0.163023
581141508	-0.232581
223166587	0.671493
193614775	0.040183
28599820	0.471571
1001025787	0.054193
972323274	0.139614
9855382	0.078314
472632386	0.340130
2230533374	0.270435
2704951	0.374139
1611064304	0.233974
342601720	-0.280969
224320485	0.067126
121620626	0.648680
364564017	0.020223
1469735982	0.552598
17768436	0.119407
19543987	-0.130145
1374923180	0.048909
234024969	0.142299
16031927	0.354966
755802794	-0.148679
29501253	0.129834
1403429444	0.616864
1071768498	0.330914
313344689	0.585047
2288373518	-0.327046
250188760	0.331158
891678516	0.544744
1920276091	0.422853
16100318	-0.300059
49453870	0.322730
10168082	-0.067025
453698931	0.365956
54598826	0.688724
165511812	0.222603
1599284149	0.578617
237299871	0.292538
556000874	-0.319931
156975310	-0.323269
96662959	0.017822
15297551	0.693459
17513304	0.013669
364415553	-0.335754
305145458	-0.270631
2366260580	0.183730
394272456	-0.032300
237129990	0.284980
1020058453	-0.294707
317630465	-0.180342
39793961	-0.280842
377237995	-0.209779
133429379	-0.220067
64651898	0.312621
776664410	0.541408
235660311	-0.028004
63753027	-0.327826
1977097572	0.008265
35829796	0.217967
520950046	0.361477
1521740594	0.214956
1061486761	-0.228754
425565585	0.426110
32135704	-0.238787
111635980	-0.224442
334320138	0.174444
1262814457	0.026599
137068935	-0.240643
237926856	-0.113102
48075643	0.273949
919804596	-0.037553
244985138	0.369567
77418275	-0.276995
230981077	-0.045848
109274506	-0.378190
14634720	0.303245
193872188	-0.394498
43955137	0.647765
1878559962	0.714633
2241120434	0.127096
209833543	-0.268194
1434486529	0.004701
254277011	0.116710
201453157	0.534890
217137252	0.018952
31611298	-0.056547
1517363570	0.049750
51241574	-0.313342
162069635	-0.158610
356291170	-0.248300
474232856	0.657899
1931698346	0.329450
245378929	0.687964
159524468	0.195730
15675138	0.412602
1602221707	0.339739
27088314	-0.078929
2256726992	0.628308
248852820	0.023120
108671959	0.283173
136471166	0.274887
21220931	0.312717
233238234	0.088857
557671006	0.212465
1060860422	-0.067117
2178681566	0.634716
1535579558	0.014733
22731105	0.346796
260760840	0.070960
72405094	0.178097
18161620	0.260647
338811841	0.258375
1385690448	0.490135
1898897300	0.447097
621293247	-0.314696
128235400	-0.204668
217912727	-0.269861
531481241	0.198932
1399903849	0.411035
114887629	0.597355
5392522	-0.437009
269908647	0.010426
339814337	-0.008075
326208966	0.700159
2162136865	-0.047148
80403646	0.650807
131036750	-0.117842
53643803	-0.101800
30216513	0.042398
860154126	0.634308
19512725	0.196227
405034710	0.452267
16517357	-0.094409
85916265	0.396453
1337252017	0.700962
397430607	-0.220642
15727317	0.379614
15159913	-0.068690
275098108	-0.328727
38500956	-0.013173
122770149	0.050823
600991865	-0.037793
5496932	0.408638
49649077	-0.088371
1627252382	-0.049585
260396714	0.029817
37461389	-0.271813
1279783315	0.554097
19808819	0.508840
1305465990	0.357961
474451843	-0.284795
220580561	-0.140978
16102244	-0.469969
71328021	-0.203488
122146840	-0.127132
1827782569	-0.028386
15954997	0.440322
754277773	0.592348
1920537577	0.618391
21419440	-0.105913
381666107	0.147632
25915690	0.124683
17301179	-0.322901
19286569	0.696004
1060487274	0.648794
582475251	0.718466
14984637	0.477971
19257799	0.057301
138770045	-0.415740
407744769	0.293768
57860368	0.006660
16129920	0.396695
23121519	-0.050912
24392175	0.458029
15417358	-0.316740
240363117	0.459035
1140648348	0.073004
167699332	0.620898
1911335244	0.525990
1719880621	0.196567
74164455	0.351531
151200240	-0.209941
22946355	0.217983
833990756	0.529143
3108351	0.217349
234469322	0.305734
1693373094	0.333609
351109901	0.190908
247420668	-0.207911
538646538	0.333700
16583468	0.261167
14763834	0.243865
382791093	0.151805
322794665	0.019511
271985168	0.440959
21636248	-0.106925
555593757	0.080886
61250271	0.134463
207317790	-0.216297
575766234	0.167780
1002244244	-0.053575
84984380	-0.184554
1550794628	-0.327216
958081542	0.372530
95978223	0.550303
1305596696	0.003701
15922214	0.030217
15522251	0.182450
978690895	-0.143686
62090497	0.594312
791002021	0.422295
2196576859	0.037598
34122899	-0.174002
200400227	0.238094
23789790	-0.115408
121990777	0.388894
1469446608	0.408433
2178860358	0.570726
470126084	0.190836
615953866	-0.341010
15745368	-0.296529
42734224	0.447182
1503451620	0.488540
193794406	0.454881
538185166	-0.363133
324171587	-0.005444
1463325120	0.665478
15918708	-0.282205
188194323	-0.019342
135653370	0.612484
34402366	0.142858
24463788	-0.267969
2284159548	-0.224545
34932854	0.045611
48587305	-0.080211
302382660	-0.070638
199286398	0.026058
1462723416	-0.219261
359032147	0.611656
400792588	0.638023
572061403	0.288721
247066289	-0.370014
930234066	0.624744
34966987	0.123054
2330410284	0.185266
38067927	-0.358493
158398519	0.007840
325804079	0.309716
18873711	0.036205
78403308	0.081294
568151409	-0.233611
2311117897	0.008057
110545675	-0.439235
24795163	-0.186605
454060961	-0.096502
357253772	0.472016
19028248	0.013340
74895491	-0.025625
801084110	0.298110
16187637	-0.474192
1365881617	0.600238
628018533	0.121052
98017737	0.695604
845711293	-0.205734
593840334	-0.355662
1380763326	0.044733
193978839	0.379098
115166212	0.082378
1009269193	0.510311
2253990607	0.102631
105823136	0.669604
287225290	0.415445
137407124	0.064758
426694458	0.052818
245905555	0.699167
1545715382	-0.012816
20078009	-0.150305
18060177	0.670980
28969421	0.491601
145292853	0.582797
92055121	-0.170474
46263050	-0.131630
1736053987	0.322301
2238098360	0.571101
11379362	0.593096
240760644	-0.176415
301416337	0.124551
965142457	0.028277
1374780043	0.516006
24260994	-0.054211
265529710	0.696172
448077090	0.459681
1157424444	0.623316
218206502	-0.288441
25162697	0.330703
1350864440	0.506623
204905640	0.075457
71036272	0.567216
19658173	0.180094
15008539	-0.138265
124335509	0.063959
66774077	-0.316177
770554297	0.229962
1671690367	0.572024
36654245	0.413318
2250858631	0.574584
15985455	-0.122229
1396846357	0.445888
385188446	0.148338
1055730738	-0.082263
716984711	-0.083647
38039087	0.295703
248252582	0.152315
163570705	0.448949
191728014	0.156098
299802435	0.060484
468601121	-0.050797
740417436	0.674316
15856366	-0.227914
1665514478	-0.259846
11650762	0.267328
270017791	-0.156664
31128529	-0.349960
27385174	0.199634
393585626	0.667899
296361085	0.218258
293131808	0.128381
976579933	-0.032882
228784853	0.281866
332040130	-0.245204
309267226	0.275936
41750998	0.198592
68917738	0.121538
1874140452	0.035449
159609651	-0.198270
458393298	-0.323964
403353373	0.097134
249674727	0.460259
2286252732	0.433944
1080844782	0.091300
1372288434	0.109634
255876732	-0.340593
49541291	-0.087200
784971582	0.386401
22527499	0.430354
21693764	0.641152
16473577	-0.137497
159977219	0.448705
140519774	0.243153
27633572	0.560142
31122582	-0.299507
32506723	0.168144
1655680988	-0.228176
2245220154	0.012586
15075753	0.009949
588237779	0.163013
1468203217	0.443746
188019606	0.023805
242836537	0.389939
193632778	-0.096628
19865528	-0.256848
351149827	0.551430
18166778	0.026378
303861808	0.035831
343830557	-0.215076
17353658	0.460297
1541893820	0.673136
195271137	-0.364803
362597648	-0.041905
249219490	-0.326167
26122639	0.531245
46557945	-0.249422
398269985	0.235881
48263046	0.296141
1128514404	0.171643
1262936000	0.069617
537063930	0.614950
305620929	0.337399
15012486	0.056121
156300451	-0.062755
305216911	0.403135
757372008	-0.050926
32393576	0.492282
1711193490	-0.006190
19151741	0.586456
16814879	0.372831
27705441	0.085821
385288144	0.597220
235251868	-0.349074
431990191	0.463312
236118432	0.704611
91032815	-0.046100
2367536538	-0.116738
452004245	0.305307
135297032	-0.011524
166536928	0.254235
1476337592	-0.047549
32379396	0.332782
589425352	-0.053800
633855519	-0.087922
17800215	-0.195049
235312723	-0.082307
123934875	-0.035847
983813816	0.421749
359133002	0.554348
246769138	-0.045046
602997805	0.535406
30619527	0.342730
2203931420	-0.048819
126980084	0.561604
222721984	0.176959
167507135	-0.366931
459446627	0.228277
284744912	0.309717
59771400	-0.469198
1096059529	0.305047
1385871187	0.570075
1022263688	0.525601
271958454	0.384555
1540360435	0.677531
765038167	0.641166
16803651	0.041787
18029328	0.356554
2361531690	0.101551
60984835	0.265516
112236901	-0.148959
404226735	0.391350
1911879768	0.697909
50452197	-0.419876
55896443	0.302386
159292313	-0.237430
1883356866	0.129760
314761332	-0.131039
26607712	0.017158
21786287	0.355981
15356407	-0.469016
2739461	-0.210955
161743731	-0.181449
270182385	-0.358279
349379430	0.435703
57751453	-0.166136
1265207760	0.380827
27886115	0.459053
16441318	0.523259
96800896	-0.047086
23976316	0.401987
21762137	0.213851
350927143	0.577252
539485640	0.041432
407323365	0.216962
275725571	0.659760
77308668	-0.028192
30095477	0.187658
330650569	0.346723
108083058	0.172367
1644805254	0.188351
7356562	-0.491799
2305315345	0.700067
360804642	-0.369544
919927722	0.390662
15207668	0.126476
1214475872	0.196362
44478497	-0.085923
16099657	0.431814
857748156	-0.021345
1678290240	0.519919
76381104	0.095727
407039290	-0.012599
344109654	0.048789
15035209	0.250394
254805061	-0.200745
9300262	0.301510
242426145	-0.379045
1902563203	0.493829
1909542326	-0.293219
185684821	0.441217
21157904	-0.284558
253100055	0.147982
396794501	-0.312195
30050899	-0.343437
47736933	0.191469
209792690	0.277815
11134252	0.463075
480056408	-0.017898
14125897	0.105446
1075843532	0.615625
174847410	0.304791
1173237842	0.701419
610415617	-0.168889
30823752	0.014833
14597351	0.070424
316819997	-0.089394
32007346	0.125309
356881780	0.037138
323511585	0.673586
43108099	0.387013
49675523	0.279373
299883942	0.536272
1214026033	0.161307
293459696	-0.069905
793992	0.502496
2236741645	0.582214
16469463	-0.008092
1462357878	0.458999
1852444146	0.387189
288295387	-0.311477
63502107	0.187915
323863880	0.431606
93723445	-0.261907
85418520	0.452222
405134921	-0.205011
2301967142	-0.355550
148041415	-0.062917
284296658	-0.157066
1898624934	0.378845
1444380402	0.028364
554109268	0.420368
2297176518	-0.350695
1071900114	0.540454
254189414	0.720777
469674025	-0.239573
1422126799	-0.223271
327798242	0.222960
80958505	0.243077
393603441	0.367487
181101417	0.611178
52989817	-0.369504
818586175	-0.093999
2277763242	0.590161
31120881	0.356792
1025653922	0.464757
54686639	0.374837
185049728	0.626666
530864692	0.162456
44195577	0.143423
281162551	-0.213642
954172328	-0.286053
34850480	-0.240994
17750110	0.046720
38036372	0.237572
48115928	0.383032
514929629	0.612305
251656840	-0.214223
14173315	0.525259
1884324084	0.698080
281540744	-0.470268
18891923	0.433277
257658885	-0.271136
1246366651	0.380886
330938673	-0.110434
1059240924	-0.345790
194536303	0.541888
1339931490	0.430105
518644221	-0.153266
431266828	0.649023
432092458	0.610956
234022257	-0.314211
47747074	0.088308
73925960	0.633181
450108691	0.442958
278124059	0.520322
473199911	0.511690
196619213	0.363769
227036687	-0.253352
1630446259	0.662869
16669075	-0.043020
75843152	0.605259
1510065122	0.125694
392998644	-0.157713
78130610	0.242805
2203399435	0.150704
1906353372	-0.328982
56763589	0.421483
116534252	0.088830
15324851	-0.450860
209598477	0.273330
244526889	-0.023524
1488969002	0.625236
232992031	0.352158
15394954	-0.148228
18805303	0.041720
224285242	-0.066157
883557414	-0.334111
43050282	0.554882
18548136	0.167811
267938462	0.587753
585206397	0.144609
291676686	0.123775
1939381628	0.136040
309605202	0.269731
77017567	-0.169290
779118265	0.381516
751212379	-0.054907
245136682	0.293744
115488968	-0.283241
2253968388	-0.046479
1075666608	0.284891
555473643	0.673857
51267980	-0.214057
176646411	-0.279844
728565668	-0.161911
487067075	0.463371
16054728	0.093812
1055362014	-0.266695
47412499	-0.013533
337122716	-0.035981
870670477	0.230520
1572830660	0.398344
391814356	0.690708
13218102	-0.109954
1418013151	0.711417
71294756	0.319339
5660532	0.048359
398165004	-0.007073
516642662	0.305571
14587949	0.141662
17992453	0.439683
485842327	0.200763
2234105580	0.373773
19929362	0.165152
151589736	0.667621
45151382	0.352449
381152398	-0.405070
21950364	0.378612
326043489	-0.168116
233724961	-0.353802
462033343	0.326274
186506052	-0.271471
75347500	-0.320440
449795350	0.354263
701303623	-0.157138
1439879557	-0.159875
246341769	0.458098
186291444	0.479461
378738565	0.081367
219429281	-0.376828
1932363210	0.100986
308276891	0.531754
1580451673	0.662047
74302172	-0.058414
360893245	0.535071
1375646822	0.610397
237312687	-0.362834
119162694	-0.116696
21619519	-0.210147
490535112	0.510530
224297637	-0.303003
1497534576	-0.256781
14308987	0.198012
345261756	0.473510
1255785854	-0.287895
18216752	0.071043
2184765932	-0.085885
1525086182	-0.276431
56538228	-0.093956
95166404	-0.370284
342945847	0.496109
630802892	0.554030
15350894	0.701057
19616327	-0.122116
390522985	-0.279144
2287788476	0.149401
624186253	0.170974
621500066	-0.255489
24300215	-0.343337
1624698122	-0.051334
236479311	0.191221
594060392	-0.381610
1072453910	-0.116383
538086333	0.460126
342780479	0.331210
178419778	0.205314
280206584	-0.205249
345555778	0.411142
1125409915	0.664031
93936388	-0.014267
234014087	-0.443062
473401390	0.132503
993153006	0.240741
19139963	-0.318406
41464356	-0.200824
506033683	0.111713
590696606	0.050977
1652541	-0.153514
235217558	-0.047977
425489816	0.421433
235591153	0.287487
22903983	0.395849
344033052	0.416678
946114207	0.580175
770448248	0.309419
19407835	-0.077560
26778110	0.109592
1327675195	0.307306
169588591	0.481912
78673043	0.098374
15496979	0.524593
801523267	-0.227686
45340027	0.163594
399432469	0.216651
125397444	0.209719
72198806	-0.161192
197307435	-0.284246
1134292500	-0.291294
20563979	-0.170831
164707575	-0.038941
14617444	-0.285888
263414131	-0.331639
31006603	0.164791
201079432	-0.139956
1149312193	-0.117157
117974827	0.289385
89814216	0.098309
238861711	0.463934
253149069	-0.141138
34666990	0.021597
555845120	0.502751
80111837	0.556138
1406277577	-0.188855
529973619	0.549946
950328072	0.629736
153944899	0.242970
1335517206	-0.030138
242376736	0.427876
584351142	0.012695
1183865954	0.343720
368977925	0.285166
75398827	-0.352302
224294785	-0.094150
173363468	0.605522
388958868	0.453068
133864713	0.460948
91179070	0.277295
289530036	0.530311
143889472	0.216942
51284800	-0.228007
233601235	-0.354877
250710495	-0.432749
15434632	0.559822
36183582	0.532657
441425863	0.147488
221614578	0.246144
439596778	0.655520
20841089	-0.097096
575385464	0.218506
40526985	0.239863
248850174	0.421564
37920978	0.023624
15939889	-0.321258
1490306108	0.293261
433079096	0.692348
463132556	0.000466
2312281051	0.697338
1458461443	-0.195558
19877680	0.502902
377773483	-0.024612
180142423	-0.047266
13067732	0.604198
38787045	0.495499
1143060714	-0.242604
452413225	-0.020331
18043103	-0.286312
1282568923	0.665763
339172700	0.321558
112604826	0.048800
1229226714	0.286824
249834165	0.235397
2305350474	-0.104155
2377621136	0.119242
18289929	-0.195958
366228554	0.638184
24742936	0.491168
85634199	-0.047516
93288759	-0.082714
1051127714	-0.491776
197290856	-0.367789
20071932	-0.053612
48807726	-0.301428
486380694	-0.306514
168666357	0.511314
215909539	-0.142941
168673083	0.175391
47632905	-0.104231
1069918782	0.546018
28252475	0.011048
1123683068	0.652885
2314336918	-0.070016
84129740	0.052732
229197216	-0.360829
247850985	0.596673
2369496272	-0.115802
85970738	0.053724
15715842	-0.196844
153919023	0.058973
499978095	0.624192
1365631760	0.601230
389759292	0.065711
38465240	-0.298779
1512666349	-0.356012
1656055824	0.280588
1662929678	0.666378
117197307	-0.310663
991357832	-0.060966
34438002	0.177559
104631905	-0.313258
1262623074	-0.064843
132278386	0.296794
15948219	0.456626
1011705054	0.414821
251728316	0.605091
20495104	0.577026
612716532	0.399649
110050273	0.207912
113214730	-0.176653
237770636	0.630844
247596046	0.343625
62543872	0.709820
123282266	0.459725
133439172	0.142220
1037084538	0.115164
111632324	0.487446
534405915	-0.289537
276197098	0.576118
77664666	0.181801
1394549060	-0.124791
2199888721	0.466512
225921757	0.077051
91744236	0.471246
428333	-0.188711
85634177	0.303649
255829884	0.207635
1328123624	-0.167409
325717986	0.141973
266830495	0.460280
611834439	-0.198247
960696949	0.425882
15572155	-0.188623
433791263	-0.150980
1636291356	-0.054661
19912734	-0.369309
337932925	-0.108989
543822491	0.218611
49634881	0.666760
468930111	-0.161578
620298978	-0.311903
349947276	0.388760
60638933	0.343295
282775291	-0.076034
26677801	0.042886
23035691	-0.252840
534599939	0.254342
195042501	0.599500
50325797	0.369328
65453528	-0.324684
2321775476	-0.182518
229592356	0.063059
1071764281	0.690121
2340967118	0.685638
1223102983	0.537116
122719755	-0.263807
124196924	0.295881
17525171	0.625658
52503751	0.026267
76452765	0.342284
1634852712	-0.361651
1172636797	0.695478
33977070	0.470495
21048033	-0.140901
217543151	-0.318221
1726999796	0.579470
401955731	-0.226375
948491592	0.438147
267583652	0.052692
225242868	0.112742
487906127	-0.063907
286898862	0.632586
605098090	0.083900
1071102246	-0.451351
1075551668	0.169963
1441675236	-0.109841
206428391	-0.135013
325298865	0.543078
1626115357	0.022197
600737301	-0.186724
43476440	0.562374
1061385474	0.219664
362052555	-0.288841
281509650	0.530487
1228818295	0.536502
516131688	-0.358300
1222257180	-0.304506
158205177	0.241282
28889556	0.374323
248004920	-0.035952
23632545	0.021918
1023236538	0.642730
24737755	-0.069192
41406567	-0.035462
117197740	-0.352730
69715433	0.459637
74198348	-0.162761
463606038	0.167258
1061006802	0.215026
575749942	-0.304897
115754120	0.119247
15448332	0.075210
1131203611	0.307267
298059168	0.325863
610325685	-0.103375
241207373	-0.436647
1332628436	0.624790
1925656796	-0.278767
211254250	0.650871
851120473	-0.189073
108619944	-0.128732
95070642	-0.216589
450708486	0.036044
257170128	0.451956
154648736	0.594817
442824717	0.203225
1571215884	-0.034720
308563367	0.265890
1440997712	0.619548
19793648	0.483813
1536065244	0.549784
122207745	0.476619
362654346	-0.103528
78369108	-0.099509
14859559	0.669589
318464838	0.046044
425527664	-0.338689
286034058	0.396171
1552818054	-0.276633
37766935	-0.042588
266772387	0.268929
986188543	0.620627
1372431026	0.607157
282233418	0.225097
308748838	0.009318
256178459	-0.125049
70156027	-0.057910
407584834	0.072352
633131271	-0.291251
1072382221	0.256276
1437466362	0.371135
373883896	0.475720
1901113928	-0.333948
1484301392	0.028639
799658150	0.063813
1198766904	-0.162072
785414496	0.317755
84677520	0.170381
1797991	-0.117843
608182396	0.139716
170767454	0.685519
15361570	0.348394
9508922	0.086386
376477453	0.313427
190160433	-0.101998
373326597	-0.024936
122212010	-0.162161
44127294	0.231605
22797378	0.615747
1592481150	-0.050176
233842454	-0.222218
265155317	0.540795
564225302	0.164456
2358445766	0.537290
127894579	-0.354091
30313925	0.066921
1058717720	0.481828
20641972	-0.074894
1877628114	-0.341324
1412998502	0.128652
40466049	0.133193
1008962922	-0.066978
13383292	-0.240667
100330676	0.685930
330583779	0.411460
5692662	0.398404
1494474121	0.237141
566631178	-0.144102
237781383	-0.318834
2251095308	0.283552
975200486	0.255257
16712666	0.654113
1656884071	0.283605
1355831521	0.487823
279634424	0.440613
29610442	0.317286
8542882	-0.374361
18724011	0.271900
237348797	-0.202024
248699486	0.400626
633825457	0.535667
29929730	-0.001266
18916432	-0.366525
19518515	0.550018
52537790	-0.019802
455041792	-0.121250
253016264	-0.332091
116518445	0.466313
533702418	0.319912
29710286	0.634022
26976860	-0.313480
25086658	-0.167047
1969641703	0.029476
189236855	0.406188
23536035	0.451223
617382180	0.653355
2281176661	0.021522
1917347892	-0.105768
1305481388	0.283489
761840588	-0.332391
16560935	-0.135576
180032621	-0.180351
294965312	-0.366916
380001296	0.065447
398990591	-0.194457
133448248	0.539955
1608892718	0.628853
409799018	-0.103527
1622931326	0.143283
36126319	0.089587
156075520	0.491382
5031151	0.314000
340296149	-0.241649
378096410	0.372205
242993672	0.294617
