14412533	-0.065135
2163623972	0.696189
249222850	0.621107
1281503318	0.465706
387984038	0.386268
1206306506	0.698383
57931553	0.425743
2258783241	0.168860
63160932	0.653882
25198840	0.512722
15289825	0.139474
1452476780	-0.339742
1086619808	-0.074463
1623308912	-0.104960
2194801027	0.606228
20467163	-0.214367
19824430	0.251671
1739650556	0.653522
59558161	0.478740
1444015610	-0.411289
804861259	-0.121930
252254916	-0.286785
40057701	0.197922
2375722164	0.325563
451032276	0.116446
1120298527	-0.378078
16860684	0.518957
187414539	-0.375929
479674626	0.076053
19394188	-0.219467
1155335864	0.057876
20635633	0.595151
248718904	0.044215
252644673	0.298912
534680801	-0.008382
932446728	0.177928
235373000	0.275218
1377700518	-0.167143
437741704	-0.000008
414516629	0.007677
46807181	0.018669
1691930744	0.234756
153694167	0.557697
16705010	0.221389
22509598	0.292430
31054788	0.562474
1545781357	0.096033
5990782	0.401726
239949176	0.532645
174879603	0.486801
547778460	-0.087400
15993122	0.190277
44209472	0.233552
17811916	0.394288
37131103	0.558852
83932732	0.063925
22006412	0.115623
132201224	-0.485189
1647266078	0.256021
126632552	-0.004224
16789970	0.367271
1183998762	0.237075
317216233	-0.172569
354493762	0.382835
24773493	-0.412792
119899270	-0.066758
414774285	-0.232179
1252129242	0.150605
295868971	-0.342068
19186003	0.025211
564908956	0.186267
528484792	0.692958
2291373043	-0.223216
2260662498	0.461491
40523440	0.162498
471606410	0.501147
25668918	0.523903
320787415	-0.238854
383393464	0.174581
463890972	0.021410
48366585	-0.179040
239584537	0.072173
1357793240	0.438644
51535196	-0.199805
22930392	0.659236
35137957	0.428632
199317006	0.296949
197628846	0.484395
223360975	0.564819
29157809	0.509551
776063954	0.076753
277107570	0.222944
873631776	0.016636
18943752	0.364513
492616846	0.436578
75927706	0.528274
1334517175	0.245540
29205600	-0.257706
182815759	0.261627
54412900	0.247918
860696202	-0.044026
171813900	0.093571
19312039	0.493795
1009921273	0.210531
717888988	-0.044729
536281139	0.066539
474326839	0.245865
237763317	0.216412
164732631	0.589948
18890707	-0.047187
18696134	0.363891
217454584	0.317432
25168293	0.528251
13491312	-0.181871
311789873	-0.146774
467801778	0.514432
216881337	0.176108
35998429	-0.020320
16256269	0.476735
1226281657	-0.064872
47127416	-0.316362
598384016	0.400261
456986241	0.089528
9532402	-0.029224
26459660	0.496404
35060071	-0.071753
424122984	-0.254964
164007407	0.102807
1127447660	0.231262
728708694	-0.027091
40367637	0.369656
1367531	-0.094978
89657363	-0.246666
10375552	0.175038
28480805	0.420834
1328434170	0.023652
1055907624	-0.059571
28856628	0.434382
1915916724	-0.156660
708309848	-0.152134
108052620	0.510711
11348282	0.098762
104615577	0.509053
15697940	0.602318
1925127612	0.574339
1222580420	0.243250
254310640	0.709248
201791908	0.406346
1189780298	0.633755
502184923	-0.046738
25124372	-0.211317
2237923975	0.657134
18909919	-0.290776
384913290	0.103642
177028305	-0.051215
266133081	-0.148444
249348006	-0.376377
96386080	0.427490
66369181	-0.254454
277008614	0.682555
254859330	0.042837
237460752	0.628614
2360123726	0.425673
343588320	-0.366930
22113371	0.295092
2221362486	0.114146
1025521	-0.102162
79729138	-0.163819
1060984272	-0.102836
358606388	0.472624
23220731	0.457864
325691585	0.189433
1408162200	-0.138809
274824692	0.621272
186299824	0.501279
612117635	0.477195
35762860	0.492453
19216998	0.238296
409522947	0.013814
112765894	0.531826
3135241	0.424817
280346878	-0.032753
220208804	0.161689
116141817	-0.277566
611886875	-0.034671
73303753	-0.503186
25226477	0.174681
331678866	-0.243673
261918703	0.556231
561628839	0.463352
47544979	-0.140509
790097610	-0.353429
1718400349	0.546317
15092872	-0.326774
1676771268	0.130883
28785486	-0.305823
183637495	-0.333723
521926535	0.530586
124062781	0.679802
241771567	-0.124752
31210583	-0.301151
379378754	-0.346694
576268700	0.077506
163209579	0.448373
1066076640	0.557680
93189203	0.579743
939091	0.532057
254557147	-0.220424
63506775	-0.255748
240839950	0.004481
172662933	0.568074
618586017	0.182736
85616770	-0.376500
1091456496	0.199650
267889663	-0.275161
160647819	0.050769
510516465	-0.227376
18678924	0.240515
35081819	0.669860
15980436	0.656565
20618764	-0.190703
1689821791	0.238953
356199275	0.314775
2205359364	0.676263
211420609	0.180784
21631487	0.397885
722800129	0.289237
547174027	0.338859
116748080	-0.346168
1057859527	0.029515
27136225	0.593900
269893425	0.687318
1921776680	0.631278
2196548623	-0.391439
124224165	0.327780
519728645	0.586976
25214807	0.333770
85898279	0.086041
961520071	0.211877
310608280	0.702028
558895964	0.309744
72831557	0.491840
622198206	0.256797
1027156464	-0.105862
18294521	0.522236
1725039222	-0.207870
222320264	0.510272
251408532	-0.043238
1542493423	0.204427
543154345	-0.120233
259834782	-0.043608
21873714	-0.300807
108376246	-0.466392
16614802	0.211804
371887563	-0.272691
1090002997	0.286955
93552029	-0.202023
17111550	-0.281287
372503594	0.052935
20015903	-0.410067
934933188	0.505048
332340557	-0.249941
944917346	0.214697
2370786962	0.139179
78941245	0.595581
103727818	-0.348825
351266014	0.086388
1607546875	0.328777
99949940	0.346464
1713542732	0.646674
237600102	0.018582
72129678	-0.118294
180389279	-0.050474
2179040628	-0.030487
517911880	0.527905
2310494503	-0.303029
2293131060	0.608451
218357036	0.365391
558831200	0.364140
402190452	0.461791
97239626	0.441974
11883722	-0.239234
394303189	0.447897
110420252	0.500696
61842393	0.601444
357580948	-0.366613
1496512904	0.059328
425889480	0.065465
168830539	-0.169385
15710384	-0.359420
23109966	-0.108405
34773320	0.561676
1469869638	0.112321
198323147	-0.230035
29584150	0.498888
322781751	-0.279813
976969338	-0.266522
748531489	0.360443
886946899	0.220012
397584127	-0.185485
234057152	0.060641
26083271	0.408770
26144769	0.274658
287811065	0.091038
52763281	0.118565
27048645	0.398009
28336822	0.586560
131791939	0.082141
81919296	0.010784
306001688	-0.124789
125984383	-0.183370
1262557194	-0.075643
506462653	-0.246965
85396297	0.033074
233557728	-0.127335
252819323	-0.333102
238314303	-0.042637
296068607	0.281013
1058807868	-0.407771
49986081	-0.161551
14081659	0.447447
452700445	0.277024
207116000	0.133970
1356966632	-0.233068
49171436	0.282299
855057596	0.252577
1340326969	0.661991
598123678	0.290397
966442267	-0.055185
326210627	0.352061
108617810	0.404422
221508042	0.251420
39322371	-0.371404
31285825	-0.170433
97298155	-0.086383
98910693	0.421444
1912048351	-0.348611
547416793	0.183080
868637460	0.060261
189904289	-0.004133
584012853	0.170287
176134825	-0.379492
606101503	0.428825
1469528666	-0.177495
543635294	0.403934
360436349	0.638385
481000411	-0.122376
326196796	0.411722
1120550322	-0.152198
192441406	0.003078
272542662	0.636030
904655414	0.202904
1060370282	0.484725
121469977	0.454016
73931897	-0.062963
46004597	0.502793
1447399590	0.327484
1201824876	-0.316137
359222643	0.572966
384111224	-0.066634
80958602	0.120722
1658898042	-0.390311
439049326	0.583328
195193469	-0.328739
209787354	0.207462
362688424	-0.189661
432676344	-0.333340
55581437	-0.361515
147487756	0.142707
11856892	-0.124183
108689270	-0.008545
97931967	-0.361875
1644734071	-0.108448
198526130	-0.238270
475294870	0.591070
399170640	0.503730
76163900	0.137910
998576058	-0.362591
430292078	0.596242
823801824	0.164785
1974399272	-0.294556
402719755	0.168721
456032135	0.645988
743694942	0.625836
51943611	0.675865
1350118422	0.458987
30864583	0.025948
39510422	0.329787
353834752	0.322068
2260579802	0.454588
15392139	0.619906
26977568	0.390268
47892311	0.119024
20517132	0.567917
324403737	0.525028
42913132	0.290415
573495038	0.401247
208692908	0.251015
425286290	0.438363
452344217	0.269778
220249920	0.565485
267854863	0.239798
582875320	-0.362462
791967744	-0.222871
1548079500	0.112846
288963206	-0.300066
239964750	0.001886
2314375189	-0.302966
1729693597	-0.233399
89193992	0.504156
1083448909	0.566897
963480595	-0.394717
221528389	-0.345076
1058460818	0.322189
26637348	-0.333143
5988062	-0.090767
221162525	0.493359
1964821772	0.573002
278145569	0.048464
387225200	-0.100865
435983624	-0.004733
17005219	0.229518
90518536	0.634591
17633159	0.434659
1355805258	0.624039
14579415	0.652265
267339368	0.686182
75578498	-0.222182
717905080	0.012050
24183358	0.586038
2318080736	-0.322707
1405337395	-0.231537
73833569	0.515135
1646054551	-0.281268
245451804	-0.382653
887385018	0.244695
15987296	-0.346487
54446722	-0.347503
467787311	0.507556
78387677	0.596126
1138688364	0.070302
224391627	-0.291385
318095351	0.432222
44177383	0.494585
178229698	0.170347
36117128	0.394640
240812994	-0.283420
1080509366	0.515395
1480654033	0.352036
22242298	0.605305
171693939	0.117133
285737815	-0.144157
1055685948	0.368438
25956294	0.541043
1058051748	-0.165419
1092248911	0.052977
18205674	0.392431
245419752	-0.104728
7597712	-0.063836
418078050	-0.342228
472587512	0.441917
379815077	0.162045
516880804	0.492996
14764240	0.179668
115733549	-0.502595
1674501806	0.660080
1058917562	0.314628
16348437	0.047211
277363853	0.237394
260807192	0.048944
20245031	-0.166577
337785530	0.225815
333663029	0.009202
65433355	-0.327598
28423263	-0.271534
2312501226	-0.329757
585441089	0.418089
126171100	-0.494787
349979682	0.184497
841342315	0.388850
525736608	0.168384
557050706	-0.262550
334965470	0.303780
249814580	0.020796
274255909	0.193245
310347243	-0.145387
1730532331	0.554938
867444085	0.681988
297498647	-0.099563
85476251	0.667838
154699063	-0.317863
93761782	0.113899
1090009730	0.021450
360080772	0.418239
16631939	0.360970
376064104	0.541451
619964159	-0.083949
20468251	0.651962
26513860	0.406673
168502762	-0.040202
258900199	0.600231
488297851	0.476440
21269970	0.328682
24735461	0.335904
384538886	-0.167966
376946273	-0.352089
1331884178	-0.327296
377534571	0.422995
2227361208	-0.114393
17544524	-0.049415
24298528	0.398362
37982748	0.676994
195790079	-0.315074
411765271	-0.362663
254032655	0.430509
995193054	-0.283851
175131510	0.354520
2412155161	0.194570
1691191704	-0.359592
21797269	0.643586
1228070911	0.589278
123999551	-0.254193
7402662	-0.173560
2268031692	0.057609
703301119	-0.242130
2385644521	-0.254007
190328374	-0.417351
240385577	0.333747
18732816	0.436811
976404032	-0.074291
613404995	-0.347179
239871673	0.313965
1897447471	0.360299
55677432	0.011116
22545491	-0.406147
156212602	0.358226
305818200	0.280593
2205545306	0.175319
234837632	-0.309824
18822612	-0.329643
345491974	-0.107351
2308777399	0.587357
18030431	-0.243993
2207375216	0.078410
70799357	0.371917
148021006	0.030181
23578274	0.227007
296925880	0.215134
903320070	0.325405
15639642	0.446447
161329769	0.269102
22055226	0.483089
213634439	0.417249
8162322	0.110498
1564956584	-0.230628
22509548	-0.166574
14129299	-0.139613
34238458	-0.203819
511079500	-0.134832
377591325	0.393845
2252607128	0.269605
1015802058	0.152731
756285384	-0.085556
264494662	0.498963
90490354	0.653825
14774189	0.648721
34069014	0.150109
1222684418	-0.229286
25755336	0.470465
240840748	-0.290233
15160884	0.087803
472263579	0.092675
7900962	0.530569
27302870	0.695070
1074101017	0.121227
22028039	-0.190325
214209081	0.587008
1601370486	-0.106104
2191060944	-0.361439
199510192	0.674146
968650362	0.054939
22523087	-0.357718
753647880	-0.293495
408105171	-0.245209
404132211	0.139338
176896268	0.196987
114756202	0.382630
47468096	-0.308887
1431823160	0.613978
40750860	-0.148006
358302508	0.488834
347395654	-0.340210
65146567	-0.392598
31744825	0.062539
136682183	0.394949
33530012	-0.429233
2322307531	0.547753
546176922	-0.182054
237019973	-0.307470
1031845399	-0.194851
346813911	0.489582
189986982	0.575547
777390745	-0.093692
59704563	0.044485
234053893	-0.277717
41445718	0.447473
19670455	0.593269
1132232611	0.124287
194720228	-0.458622
308852834	-0.213881
21144715	-0.107773
376527578	0.537697
22669526	-0.341480
794546882	-0.318732
26818986	-0.091839
19576571	0.626827
615537104	0.149805
2352119654	0.547450
21542518	-0.156071
494114249	-0.268585
1117326481	-0.076135
14354562	0.048375
1023294366	0.520904
336699225	0.598262
360338075	0.171864
265639238	0.057126
402029058	-0.271958
535181994	-0.102326
18170310	-0.030561
1068470480	0.177480
109355585	-0.154722
1510311302	0.518236
372315769	0.091340
21333396	0.207886
616965232	0.593379
1516670166	0.121513
233601728	0.310493
114299101	-0.329425
61046743	-0.030191
177974542	0.072352
300013543	0.218750
254226686	0.367637
14857525	0.152017
237853147	-0.311400
300430043	0.174272
121171657	-0.105257
37836873	0.220950
187108150	-0.055327
36738199	0.117847
1710292866	-0.075067
248735463	0.337731
40954486	-0.246281
284601302	-0.067608
1447467186	-0.263190
253281321	0.484694
15602331	-0.326126
577609337	0.052489
43273533	-0.128677
26777550	0.426838
30045475	-0.384536
58228306	-0.174380
874694125	0.360350
890904109	0.708811
470703779	-0.300332
122183484	0.380381
589070172	0.405755
1075303104	0.493481
457733782	0.350054
117661549	-0.312539
20545793	-0.066540
160919506	-0.358321
154233179	-0.307771
370467757	0.328207
216486007	-0.210265
438040565	0.413603
216855513	-0.344443
2264976900	0.106483
378636572	-0.214830
321234739	0.574902
2278730858	0.243924
344525024	-0.318415
220765205	0.190756
16002085	-0.105795
1681848204	0.010004
123421771	-0.329299
831933780	0.085029
1228652142	-0.344609
1283908939	-0.126547
747876121	-0.201268
780383160	0.110188
531596035	0.434901
1410590874	-0.184773
16827173	0.387959
1625304829	0.163483
429268149	0.302409
110445334	0.187868
22528309	0.317962
132345883	0.569215
233693291	0.376780
372506462	0.089692
18863927	0.591781
242873057	0.105286
430235090	-0.292876
36564017	-0.288969
304115290	0.374219
1901018683	0.503593
1037321378	-0.445187
278433367	-0.193572
302113333	0.150376
1609169504	0.326307
17997831	0.290047
1531521632	-0.239230
291551843	0.132391
14669951	-0.002812
368914608	0.553464
1375871708	0.553995
17340186	0.201950
432766911	0.673568
68281948	-0.225572
127963931	0.236510
18646108	0.325961
549438299	0.059894
16336478	-0.315912
83195396	-0.178157
467636108	0.442979
231898286	-0.276845
70590748	0.640551
441040701	0.640650
137084996	0.534019
912598626	0.333593
230720547	0.609079
41861272	0.086349
416644656	-0.207198
2317625354	0.360939
28176898	-0.371938
401989810	0.041071
581275783	-0.346176
91935208	0.639897
18791763	0.029719
27688281	-0.016407
1853114688	-0.016451
14246001	-0.495574
1486445498	0.383031
977560500	-0.195507
15715665	-0.029133
235279028	-0.224169
805188312	0.504424
64507817	0.077017
277193651	0.126336
21910246	0.610628
156763824	-0.145676
1045110018	0.390351
614706394	-0.152998
36686040	-0.140760
1917731	0.571621
280913598	-0.268476
249787913	0.505359
1242946140	-0.390618
1526488393	0.566700
28008943	0.431637
2316393866	0.495578
526750889	-0.286475
1849400233	0.421238
125613253	0.628940
15380417	0.642324
26051676	0.060232
90250351	0.015102
931024693	-0.262233
2245423891	-0.224569
73791927	0.116112
389357597	0.124053
514749390	0.461016
1232484468	0.604886
935033864	-0.330494
27274887	0.184554
952575223	-0.187790
414068004	0.171686
49057566	-0.142477
702460382	0.197959
243413616	0.348483
121537837	0.525914
122174004	-0.131011
265329329	0.270346
237504609	0.332915
858111194	0.149516
246447524	0.373589
20397563	0.701643
260479308	-0.020550
935987066	-0.015217
1051446626	0.164177
1428792126	0.558476
15007149	-0.519691
238264015	-0.203765
237862972	-0.380019
265993392	0.100302
15976697	-0.057180
315992993	0.607422
127919146	0.472974
403639485	-0.376382
17120599	-0.162926
1105408002	-0.368564
328679423	0.365857
130977700	-0.179739
70740010	0.511418
894512114	-0.028058
78408666	0.047617
2394285656	0.703952
2292332720	0.159731
21572351	-0.458612
1157543414	0.611830
130600206	0.193479
249219716	-0.190650
346949527	0.002377
337595668	-0.200786
2155491151	0.703461
51982954	0.441694
15224867	-0.442888
27675227	0.308858
2236668625	0.216806
108323434	-0.159153
52052011	0.355091
2304223555	-0.251061
538121732	0.331750
50707364	0.478835
470654192	-0.238533
1092757885	-0.137269
93950784	0.605169
1360075950	0.093201
19612749	-0.180303
1382011333	0.677025
55440365	0.377155
37497720	-0.333356
117432541	0.453370
1613159058	0.567555
103949895	-0.363052
399112142	0.629169
22265452	-0.034022
1120582274	0.623689
1089334250	0.139398
461301890	0.165173
198928268	0.241504
12298112	0.211837
240135871	0.091653
22507324	-0.309350
117792965	0.427696
381874511	-0.140574
741061716	0.142104
325040651	0.579521
294959299	0.513225
457276155	0.552303
1237156340	0.011914
21643972	0.131165
1362806395	0.130556
136550204	0.022097
18579364	0.439318
1326498037	-0.336702
40510796	0.683176
598853747	-0.267349
573916220	0.457987
3913931	-0.255294
91346513	0.593558
2329092852	0.472038
2176134116	-0.121237
1461162020	0.290505
183212100	0.206750
15210284	-0.098892
133022865	0.019752
171154131	0.282630
18172905	-0.079435
123150166	0.498258
938657858	-0.258177
191496735	-0.391529
252249233	-0.423193
137794015	0.196727
220551206	-0.318078
65082057	0.350714
1553746556	0.326470
749375898	-0.313947
889786374	0.589445
624927613	0.130888
158290255	0.069203
363540832	0.426588
24509586	0.199444
447277172	0.667624
14398250	-0.043967
287545295	0.012490
84119348	0.262133
236541422	0.278256
62387220	0.355215
2316645626	0.028888
18622869	-0.290563
53725673	-0.204970
1422790478	0.137610
1112972713	-0.253639
443265529	0.420433
335476450	-0.356892
1870463754	0.211510
714409014	0.332484
344516847	-0.066915
271007688	-0.129813
1387919042	0.165736
627838899	0.560229
33205490	-0.237085
1328762540	-0.172419
284664892	0.364241
1265860620	-0.258245
619541619	-0.069150
249327401	0.653252
1023872718	0.361496
138531540	-0.150565
22076537	0.537709
49969221	0.275891
21346197	0.664073
1431454158	-0.188913
24745957	0.033049
626001129	0.428142
1345850192	-0.277822
243502423	0.615605
414543577	-0.330848
59281449	0.004298
270792742	-0.368656
325830217	0.564893
18496709	-0.365637
1035443946	0.367801
286799590	0.579920
1539064994	-0.125058
624753464	0.186628
291756142	0.238608
35013862	-0.273416
1849074780	-0.025121
171598736	0.383713
20209807	0.320341
1431884516	0.387974
15923226	-0.011340
1209417007	0.083187
2161486428	0.342821
215346722	-0.211219
562618381	0.515587
125208664	-0.192735
625296182	0.391741
36691808	0.042398
17680840	0.697700
731524644	0.346026
405785853	-0.340386
18566912	-0.374678
1444416162	0.159701
930009097	-0.186386
836709230	-0.162059
432771620	0.493992
50370046	-0.205115
287896740	0.015007
193076432	0.591070
216355557	0.293476
24448865	0.080264
378547255	0.486771
24195214	-0.007619
41017380	0.145387
540241441	0.460598
39803436	-0.161972
271593651	0.467476
232127685	0.186454
148348430	0.493175
1413602821	0.657990
524724189	-0.019630
249288197	-0.000755
63169388	0.234790
19693903	0.384409
15769734	0.123279
1884258127	-0.038541
158397501	-0.282286
25382456	0.575483
628559456	0.505316
620708331	-0.152453
1872933859	0.254350
23951197	-0.033579
2185601035	-0.213600
85342505	-0.131948
403539769	0.189930
321380757	0.417904
422076926	0.663626
20469722	0.611471
776698136	-0.117118
1092750030	-0.137735
50552213	0.557904
19201438	0.622100
157305077	0.609820
213207055	0.241187
130274805	0.373253
348522887	-0.133784
2309440500	0.382637
143489158	0.260854
783749288	-0.198515
559073634	-0.080663
562640547	0.179162
608902626	0.084266
49194495	0.052291
20880535	0.624695
1210072844	-0.352099
54606494	0.333063
81021861	-0.334894
18277655	-0.138067
33537967	-0.067560
48354257	0.381418
107620932	-0.135762
14540659	0.305968
1636639214	0.701964
365239637	-0.304564
15941955	-0.326432
1342502834	-0.315384
569212271	0.239896
971412384	0.505117
295685416	0.516429
1963246038	0.313743
250736913	0.081371
1310708510	-0.185975
50634125	0.479625
1539300170	-0.148633
1109679128	0.040151
253654580	-0.253482
19563355	-0.111822
15458694	-0.218528
230100284	0.008604
10615232	0.334857
1045853744	0.062005
233949261	0.299745
593718490	0.564664
1186810890	0.624479
1186874899	0.166766
288886063	-0.273846
247517295	0.373211
30437038	0.521031
63796828	-0.141956
915781920	0.632075
18915145	-0.307467
76348185	-0.320551
1915018465	0.493063
22698090	0.689440
20608910	-0.377563
87714473	-0.311245
1237704769	0.106943
467823431	-0.494455
249410485	-0.131080
108052596	0.064099
1316483802	0.184312
23365717	0.384379
477583514	-0.263201
200870788	0.544640
33655490	-0.427744
14511951	0.061849
933487722	0.176193
430343685	0.437012
24477294	0.052909
234812598	-0.230203
94103877	0.052162
180197930	-0.054911
54207182	0.556301
318711662	0.402534
1347830329	-0.126872
22812434	-0.513762
14110710	0.573253
15918353	0.183721
15554922	0.154032
254174408	-0.201293
53420694	-0.081471
1979395855	0.469760
462285708	0.414110
295805574	0.216268
1072467470	0.168281
20621911	0.255701
759316808	0.315771
1325640288	0.596138
109071031	0.252804
2175130770	-0.304466
4389861	-0.172206
231510077	0.533519
15764644	-0.475217
15212187	0.541612
127074099	0.410994
43963249	0.300725
27311044	-0.402222
1183912596	0.436839
1225410018	0.374777
2192362761	0.185601
589869443	-0.325221
240376522	0.043580
424522799	0.557294
351133674	0.243423
1692578893	-0.159035
18217624	0.086125
250462634	0.693707
134302187	-0.249928
303920466	0.238024
1346817602	0.232720
1686565519	0.567057
61313751	-0.210162
743167003	0.552378
39787282	-0.258414
118941676	0.621434
26305670	0.508963
418269619	0.155578
1070943116	0.356063
209151429	-0.218462
26820795	0.304795
806186582	0.694763
442610682	0.457210
15584433	0.450325
703759688	0.703618
631648466	0.058919
127908221	-0.062057
1551310284	0.541824
2294530717	0.253116
1176615978	-0.293196
1465964245	0.304756
192041694	-0.330736
74960018	-0.315869
584583739	0.263797
2188340009	0.265242
32537213	-0.272422
121656624	0.169005
586730005	0.529217
1007065914	-0.160453
417664241	0.115398
16557756	0.218323
788006827	0.046534
46499643	-0.214782
80612021	0.324523
2362779882	0.396071
14345062	-0.383613
146263776	0.113576
334127852	-0.199263
515898679	0.378506
66209943	0.331715
1673504017	0.141489
224766531	-0.295335
2242638817	-0.227882
210926192	0.521765
1031118500	-0.136185
1602268826	-0.127767
399502932	0.569776
242761889	0.203790
355881289	-0.351835
48425512	-0.204496
27242307	0.533112
18137749	-0.295649
21111098	0.271578
724658815	0.018271
70587562	0.241959
112740986	0.523800
594582597	0.138611
1155212191	0.449482
67776968	-0.039511
50128726	-0.191271
29898014	-0.148702
28382250	0.606793
39424870	0.197280
1187949900	0.635794
2340869731	0.695002
53503202	0.374156
16930125	-0.061164
242892689	-0.004312
1430814439	0.246003
118540429	-0.365321
2294105892	-0.224377
417393341	-0.252373
16739711	-0.274704
312435184	0.374272
56864092	-0.434061
221793778	0.394840
17750784	-0.304561
427742683	-0.064353
1190825605	-0.327612
26596727	-0.262916
569666511	0.279426
1480218668	0.013840
26424123	-0.378347
29751942	0.182148
497535334	-0.179870
20597460	-0.183694
11651202	0.566405
56440142	0.289168
492480327	0.362364
935398104	-0.230009
323166438	-0.073559
16474026	0.512354
174369590	0.166148
68888437	0.322888
7350652	-0.246070
133832049	0.124275
131149247	0.124940
346045240	0.645655
1655093820	-0.327723
1080732656	0.432449
119527861	0.285670
1611680690	-0.013225
1620243926	-0.135660
237750442	-0.511135
38516217	0.361586
1705042116	-0.269798
422964271	0.500381
2364631970	0.622594
1925431584	0.230642
50731463	-0.301625
191688736	-0.020679
235190657	0.094330
204881923	0.211844
32265225	0.048932
78569026	-0.300324
397382646	-0.351318
407053599	0.043031
268007771	-0.355263
2467791	0.360364
22508473	0.167938
2435410690	-0.235872
1301606089	0.089978
218267731	-0.273644
18632666	-0.015669
22387804	0.644488
6577802	0.431890
2288502470	-0.057455
1122064316	0.281930
14925704	0.303090
156029105	-0.099166
20113797	-0.256974
79022250	0.097901
17033503	-0.352292
484134207	-0.273087
29793493	-0.236393
2161537962	0.230330
718468320	-0.201508
67738195	-0.085123
44215945	0.123428
221496713	0.434742
788081918	0.178552
860733170	-0.189337
23387115	-0.267189
22812754	0.466148
98929990	0.339053
297940478	-0.203182
264221149	-0.005743
18056015	0.222003
62770351	-0.129865
628760912	0.311895
587783109	-0.139302
58379000	0.026868
121841737	-0.165770
39279393	0.076891
92071963	0.294553
127870840	-0.249487
22012091	0.008529
272019676	0.571834
346885718	0.548450
148086041	0.545764
787373558	-0.209486
520245212	-0.322388
497546508	0.644536
557806506	-0.197629
186430550	0.198973
41377639	0.203775
49045755	-0.115641
798420806	0.542410
1006482620	0.207910
154139987	0.666869
1915752144	0.651351
1308601632	0.401897
1326751968	-0.075770
242618658	0.310560
24045931	0.667436
297532865	-0.056985
24670782	0.643992
59888738	0.400533
71358042	0.099695
46724483	-0.269747
1468560242	0.159407
1267462094	0.528962
277750492	0.631522
542842941	-0.038922
176135285	0.368817
36394602	-0.021193
76350004	-0.515881
50150341	0.429366
233346654	-0.061237
109287731	0.416655
1686107834	0.213766
1093441423	-0.228952
6092972	0.457526
250719718	-0.118576
58492046	0.334484
308721230	-0.362362
29766367	-0.223026
759251	-0.358912
393821580	0.694134
77839894	-0.256903
1716914930	0.429612
10102032	0.479693
82649553	0.457614
1653370998	0.553676
1362944844	0.506572
61906286	-0.209943
1932803906	0.629288
221447516	-0.016699
1905156690	0.229726
830918346	-0.111808
12788332	-0.409630
33622411	-0.174313
62354707	0.499416
1621009105	-0.306544
104727439	0.070687
24913074	0.209883
106591004	0.547173
18221712	0.213787
5357812	0.131337
103335794	0.269341
905020056	-0.072939
15603311	0.617144
15762842	0.656129
15555056	0.666533
115979444	-0.141817
2361890355	0.102844
575344793	0.012139
157382927	0.500708
16062766	0.228036
218779638	0.293407
2302483196	0.697652
1655816936	0.399916
454947269	0.276790
470366309	0.311410
16130949	0.428514
2409239300	0.532842
270370405	0.290270
29293808	0.227740
244268646	-0.043751
16742053	0.535870
942156122	0.402559
703561088	0.685038
382534366	0.472672
17065503	0.177406
1296038210	0.270030
359596838	0.222779
227088228	0.291020
813286	0.280455
137571771	0.057980
1234286196	0.563454
14849664	-0.089821
140959145	-0.271203
148453195	0.324782
301090775	-0.126436
14800483	0.226874
792608948	0.348787
950783972	0.421374
220241174	0.535024
381413722	0.226588
119250381	-0.199379
24299006	-0.186414
389840566	0.374855
36777778	0.654873
88806753	0.384818
415780303	0.614394
143779492	0.101187
614542142	0.282386
333504114	-0.357035
29848453	0.444616
65919935	0.266959
44682276	-0.083843
593813785	0.573489
582931822	0.101918
31801993	-0.205926
94366606	-0.105978
162784542	0.287555
330816212	-0.266322
448923637	-0.230167
1096507650	0.023927
15428227	-0.118919
411997494	0.116462
2252899873	0.152008
14293310	0.222969
40402146	0.427903
18811140	0.244610
1365917090	0.594097
273098660	0.389694
88976164	0.015595
23970171	0.211573
1347674623	-0.145385
223523798	-0.113661
15014405	0.371439
1347436638	-0.216533
2836421	-0.418015
15964588	0.445036
38254095	0.472756
37094727	-0.089807
64161351	0.212091
372345957	0.085936
14672279	0.027716
16030518	0.575786
91137301	-0.335006
240663096	0.270336
247334603	0.290730
20957491	-0.415363
26841582	0.273805
28238988	-0.277292
30673492	0.632323
35518656	0.072239
322737879	0.175285
1965801554	0.498777
47614124	0.221615
71281860	0.239321
721052064	0.590178
1949611364	-0.252008
18008330	-0.084420
148006729	0.419806
1301328822	-0.365248
1183811947	0.319175
17906632	0.577499
155680896	-0.083328
26111775	0.621518
349219528	0.649638
86364947	-0.395153
2181453624	0.488472
26316100	0.122174
1556756886	0.039510
20002401	-0.266627
19269183	0.409379
321119379	-0.386409
1300124792	0.543014
563844379	0.273082
751806494	-0.175008
33027306	0.081044
23117388	0.667500
819528355	-0.140222
267217520	0.212615
886986138	0.150317
497551327	0.666549
59568948	0.554436
1716366295	0.029635
1905833168	0.686608
448169106	0.623541
148333607	-0.216445
289374103	0.565592
360191435	0.643827
450786176	0.638476
23617145	0.247867
317193393	-0.228792
144189766	0.365124
279964598	0.144303
1120931132	-0.315756
1137600571	-0.075529
33060832	0.620517
18480494	0.362392
292990703	-0.059695
1117009244	0.489195
33576489	0.303891
17848544	0.638337
463918261	-0.096468
990635636	0.274469
18213420	0.431929
214179002	-0.038478
195070336	-0.371080
885789362	0.149055
22831059	0.133052
22081190	-0.048818
153486399	-0.264569
236480864	-0.198615
37202770	0.253601
374161639	0.138860
1242109014	0.333868
211530910	0.202674
1606703838	0.304850
348857253	-0.072788
167856299	0.171287
502440556	0.396575
14529929	0.444552
631876809	0.559996
1902537799	0.333423
700126891	-0.103564
20444702	0.512239
32789881	-0.147092
67906573	-0.129221
1032703770	0.293745
7334402	0.360930
19245431	0.621765
110924703	0.047252
198523967	-0.226557
1058345042	0.366059
2296636404	0.342644
15471838	0.053891
1702539968	0.143022
20376424	0.176365
21509894	0.653087
1388590928	0.273666
429181880	-0.284037
1073212812	-0.217710
283657826	0.639163
460656473	0.604790
1277984012	-0.178070
165533941	0.325198
42638402	-0.048754
337752039	0.148110
1393599296	0.633641
114607567	-0.152241
1144145946	-0.333976
377702207	0.047224
237814920	-0.455752
851621377	-0.291338
1487887076	0.506674
1852819452	0.398142
109280446	0.186846
1665719612	0.354453
537156670	0.400796
411526571	0.334901
488127904	0.002659
34270503	0.496110
95602718	0.469335
191208249	-0.246838
21351432	-0.245279
592019654	0.128764
385429543	0.494799
234937222	-0.361607
26194384	0.597870
47975734	0.443228
1023320856	0.479486
211901075	-0.525982
271552521	0.582028
1222283971	0.438889
2321129046	0.223257
1722842137	0.570038
1540496365	-0.208010
10025982	0.172845
17530189	-0.296742
123667924	0.136283
1962564906	0.003624
110893482	0.030578
93575832	-0.362493
40750718	-0.146417
960962340	-0.263280
222195455	0.473673
16056306	0.467154
1074129612	-0.307536
60801758	-0.375716
21426423	0.489653
319529691	0.430967
161411080	-0.050854
161791703	0.013462
939621458	0.394080
16703058	0.206402
301081520	0.001841
32010840	0.456257
834525002	-0.048963
26809683	-0.229420
202206694	-0.425974
520778762	-0.027637
8775672	-0.000741
317608866	-0.006043
24184717	0.227564
1356531588	0.061088
713463571	0.535437
176260948	0.630007
278005891	-0.200507
36737855	0.439231
35758513	0.124719
17896154	-0.400683
217550862	0.257307
1110920106	-0.065739
1931992778	-0.219266
1128781184	0.271363
29865139	-0.338462
977369880	0.576521
62330632	0.441085
34340464	0.448943
1033532365	0.531973
830430216	0.096023
155642785	-0.168941
1154667132	0.638016
1080602371	0.540842
360605502	-0.028453
63787812	0.239767
30027177	0.448306
2369234174	0.442089
5741722	0.251556
551698752	-0.069889
545501375	0.019862
1596947036	0.341654
1449407450	-0.244451
326551457	0.017103
95509057	-0.168293
423688722	-0.132772
328258374	0.338128
705661256	-0.151635
496786334	-0.236389
1879871294	0.013713
2374720591	0.616539
1954751917	-0.246432
550401754	0.059027
370076582	0.594276
18820392	-0.075970
16298388	0.498068
348861268	-0.242225
1623282788	0.516797
14124614	0.382440
36588739	-0.070130
88784440	0.421722
16804072	-0.086293
2356356972	-0.257334
1258312562	0.495990
43216755	-0.253237
703640660	0.673556
896620178	0.360097
122473388	0.176935
234906311	0.275234
16018516	0.196670
586045941	0.238461
1115633996	0.283652
485139684	0.570338
1352594924	0.303709
1621076712	0.177729
175102610	0.207308
63749707	0.280886
20733972	0.285091
17291452	-0.082977
20906882	0.528409
615181714	-0.196492
78966155	0.589632
1430524482	0.549063
21669223	0.432814
8870632	0.422624
14730894	0.547976
1959864463	0.589536
21321475	0.231183
272520742	-0.331061
19918558	-0.502387
1959387662	0.395898
14216438	0.603179
492378372	-0.087137
1154894353	-0.100453
1463550048	0.429103
24305421	0.429755
26265640	-0.375583
382441782	0.471585
856549532	0.298505
235271965	-0.432295
314335929	-0.142507
59969802	0.607662
74058012	0.654623
347877928	0.143873
30500021	0.446376
716563918	-0.074399
2255274860	-0.243424
411766612	0.079975
39793438	0.220077
41634520	0.024848
51228911	-0.493680
247496974	0.139868
234374703	0.382783
2168350939	0.541568
455037005	0.169444
267781214	0.026030
26324609	0.556100
17487795	0.283158
339852137	0.055357
230761725	0.365253
14616459	0.424787
1556371026	-0.307540
199325935	0.040412
234927299	0.477261
109025212	-0.246329
225326840	0.214755
1363394484	0.440960
75367781	0.184776
343171266	0.565249
15600527	-0.513608
89526574	0.571663
523397097	0.312096
1092979962	-0.015124
63804234	-0.334550
206716135	-0.136221
260841091	0.263742
47470008	-0.347079
68198447	0.260837
2377726519	0.333297
1221321108	0.501186
205420257	0.148734
1243902714	0.057913
1049460835	0.561442
49782398	0.673046
1246599554	0.030596
113420831	0.534391
62907908	0.375571
72874723	0.054204
236899846	0.162669
1891157910	0.365118
505932430	0.108325
85778445	-0.227882
270067927	0.226072
331268118	0.590128
1201520622	0.071780
538416721	0.583502
359950567	-0.260770
6794502	0.431052
1263944875	0.472706
58287227	0.487236
338553588	0.170340
213182436	0.103738
46176168	-0.087999
142721190	-0.351311
943501040	0.340490
71070614	0.511175
18317325	0.355864
1065995022	-0.387416
21941446	0.550635
87055347	0.559098
259950795	-0.188455
506091865	0.658400
1581759588	0.111406
547839797	-0.384660
1697235505	0.596562
932421955	0.251471
46016028	-0.258511
25768647	0.156608
17074440	0.123389
1143929599	0.615146
2254857197	0.026257
631543401	0.682089
959687432	0.643973
97368029	-0.163917
32774989	-0.196277
415981838	-0.156827
180287231	-0.175298
472541504	0.298726
1482327366	-0.024679
454953162	0.310901
20552026	0.178095
180895768	-0.223549
14275291	-0.185789
2324036732	0.590004
346030501	0.663977
14135426	-0.205970
191005134	0.224147
14389132	0.085681
16472624	-0.054898
286363562	0.250571
163586067	0.150758
390292636	0.411818
991821667	0.044347
20449956	-0.042945
1693751167	0.546347
1658254478	0.085215
268496469	0.029243
1497383952	-0.080588
1313165581	-0.108105
1532014123	0.623765
139574248	0.598949
99157266	0.472745
83200882	-0.338833
2317860566	0.519576
216481299	-0.307110
805777398	-0.351374
361365479	-0.028840
97171189	-0.116783
807095	-0.324525
391413865	0.271519
89820928	0.500297
246499208	0.475030
85606078	0.491433
435877117	-0.160607
16385104	0.595490
24135119	-0.086179
276763538	-0.339843
207731256	0.034444
190699396	0.391079
1870898497	0.086857
1104083418	0.198191
52992670	0.038433
27676828	0.316875
310912778	-0.307407
47056405	0.050462
352643501	0.425925
252115520	-0.282391
47402168	0.082472
404542591	0.572011
594870776	-0.228142
240327228	0.186855
263975503	-0.285798
1068990122	0.450145
261263905	0.183252
1357427004	0.076905
19253918	0.388300
586032653	-0.336931
451967996	0.089089
18793575	-0.211994
23712174	-0.463446
252819642	0.588458
195019882	0.468636
18244206	0.479763
8953122	-0.367291
33655512	0.286798
19926675	0.373458
287861586	0.631249
323239103	0.591487
17439675	-0.321813
18967498	0.147511
29598035	0.381979
796737758	-0.280286
180396181	0.371457
305389392	0.090377
85353299	-0.315795
1423715941	0.587443
17282256	0.654086
1322558402	0.545939
430830756	-0.350503
1733849666	-0.120871
449959102	-0.075825
733751245	0.472015
1558893368	-0.080756
56653367	-0.253597
39191258	0.536709
498961346	-0.273289
300515560	-0.352185
539866149	0.317087
225988631	0.375946
78431501	0.083083
76392970	0.601145
248791332	-0.103435
1117640744	0.221747
118152495	0.071971
15751083	-0.407932
22262553	0.650641
1905298878	-0.366769
1443203875	-0.213108
39308549	0.381773
196147086	-0.320544
47891535	-0.186652
15029174	-0.030247
273795671	0.039500
237944147	0.109685
1738425180	0.431793
758067224	0.069670
424263083	-0.160754
456911539	0.495688
64022803	-0.110966
262424195	0.266815
1699808366	-0.068060
360427514	-0.312097
169472184	-0.036862
293254420	-0.161377
613725908	0.363675
485264526	-0.024104
778724700	0.029752
427024774	0.671387
1068626984	0.476470
148565166	-0.088305
29896465	0.142952
15281676	0.144833
20713061	-0.150727
193732179	-0.275220
1043702834	0.365791
398232779	0.014233
1516830966	0.225732
864768235	0.397930
2417754469	-0.067000
356390382	0.209855
712959254	-0.106648
180846791	-0.142818
158495061	0.350269
64660952	0.379982
221792092	0.018544
75785294	-0.100153
242068532	-0.061193
619479855	-0.315984
48117116	0.112722
443681123	0.528388
380371286	-0.364240
30930019	0.697241
195955478	0.047907
2192766368	0.510753
30043495	0.032815
126644609	0.087510
76651617	0.018328
386455581	-0.015435
49316020	-0.349592
236916916	0.471842
5558312	0.197899
80473367	-0.114886
44117460	-0.265540
330001961	-0.089638
373311804	0.410521
1849261916	-0.106854
180100015	0.048340
234822928	-0.505575
269931179	0.214340
8128442	-0.238257
292935209	-0.432560
572317065	0.344716
19553409	0.146183
242555999	0.425381
996565820	0.005216
886042746	0.013248
98242752	-0.381206
28859894	0.337893
16086967	0.504480
1578519660	0.339951
283265252	-0.125638
350930593	0.299618
1002313952	-0.045144
2265167642	0.423901
1076928920	0.544629
1944510751	-0.300869
22417674	0.049132
49697450	0.578839
31350534	0.485719
1694503231	0.004789
1571660059	0.546105
161344057	-0.274774
1189735556	-0.240120
809050796	0.535810
22819917	-0.369316
1602752804	0.374103
14809189	0.694440
578069877	0.221965
311165745	-0.334688
155669457	0.603328
1643415560	0.474723
249339682	-0.518006
416686487	-0.295365
22097192	-0.181543
1927804778	0.390479
1077121945	-0.002977
33345380	0.348311
287269659	-0.320217
1955581326	-0.234403
1860099558	0.201572
137381495	0.448318
1408518626	0.268124
317407076	-0.215244
1117953943	0.236604
19726613	-0.354765
1935184730	0.114866
201877444	-0.016607
7713202	0.034939
57977498	-0.276125
87318108	-0.010648
9624742	0.272588
19891260	0.700783
254775647	0.601368
15116570	0.095906
1925654095	-0.101228
17643209	-0.150497
14344823	-0.252828
308664726	0.088056
558769636	0.458685
40024874	0.089421
198963912	-0.199185
189910408	-0.278121
50839205	0.026553
560117034	-0.005792
2363258587	-0.063573
19739126	-0.271475
338883349	0.510848
48086014	-0.462012
2282872260	0.479702
33665393	-0.347398
205886080	-0.148991
135931182	0.518818
800162478	0.132644
373011304	0.159153
7270292	-0.309092
17976923	0.140299
104797238	0.414861
2337254448	-0.227337
97150206	0.424102
5561412	-0.046338
42760147	0.514002
191923358	-0.172444
581141508	-0.237071
223166587	0.663057
193614775	0.030706
28599820	0.479778
1001025787	0.045242
972323274	0.130578
9855382	0.084529
472632386	0.330847
2230533374	0.261316
2704951	0.336399
1611064304	0.224798
342601720	-0.290066
224320485	0.021594
121620626	0.639217
364564017	0.011736
1469735982	0.543402
17768436	0.109964
19543987	-0.139078
1374923180	0.039473
234024969	0.133339
16031927	0.322774
755802794	-0.157972
29501253	0.135341
1403429444	0.607389
1071768498	0.321913
313344689	0.575582
2288373518	-0.336360
250188760	0.337580
891678516	0.535270
1920276091	0.413490
16100318	-0.309496
49453870	0.313478
10168082	-0.063586
453698931	0.356790
54598826	0.679719
165511812	0.213196
1599284149	0.569731
237299871	0.298116
556000874	-0.329350
156975310	-0.332216
96662959	0.008541
15297551	0.684384
17513304	0.017240
364415553	-0.339114
305145458	-0.279447
2366260580	0.174261
394272456	-0.041624
237129990	0.275548
1020058453	-0.302937
317630465	-0.189574
39793961	-0.289886
377237995	-0.219182
133429379	-0.229377
64651898	0.303228
776664410	0.538839
235660311	-0.037428
63753027	-0.336823
1977097572	-0.001197
35829796	0.216722
520950046	0.352453
1521740594	0.205580
1061486761	-0.238155
425565585	0.416792
32135704	-0.246921
111635980	-0.219912
334320138	0.165011
1262814457	0.019281
137068935	-0.250070
237926856	-0.122406
48075643	0.265890
919804596	-0.046876
244985138	0.360476
77418275	-0.286363
230981077	-0.054693
109274506	-0.387172
14634720	0.294639
193872188	-0.415168
43955137	0.638668
1878559962	0.705506
2241120434	0.117625
209833543	-0.277551
1434486529	-0.004365
254277011	0.107277
201453157	0.525552
217137252	0.009881
31611298	-0.053212
1517363570	0.040540
51241574	-0.311735
162069635	-0.157207
356291170	-0.257555
474232856	0.649100
1931698346	0.320128
245378929	0.678493
159524468	0.186755
15675138	0.420275
1602221707	0.330414
27088314	-0.087828
2256726992	0.618848
248852820	0.013817
108671959	0.273733
136471166	0.265501
21220931	0.274605
233238234	0.079696
557671006	0.203204
1060860422	-0.076154
2178681566	0.625681
1535579558	0.005314
22731105	0.337701
260760840	0.061583
72405094	0.168674
18161620	0.251674
338811841	0.249112
1385690448	0.480985
1898897300	0.437811
621293247	-0.324036
128235400	-0.213995
217912727	-0.279272
531481241	0.189825
1399903849	0.402036
114887629	0.588754
5392522	-0.435208
269908647	0.001309
339814337	-0.017364
326208966	0.691541
2162136865	-0.056530
80403646	0.641828
131036750	-0.126963
53643803	-0.110992
30216513	0.047864
860154126	0.625031
19512725	0.186819
405034710	0.442818
16517357	-0.103635
85916265	0.387596
1337252017	0.691806
397430607	-0.229988
15727317	0.373810
15159913	-0.074126
275098108	-0.338050
38500956	-0.022485
122770149	0.041426
600991865	-0.047129
5496932	0.368709
49649077	-0.097615
1627252382	-0.059001
260396714	0.020723
37461389	-0.280039
1279783315	0.544707
19808819	0.501558
1305465990	0.348535
474451843	-0.294056
220580561	-0.150402
16102244	-0.471363
71328021	-0.212458
122146840	-0.136013
1827782569	-0.037668
15954997	0.447587
754277773	0.582978
1920537577	0.609339
21419440	-0.115077
381666107	0.138391
25915690	0.115257
17301179	-0.331917
19286569	0.686608
1060487274	0.530683
582475251	0.709203
14984637	0.481504
19257799	0.048142
138770045	-0.416775
407744769	0.284339
57860368	-0.002728
16129920	0.394165
23121519	-0.048204
24392175	0.448693
15417358	-0.326075
240363117	0.469969
1140648348	0.066873
167699332	0.611686
1911335244	0.516592
1719880621	0.187090
74164455	0.342190
151200240	-0.219159
22946355	0.208679
833990756	0.520301
3108351	0.223146
234469322	0.313724
1693373094	0.324346
351109901	0.181516
247420668	-0.217293
538646538	0.324287
16583468	0.265114
14763834	0.234837
382791093	0.124624
322794665	0.010095
271985168	0.431526
21636248	-0.115904
555593757	0.071545
61250271	0.125582
207317790	-0.225614
575766234	0.158849
1002244244	-0.062969
84984380	-0.193507
1550794628	-0.336226
958081542	0.363139
95978223	0.540877
1305596696	-0.002502
15922214	0.036403
15522251	0.173016
978690895	-0.152983
62090497	0.584899
791002021	0.412835
2196576859	0.028283
34122899	-0.183457
200400227	0.229084
23789790	-0.124473
121990777	0.379591
1469446608	0.399035
2178860358	0.561505
470126084	0.181379
615953866	-0.350384
15745368	-0.297026
42734224	0.438197
1503451620	0.479277
193794406	0.463986
538185166	-0.379885
324171587	-0.014649
1463325120	0.656182
15918708	-0.296542
188194323	-0.028769
135653370	0.603128
34402366	0.133885
24463788	-0.277132
2284159548	-0.233722
34932854	0.036311
48587305	-0.089615
302382660	-0.079955
199286398	0.017149
1462723416	-0.228479
359032147	0.602431
400792588	0.628762
572061403	0.279490
247066289	-0.379131
930234066	0.615452
34966987	0.113643
2330410284	0.175831
38067927	-0.367802
158398519	0.011553
325804079	0.300405
18873711	0.028321
78403308	0.087136
568151409	-0.242739
2311117897	-0.000850
110545675	-0.440002
24795163	-0.195386
454060961	-0.105918
357253772	0.462851
19028248	0.020443
74895491	-0.035087
801084110	0.288848
16187637	-0.476050
1365881617	0.590887
628018533	0.111587
98017737	0.686422
845711293	-0.214665
593840334	-0.364843
1380763326	0.035279
193978839	0.369718
115166212	0.072979
1009269193	0.505945
2253990607	0.093646
105823136	0.660185
287225290	0.406245
137407124	0.070695
426694458	0.043621
245905555	0.690164
1545715382	-0.022280
20078009	-0.154232
18060177	0.661919
28969421	0.482163
145292853	0.573768
92055121	-0.179647
46263050	-0.140775
1736053987	0.313068
2238098360	0.561896
11379362	0.584297
240760644	-0.175926
301416337	0.115295
965142457	0.018819
1374780043	0.506599
24260994	-0.063631
265529710	0.686730
448077090	0.450433
1157424444	0.614116
218206502	-0.297545
25162697	0.322347
1350864440	0.497232
204905640	0.066441
71036272	0.558029
19658173	0.184566
15008539	-0.147264
124335509	0.054596
66774077	-0.325627
770554297	0.220603
1671690367	0.562874
36654245	0.422821
2250858631	0.565187
15985455	-0.117113
1396846357	0.436430
385188446	0.139025
1055730738	-0.111173
716984711	-0.092862
38039087	0.286269
248252582	0.142882
163570705	0.455751
191728014	0.147142
299802435	0.051402
468601121	-0.059909
740417436	0.665033
15856366	-0.226895
1665514478	-0.269178
11650762	0.242201
270017791	-0.165657
31128529	-0.353700
27385174	0.190372
393585626	0.658708
296361085	0.225635
293131808	0.133200
976579933	-0.042109
228784853	0.272588
332040130	-0.254627
309267226	0.244441
41750998	0.189447
68917738	0.112247
1874140452	0.026035
159609651	-0.207664
458393298	-0.333001
403353373	0.088232
249674727	0.451398
2286252732	0.424553
1080844782	0.085875
1372288434	0.100521
255876732	-0.349769
49541291	-0.096597
784971582	0.377176
22527499	0.436210
21693764	0.631726
16473577	-0.160185
159977219	0.439330
140519774	0.247519
27633572	0.551146
31122582	-0.334080
32506723	0.174258
1655680988	-0.237420
2245220154	0.003443
15075753	0.002909
588237779	0.154004
1468203217	0.434300
188019606	0.029366
242836537	0.399109
193632778	-0.105533
19865528	-0.265099
351149827	0.541947
18166778	0.029236
303861808	0.032512
343830557	-0.224316
17353658	0.451151
1541893820	0.663836
195271137	-0.373572
362597648	-0.051325
249219490	-0.335137
26122639	0.524586
46557945	-0.255268
398269985	0.226587
48263046	0.286838
1128514404	0.167804
1262936000	0.060360
537063930	0.605715
305620929	0.333547
15012486	0.053213
156300451	-0.072105
305216911	0.368572
757372008	-0.059968
32393576	0.482919
1711193490	-0.015477
19151741	0.577030
16814879	0.363504
27705441	0.076439
385288144	0.588179
235251868	-0.349162
431990191	0.453938
236118432	0.695157
91032815	-0.055552
2367536538	-0.126019
452004245	0.296023
135297032	-0.042280
166536928	0.245101
1476337592	-0.056636
32379396	0.323424
589425352	-0.063160
633855519	-0.096868
17800215	-0.195064
235312723	-0.079690
123934875	-0.045236
983813816	0.412585
359133002	0.545187
246769138	-0.040195
602997805	0.526071
30619527	0.333512
2203931420	-0.057848
126980084	0.552309
222721984	0.167926
167507135	-0.376097
459446627	0.219213
284744912	0.300360
59771400	-0.471308
1096059529	0.269740
1385871187	0.560985
1022263688	0.516616
271958454	0.375345
1540360435	0.668181
765038167	0.632124
16803651	0.032593
18029328	0.348529
2361531690	0.092536
60984835	0.262200
112236901	-0.158403
404226735	0.382284
1911879768	0.688475
50452197	-0.418771
55896443	0.293162
159292313	-0.246548
1883356866	0.121324
314761332	-0.140379
26607712	0.008773
21786287	0.346839
15356407	-0.471524
2739461	-0.220425
161743731	-0.179835
270182385	-0.367500
349379430	0.426453
57751453	-0.174600
1265207760	0.371415
27886115	0.449648
16441318	0.513793
96800896	-0.056012
23976316	0.406568
21762137	0.204612
350927143	0.567764
539485640	0.032065
407323365	0.207731
275725571	0.650386
77308668	-0.037279
30095477	0.178509
330650569	0.337315
108083058	0.163120
1644805254	0.178893
7356562	-0.494671
2305315345	0.691065
360804642	-0.378634
919927722	0.381485
15207668	0.131599
1214475872	0.186914
44478497	-0.095020
16099657	0.422615
857748156	-0.030774
1678290240	0.510450
76381104	0.087200
407039290	-0.020721
344109654	0.039349
15035209	0.241152
254805061	-0.210081
9300262	0.306683
242426145	-0.376270
1902563203	0.484483
1909542326	-0.302669
185684821	0.432184
21157904	-0.283897
253100055	0.138520
396794501	-0.321578
30050899	-0.348778
47736933	0.182008
209792690	0.240826
11134252	0.470169
480056408	-0.027180
14125897	0.102251
1075843532	0.606233
174847410	0.295630
1173237842	0.692482
610415617	-0.178270
30823752	0.005379
14597351	0.061114
316819997	-0.098745
32007346	0.117262
356881780	0.027673
323511585	0.664106
43108099	0.377669
49675523	0.270082
299883942	0.542023
1214026033	0.152042
293459696	-0.079123
793992	0.493513
2236741645	0.572819
16469463	-0.016936
1462357878	0.449953
1852444146	0.378085
288295387	-0.320721
63502107	0.178579
323863880	0.422466
93723445	-0.270985
85418520	0.442893
405134921	-0.214215
2301967142	-0.364460
148041415	-0.071549
284296658	-0.166029
1898624934	0.369463
1444380402	0.019018
554109268	0.410890
2297176518	-0.360096
1071900114	0.413625
254189414	0.711795
469674025	-0.248990
1422126799	-0.232679
327798242	0.213613
80958505	0.233777
393603441	0.358345
181101417	0.601720
52989817	-0.378389
818586175	-0.103041
2277763242	0.581002
31120881	0.347742
1025653922	0.455854
54686639	0.365479
185049728	0.617346
530864692	0.153006
44195577	0.134160
281162551	-0.222887
954172328	-0.295474
34850480	-0.250340
17750110	0.037271
38036372	0.228420
48115928	0.379841
514929629	0.603240
251656840	-0.223580
14173315	0.484667
1884324084	0.688599
281540744	-0.476248
18891923	0.443463
257658885	-0.280524
1246366651	0.371619
330938673	-0.119904
1059240924	-0.349710
194536303	0.532457
1339931490	0.422345
518644221	-0.157964
431266828	0.639705
432092458	0.602013
234022257	-0.315747
47747074	0.081057
73925960	0.624239
450108691	0.433779
278124059	0.526639
473199911	0.502273
196619213	0.354499
227036687	-0.262406
1630446259	0.653442
16669075	-0.044186
75843152	0.596247
1510065122	0.116260
392998644	-0.166646
78130610	0.233710
2203399435	0.141305
1906353372	-0.338239
56763589	0.412040
116534252	0.079557
15324851	-0.451190
209598477	0.264032
244526889	-0.032635
1488969002	0.615822
232992031	0.329738
15394954	-0.147459
18805303	0.044155
224285242	-0.062608
883557414	-0.343301
43050282	0.545405
18548136	0.158523
267938462	0.550322
585206397	0.135560
291676686	0.114372
1939381628	0.126576
309605202	0.260320
77017567	-0.177661
779118265	0.372449
751212379	-0.064328
245136682	0.284403
115488968	-0.292493
2253968388	-0.053140
1075666608	0.275864
555473643	0.664598
51267980	-0.223381
176646411	-0.289257
728565668	-0.170776
487067075	0.454146
16054728	0.084637
1055362014	-0.276058
47412499	-0.010176
337122716	-0.045033
870670477	0.221580
1572830660	0.389169
391814356	0.681364
13218102	-0.106303
1418013151	0.702095
71294756	0.316851
5660532	0.040638
398165004	-0.016479
516642662	0.296261
14587949	0.137027
17992453	0.430292
485842327	0.191755
2234105580	0.364456
19929362	0.168567
151589736	0.658352
45151382	0.342993
381152398	-0.402300
21950364	0.369174
326043489	-0.177563
233724961	-0.362728
462033343	0.316884
186506052	-0.280356
75347500	-0.329630
449795350	0.344917
701303623	-0.166405
1439879557	-0.169107
246341769	0.459584
186291444	0.470305
378738565	0.072453
219429281	-0.375137
1932363210	0.091688
308276891	0.522419
1580451673	0.652657
74302172	-0.067804
360893245	0.525635
1375646822	0.601114
237312687	-0.364220
119162694	-0.125661
21619519	-0.237854
490535112	0.501183
224297637	-0.312306
1497534576	-0.265653
14308987	0.189083
345261756	0.464353
1255785854	-0.297337
18216752	0.074407
2184765932	-0.095290
1525086182	-0.285839
56538228	-0.103407
95166404	-0.379178
342945847	0.486839
630802892	0.544616
15350894	0.691702
19616327	-0.119750
390522985	-0.288545
2287788476	0.140008
624186253	0.161749
621500066	-0.264933
24300215	-0.352684
1624698122	-0.060805
236479311	0.159602
594060392	-0.390557
1072453910	-0.225475
538086333	0.450788
342780479	0.322237
178419778	0.195908
280206584	-0.214374
345555778	0.401904
1125409915	0.655059
93936388	-0.023222
234014087	-0.440928
473401390	0.123431
993153006	0.313937
19139963	-0.314002
41464356	-0.210257
506033683	0.102906
590696606	0.041572
1652541	-0.150633
235217558	-0.044803
425489816	0.411981
235591153	0.278056
22903983	0.386457
344033052	0.407358
946114207	0.570714
770448248	0.299962
19407835	-0.075649
26778110	0.113264
1327675195	0.297980
169588591	0.472493
78673043	0.089220
15496979	0.515518
801523267	-0.237056
45340027	0.154624
399432469	0.207207
125397444	0.200436
72198806	-0.160420
197307435	-0.293266
1134292500	-0.297572
20563979	-0.179761
164707575	-0.048126
14617444	-0.295126
263414131	-0.340973
31006603	0.156206
201079432	-0.138434
1149312193	-0.126499
117974827	0.279993
89814216	0.088919
238861711	0.454538
253149069	-0.150408
34666990	0.012456
555845120	0.493810
80111837	0.548497
1406277577	-0.198177
529973619	0.540710
950328072	0.608634
153944899	0.248262
1335517206	-0.038303
242376736	0.402168
584351142	0.003430
1183865954	0.334282
368977925	0.275766
75398827	-0.361694
224294785	-0.090093
173363468	0.596207
388958868	0.443853
133864713	0.451517
91179070	0.268577
289530036	0.521017
143889472	0.207599
51284800	-0.237101
233601235	-0.363834
250710495	-0.434940
15434632	0.550789
36183582	0.523308
441425863	0.138360
221614578	0.236902
439596778	0.646394
20841089	-0.106067
575385464	0.209084
40526985	0.230610
248850174	0.432042
37920978	0.026074
15939889	-0.319694
1490306108	0.284342
433079096	0.683044
463132556	-0.006105
2312281051	0.687960
1458461443	-0.204981
19877680	0.493571
377773483	-0.034054
180142423	-0.056205
13067732	0.596584
38787045	0.486487
1143060714	-0.251609
452413225	-0.029453
18043103	-0.295552
1282568923	0.656291
339172700	0.312206
112604826	0.039402
1229226714	0.277496
249834165	0.226478
2305350474	-0.113243
2377621136	0.109856
18289929	-0.205170
366228554	0.629041
24742936	0.481956
85634199	-0.055598
93288759	-0.091551
1051127714	-0.493978
197290856	-0.376974
20071932	-0.062648
48807726	-0.310383
486380694	-0.315913
168666357	0.501992
215909539	-0.152347
168673083	0.181598
47632905	-0.112338
1069918782	0.536824
28252475	0.001610
1123683068	0.643811
2314336918	-0.079288
84129740	0.053920
229197216	-0.355514
247850985	0.587525
2369496272	-0.125077
85970738	0.044628
15715842	-0.205767
153919023	0.033879
499978095	0.615226
1365631760	0.591990
389759292	0.056504
38465240	-0.308191
1512666349	-0.365291
1656055824	0.271117
1662929678	0.657224
117197307	-0.319521
991357832	-0.069991
34438002	0.168135
104631905	-0.322562
1262623074	-0.074176
132278386	0.302056
15948219	0.447197
1011705054	0.405765
251728316	0.595608
20495104	0.567553
612716532	0.390437
110050273	0.198447
113214730	-0.185563
237770636	0.633262
247596046	0.334592
62543872	0.700567
123282266	0.450437
133439172	0.146097
1037084538	0.105802
111632324	0.477994
534405915	-0.298877
276197098	0.566870
77664666	0.172618
1394549060	-0.134135
2199888721	0.457246
225921757	0.080453
91744236	0.461923
428333	-0.184930
85634177	0.296002
255829884	0.198304
1328123624	-0.176802
325717986	0.132715
266830495	0.452223
611834439	-0.207365
960696949	0.402432
15572155	-0.195775
433791263	-0.160216
1636291356	-0.064088
19912734	-0.371473
337932925	-0.118103
543822491	0.209264
49634881	0.657322
468930111	-0.171020
620298978	-0.319518
349947276	0.379761
60638933	0.333975
282775291	-0.085358
26677801	0.033501
23035691	-0.262277
534599939	0.245022
195042501	0.590109
50325797	0.374807
65453528	-0.333456
2321775476	-0.191908
229592356	0.066327
1071764281	0.680974
2340967118	0.676352
1223102983	0.527692
122719755	-0.272681
124196924	0.286689
17525171	0.617284
52503751	0.031079
76452765	0.349049
1634852712	-0.371012
1172636797	0.686245
33977070	0.476033
21048033	-0.146471
217543151	-0.318746
1726999796	0.569996
401955731	-0.235794
948491592	0.428977
267583652	0.043296
225242868	0.103615
487906127	-0.072923
286898862	0.623216
605098090	0.074740
1071102246	-0.453649
1075551668	0.160545
1441675236	-0.119218
206428391	-0.144383
325298865	0.533750
1626115357	0.012980
600737301	-0.196003
43476440	0.553617
1061385474	0.217502
362052555	-0.297996
281509650	0.521221
1228818295	0.527340
516131688	-0.367213
1222257180	-0.309741
158205177	0.231982
28889556	0.364931
248004920	-0.045406
23632545	0.012690
1023236538	0.633600
24737755	-0.078367
41406567	-0.044775
117197740	-0.362104
69715433	0.450225
74198348	-0.161471
463606038	0.157858
1061006802	0.205909
575749942	-0.313970
115754120	0.109971
15448332	0.065926
1131203611	0.298129
298059168	0.316668
610325685	-0.112652
241207373	-0.436778
1332628436	0.615331
1925656796	-0.288128
211254250	0.641518
851120473	-0.198456
108619944	-0.137718
95070642	-0.225620
450708486	0.026785
257170128	0.442599
154648736	0.585466
442824717	0.200730
1571215884	-0.044007
308563367	0.256505
1440997712	0.610374
19793648	0.474378
1536065244	0.540670
122207745	0.471411
362654346	-0.112466
78369108	-0.101918
14859559	0.660641
318464838	0.036616
425527664	-0.347972
286034058	0.386851
1552818054	-0.285960
37766935	-0.051857
266772387	0.259546
986188543	0.611364
1372431026	0.598090
282233418	0.215634
308748838	-0.000068
256178459	-0.133875
70156027	-0.065783
407584834	0.062889
633131271	-0.300664
1072382221	0.253824
1437466362	0.361837
373883896	0.466705
1901113928	-0.343059
1484301392	0.019171
799658150	0.054376
1198766904	-0.171285
785414496	0.313200
84677520	0.161141
1797991	-0.125997
608182396	0.130338
170767454	0.676536
15361570	0.348432
9508922	0.088954
376477453	0.304357
190160433	-0.111306
373326597	-0.034405
122212010	-0.170840
44127294	0.222131
22797378	0.607160
1592481150	-0.059429
233842454	-0.221305
265155317	0.531355
564225302	0.155184
2358445766	0.527932
127894579	-0.363387
30313925	0.069659
1058717720	0.478719
20641972	-0.084349
1877628114	-0.350410
1412998502	0.119281
40466049	0.123983
1008962922	-0.076127
13383292	-0.249840
100330676	0.676451
330583779	0.402355
5692662	0.389113
1494474121	0.228173
566631178	-0.153310
237781383	-0.318864
2251095308	0.274287
975200486	0.230649
16712666	0.644845
1656884071	0.274428
1355831521	0.478509
279634424	0.431312
29610442	0.308073
8542882	-0.402692
18724011	0.262532
237348797	-0.199224
248699486	0.410339
633825457	0.526706
29929730	-0.010716
18916432	-0.367385
19518515	0.541055
52537790	-0.029204
455041792	-0.130646
253016264	-0.341533
116518445	0.456970
533702418	0.310543
29710286	0.624922
26976860	-0.322635
25086658	-0.166008
1969641703	0.020240
189236855	0.396773
23536035	0.441801
617382180	0.644448
2281176661	0.012440
1917347892	-0.115245
1305481388	0.274193
761840588	-0.341799
16560935	-0.144835
180032621	-0.189569
294965312	-0.376224
380001296	0.056217
398990591	-0.203347
133448248	0.530538
1608892718	0.619625
409799018	-0.112981
1622931326	0.133817
36126319	0.080140
156075520	0.482085
5031151	0.304918
340296149	-0.250860
378096410	0.362878
242993672	0.285537
