14412533	0.474337
2163623972	0.074572
249222850	-0.106502
1281503318	0.767009
387984038	-0.105219
1206306506	0.679760
57931553	-0.048315
2258783241	0.017162
63160932	0.530264
25198840	-0.115225
15289825	0.085394
1452476780	0.591020
1086619808	-0.030950
1623308912	0.389454
2194801027	0.439049
20467163	-0.067097
19824430	0.566507
1739650556	-0.132740
59558161	0.075398
1444015610	0.425850
804861259	-0.089956
252254916	0.567819
40057701	-0.081267
2375722164	0.291569
451032276	0.026123
1120298527	-0.223929
16860684	0.136113
187414539	0.562986
479674626	-0.210861
19394188	0.189135
1155335864	0.660904
20635633	0.718410
248718904	-0.246476
252644673	0.016735
534680801	0.499281
932446728	0.344933
235373000	-0.211927
1377700518	0.505044
437741704	0.343365
414516629	0.626490
46807181	0.446409
1691930744	0.209657
153694167	-0.302211
16705010	0.201504
22509598	0.303174
31054788	0.706520
1545781357	0.737809
5990782	-0.070589
239949176	0.366981
174879603	0.508180
547778460	0.369121
15993122	0.204873
44209472	0.159877
17811916	0.058482
37131103	0.587697
83932732	0.681695
22006412	-0.288798
132201224	0.506995
1647266078	0.159360
126632552	0.309493
16789970	-0.311367
1183998762	0.520360
317216233	0.657036
354493762	-0.129400
24773493	-0.028722
119899270	0.074231
414774285	-0.152183
1252129242	0.466948
295868971	0.559026
19186003	-0.072801
564908956	-0.203416
528484792	0.073170
2291373043	0.127533
2260662498	0.085071
40523440	0.553770
471606410	0.296877
25668918	0.741468
320787415	0.410595
383393464	-0.154466
463890972	0.086508
48366585	-0.128135
239584537	0.183931
1357793240	0.149333
51535196	-0.044688
22930392	0.250220
35137957	-0.118092
199317006	-0.023314
197628846	0.620668
223360975	0.610141
29157809	0.737857
776063954	0.190927
277107570	0.197999
873631776	-0.072268
18943752	0.051365
492616846	-0.041919
75927706	-0.211153
1334517175	0.637619
29205600	0.641362
182815759	0.145464
54412900	0.142749
860696202	0.431625
171813900	0.631200
19312039	0.519235
1009921273	0.480153
717888988	0.452134
536281139	-0.219862
474326839	-0.066111
237763317	0.599712
164732631	0.160226
18890707	0.162246
18696134	0.589001
217454584	-0.165281
25168293	0.610601
13491312	0.023338
311789873	0.594487
467801778	-0.233896
216881337	0.595471
35998429	0.633065
16256269	0.412849
1226281657	0.320007
47127416	-0.203852
598384016	0.283149
456986241	0.497260
9532402	0.681823
26459660	0.105784
35060071	0.053468
424122984	0.326161
164007407	0.082812
1127447660	0.181827
728708694	0.505660
40367637	-0.159230
1367531	0.639539
89657363	0.412349
10375552	0.759462
28480805	0.021816
1328434170	0.530174
1055907624	0.462707
28856628	0.486336
1915916724	0.143455
708309848	0.260407
108052620	0.386594
11348282	-0.156402
104615577	-0.286442
15697940	-0.016751
1925127612	0.220727
1222580420	0.005486
254310640	-0.013386
201791908	0.584333
1189780298	0.137810
502184923	0.430284
25124372	-0.042147
2237923975	0.672015
18909919	0.562600
384913290	0.301252
177028305	0.533185
266133081	0.542081
249348006	0.655147
96386080	0.382768
66369181	0.302245
277008614	-0.235773
254859330	0.421483
237460752	-0.079049
2360123726	0.188870
343588320	0.574739
22113371	0.726912
2221362486	0.239590
1025521	-0.192599
79729138	-0.197406
1060984272	0.349792
358606388	-0.086190
23220731	0.281997
325691585	-0.132957
1408162200	-0.039021
274824692	0.202912
186299824	0.382111
612117635	0.035014
35762860	0.634870
19216998	-0.112219
409522947	0.743471
112765894	-0.004124
3135241	0.647397
280346878	-0.030082
220208804	0.192586
116141817	0.179245
611886875	0.425820
73303753	0.473077
25226477	0.239039
331678866	0.270357
261918703	0.424075
561628839	0.398282
47544979	-0.215385
790097610	0.296502
1718400349	0.064460
15092872	0.597985
1676771268	-0.065754
28785486	-0.026303
183637495	-0.002802
521926535	0.612661
124062781	0.212160
241771567	-0.221155
31210583	0.625715
379378754	0.719594
576268700	0.508492
163209579	0.768020
1066076640	0.134183
93189203	0.735610
939091	0.297303
254557147	0.348261
63506775	0.349123
240839950	0.354458
172662933	0.597029
618586017	0.457720
85616770	0.218861
1091456496	0.400535
267889663	0.294950
160647819	0.221305
510516465	-0.153749
18678924	-0.101492
35081819	-0.187940
15980436	0.440001
20618764	0.392883
1689821791	0.717876
356199275	-0.103872
2205359364	0.261626
211420609	0.198901
21631487	0.380677
722800129	0.381123
547174027	-0.244188
116748080	-0.129765
1057859527	-0.252255
27136225	0.193388
269893425	0.732109
1921776680	0.387866
2196548623	0.483340
124224165	0.732019
519728645	-0.041329
25214807	0.339533
85898279	-0.282155
961520071	-0.133908
310608280	0.366857
558895964	0.356925
72831557	0.367492
622198206	-0.179656
1027156464	0.670633
18294521	0.060263
1725039222	0.741019
222320264	0.431819
251408532	0.214765
1542493423	0.105757
543154345	0.305680
259834782	-0.169726
21873714	0.529470
108376246	-0.014555
16614802	0.247613
371887563	-0.185492
1090002997	-0.216243
93552029	-0.105631
17111550	0.669360
372503594	0.374805
20015903	0.029550
934933188	0.476805
332340557	-0.025138
944917346	0.122158
2370786962	0.432784
78941245	0.016229
103727818	-0.042379
351266014	0.609372
1607546875	0.704119
99949940	0.544521
1713542732	0.590023
237600102	0.691977
72129678	0.168582
180389279	0.431783
2179040628	-0.157480
517911880	0.232469
2310494503	-0.256072
2293131060	0.361840
218357036	0.520901
558831200	0.035464
402190452	0.469352
97239626	-0.081000
11883722	0.321755
394303189	0.338129
110420252	0.712003
61842393	0.007116
357580948	-0.137758
1496512904	0.144524
425889480	0.625446
168830539	0.579852
15710384	0.065614
23109966	0.436192
34773320	-0.047399
1469869638	0.473785
198323147	-0.264193
29584150	0.355420
322781751	-0.181079
976969338	0.205529
748531489	0.590684
886946899	-0.208163
397584127	0.077910
234057152	0.638733
26083271	0.192708
26144769	0.077643
287811065	0.586242
52763281	0.239721
27048645	0.591927
28336822	0.528676
131791939	0.110722
81919296	-0.092417
306001688	0.165986
125984383	0.609156
1262557194	0.551528
506462653	-0.119739
85396297	-0.023656
233557728	-0.217390
252819323	-0.214044
238314303	0.156967
296068607	0.132630
1058807868	0.016067
49986081	-0.233029
14081659	0.419366
452700445	-0.271757
207116000	-0.313655
1356966632	-0.034875
49171436	0.169644
855057596	0.679000
1340326969	0.649786
598123678	0.604012
966442267	0.649852
326210627	0.114299
108617810	0.089253
221508042	-0.049520
39322371	0.334919
31285825	-0.049277
97298155	0.282735
98910693	0.337239
1912048351	-0.084259
547416793	0.138295
868637460	0.697511
189904289	0.548642
584012853	-0.238661
176134825	0.626059
606101503	0.408085
1469528666	0.316552
543635294	0.315901
360436349	0.434676
481000411	0.414135
326196796	-0.232447
1120550322	0.421745
192441406	0.380870
272542662	-0.263968
904655414	0.169232
1060370282	0.672755
121469977	0.131424
73931897	0.284497
46004597	0.769202
1447399590	0.501495
1201824876	0.057194
359222643	0.014026
384111224	-0.023747
80958602	0.307708
1658898042	0.243769
439049326	0.169526
195193469	0.546791
209787354	0.236112
362688424	0.438525
432676344	0.001008
55581437	0.410572
147487756	0.056432
11856892	0.022764
108689270	-0.118494
97931967	0.592430
1644734071	-0.019041
198526130	0.199753
475294870	0.662812
399170640	-0.066651
76163900	0.096723
998576058	-0.214133
430292078	0.736375
823801824	0.369411
1974399272	0.109469
402719755	0.561526
456032135	-0.112888
743694942	-0.022440
51943611	0.484403
1350118422	-0.143067
30864583	-0.071923
39510422	-0.103068
353834752	-0.137440
2260579802	0.577466
15392139	0.149247
26977568	0.356215
47892311	0.462920
20517132	0.027005
324403737	0.333507
42913132	-0.276700
573495038	0.756732
208692908	0.318127
425286290	0.741154
452344217	0.706082
220249920	0.694298
267854863	0.640453
582875320	0.492201
791967744	-0.272298
1548079500	-0.240849
288963206	0.668170
239964750	-0.011205
2314375189	0.423663
1729693597	-0.028815
89193992	0.577769
1083448909	-0.210059
963480595	0.175340
221528389	0.475438
1058460818	-0.033238
26637348	0.078175
5988062	-0.078408
221162525	-0.009035
1964821772	0.049384
278145569	0.386195
387225200	0.575501
435983624	0.403208
17005219	0.678897
90518536	-0.135822
17633159	0.377668
1355805258	0.480680
14579415	0.640258
267339368	0.701819
75578498	0.426178
717905080	0.695397
24183358	0.000718
2318080736	0.381036
1405337395	0.258238
73833569	0.234722
1646054551	0.034452
245451804	0.158338
887385018	0.080159
15987296	-0.074985
54446722	-0.276310
467787311	0.751198
78387677	0.249102
1138688364	0.045798
224391627	0.372537
318095351	-0.096551
44177383	0.429032
178229698	0.009648
36117128	0.619942
240812994	0.412732
1080509366	-0.133835
1480654033	0.729229
22242298	-0.108259
171693939	0.064043
285737815	0.682253
1055685948	-0.294799
25956294	-0.278518
1058051748	0.600626
1092248911	0.635728
18205674	-0.012586
245419752	0.554516
7597712	0.192636
418078050	0.622543
472587512	0.172482
379815077	0.750575
516880804	0.771561
14764240	-0.301747
115733549	0.071802
1674501806	0.503260
1058917562	-0.109148
16348437	0.501870
277363853	-0.071575
260807192	0.240073
20245031	0.222015
337785530	-0.304211
333663029	-0.108097
65433355	0.287480
28423263	0.608093
2312501226	0.076118
585441089	0.742001
126171100	0.242758
349979682	0.320025
841342315	0.042140
525736608	0.491161
557050706	0.689488
334965470	0.388257
249814580	-0.162751
274255909	-0.223513
310347243	0.067344
1730532331	-0.146838
867444085	-0.052285
297498647	0.601334
85476251	-0.206692
154699063	0.430112
93761782	0.676568
1090009730	0.087528
360080772	-0.019192
16631939	0.105555
376064104	0.289755
619964159	0.613104
20468251	-0.218335
26513860	0.593143
168502762	-0.125881
258900199	-0.117263
488297851	0.729157
21269970	0.473641
24735461	0.643724
384538886	-0.153048
376946273	-0.195108
1331884178	0.340040
377534571	0.357305
2227361208	0.144070
17544524	0.058618
24298528	0.395997
37982748	-0.144386
195790079	0.292989
411765271	-0.207820
254032655	-0.132833
995193054	0.197148
175131510	-0.163639
2412155161	-0.031858
1691191704	-0.046256
21797269	0.097621
1228070911	0.077575
123999551	0.002092
7402662	-0.100395
2268031692	-0.034254
703301119	0.531927
2385644521	0.243792
190328374	0.597581
240385577	0.023262
18732816	0.650977
976404032	-0.222824
613404995	0.761314
239871673	0.233543
1897447471	0.383540
55677432	-0.224714
22545491	0.348361
156212602	0.356550
305818200	-0.245991
2205545306	0.620000
234837632	0.520001
18822612	0.544246
345491974	0.349790
2308777399	-0.288946
18030431	-0.169660
2207375216	-0.173348
70799357	0.665590
148021006	-0.009904
23578274	0.617090
296925880	0.079824
903320070	-0.020782
15639642	-0.011764
161329769	0.346916
22055226	-0.204958
213634439	0.253530
8162322	0.348891
1564956584	-0.012259
22509548	-0.032749
14129299	-0.055467
34238458	0.723859
511079500	0.392028
377591325	0.540319
2252607128	0.215877
1015802058	0.187809
756285384	0.173388
264494662	-0.312759
90490354	0.216344
14774189	0.718682
34069014	0.663481
1222684418	0.111485
25755336	0.172540
240840748	-0.085643
15160884	0.095138
472263579	-0.137492
7900962	0.518395
27302870	-0.246448
1074101017	-0.138325
22028039	0.175377
214209081	0.768261
1601370486	0.553078
2191060944	-0.183190
199510192	0.155134
968650362	0.261014
22523087	-0.160682
753647880	-0.163415
408105171	0.409028
404132211	0.728790
176896268	0.190311
114756202	0.412231
47468096	0.697118
1431823160	-0.174299
40750860	-0.208562
358302508	-0.302881
347395654	-0.086211
65146567	0.520483
31744825	0.063080
136682183	0.127646
33530012	-0.290387
2322307531	-0.077410
546176922	0.045989
237019973	0.488211
1031845399	0.701288
346813911	-0.015779
189986982	0.426533
777390745	-0.095899
59704563	0.376774
234053893	0.557300
41445718	0.734418
19670455	0.767123
1132232611	0.236943
194720228	0.259083
308852834	0.679197
21144715	0.170000
376527578	-0.090176
22669526	0.164560
794546882	-0.012596
26818986	-0.152576
19576571	0.379989
615537104	0.252678
2352119654	0.030292
21542518	0.413314
494114249	0.055481
1117326481	0.171574
14354562	0.576316
1023294366	0.702515
336699225	0.725195
360338075	0.560215
265639238	0.001018
402029058	0.127295
535181994	0.287063
18170310	0.646350
1068470480	0.034751
109355585	0.685990
1510311302	0.543806
372315769	0.394430
21333396	0.675279
616965232	0.186002
1516670166	0.524357
233601728	-0.238889
114299101	0.270762
61046743	0.473334
177974542	-0.224210
300013543	0.352623
254226686	-0.186008
14857525	0.093850
237853147	0.049408
300430043	-0.207752
121171657	-0.163696
37836873	-0.007264
187108150	-0.181812
36738199	0.029386
1710292866	0.405724
248735463	0.092809
40954486	0.745144
284601302	0.721561
1447467186	0.084606
253281321	0.042243
15602331	0.717320
577609337	0.240630
43273533	0.262832
26777550	0.503920
30045475	-0.099623
58228306	0.712241
874694125	-0.144348
890904109	-0.302550
470703779	0.242828
122183484	0.619197
589070172	0.305374
1075303104	0.061722
457733782	0.078129
117661549	0.547183
20545793	-0.230249
160919506	-0.192168
154233179	0.422687
370467757	0.412624
216486007	-0.258671
438040565	0.719801
216855513	0.057878
2264976900	0.629623
378636572	-0.319764
321234739	0.418251
2278730858	0.200337
344525024	0.188738
220765205	-0.236706
16002085	0.165724
1681848204	0.211256
123421771	0.590362
831933780	0.067805
1228652142	0.093905
1283908939	0.389533
747876121	0.541474
780383160	0.449039
531596035	-0.156144
1410590874	0.283679
16827173	0.144729
1625304829	0.020471
429268149	0.582157
110445334	0.107099
22528309	-0.293771
132345883	0.069377
233693291	0.554879
372506462	0.343004
18863927	0.589246
242873057	0.066314
430235090	0.318898
36564017	0.640495
304115290	0.310687
1901018683	0.314838
1037321378	0.348322
278433367	0.116180
302113333	0.073447
1609169504	0.094223
17997831	0.574112
1531521632	-0.051312
291551843	0.702830
14669951	-0.256042
368914608	0.474054
1375871708	0.320780
17340186	0.738424
432766911	-0.239784
68281948	0.487236
127963931	0.729886
18646108	0.529141
549438299	0.692650
16336478	0.640135
83195396	0.402677
467636108	0.411604
231898286	-0.052327
70590748	0.706475
441040701	0.537477
137084996	0.373072
912598626	0.125880
230720547	-0.273405
41861272	-0.098680
416644656	0.489389
2317625354	-0.112547
28176898	0.253768
401989810	0.439613
581275783	0.674798
91935208	0.458983
18791763	0.301893
27688281	0.372053
1853114688	-0.272893
14246001	0.258027
1486445498	0.315463
977560500	0.308070
15715665	0.150840
235279028	0.614059
805188312	0.463530
64507817	0.774767
277193651	-0.148056
21910246	0.354341
156763824	0.297564
1045110018	0.504763
614706394	-0.205007
36686040	0.391195
1917731	0.572809
280913598	0.726824
249787913	0.190836
1242946140	0.419618
1526488393	0.092674
28008943	0.178479
2316393866	0.225715
526750889	-0.200104
1849400233	-0.055185
125613253	0.296880
15380417	-0.100602
26051676	-0.167620
90250351	0.403663
931024693	0.272063
2245423891	0.566599
73791927	-0.112254
389357597	0.639670
514749390	-0.008034
1232484468	0.623990
935033864	-0.176221
27274887	-0.109976
952575223	-0.113245
414068004	0.486716
49057566	0.049224
702460382	0.681452
243413616	-0.301486
121537837	0.285814
122174004	0.329905
265329329	0.102015
237504609	0.050850
858111194	-0.280698
246447524	-0.024578
20397563	-0.266291
260479308	0.681357
935987066	-0.074483
1051446626	0.004812
1428792126	0.422920
15007149	0.717055
238264015	-0.101035
237862972	-0.123372
265993392	0.563538
15976697	0.563767
315992993	0.282695
127919146	-0.108034
403639485	0.124851
17120599	0.576672
1105408002	0.579312
328679423	0.246044
130977700	0.050762
70740010	0.343336
894512114	0.660524
78408666	-0.106976
2394285656	0.102147
2292332720	0.149954
21572351	-0.216070
1157543414	0.224326
130600206	-0.172073
249219716	0.682979
346949527	0.157528
337595668	0.635866
2155491151	-0.051814
51982954	-0.175275
15224867	0.308853
27675227	0.124960
2236668625	0.131717
108323434	0.487294
52052011	0.459145
2304223555	0.454960
538121732	-0.122201
50707364	0.330466
470654192	0.119360
1092757885	0.138878
93950784	-0.043419
1360075950	0.351732
19612749	-0.009550
1382011333	0.015402
55440365	-0.066607
37497720	0.318983
117432541	0.315381
1613159058	0.322219
103949895	0.188264
399112142	0.620636
22265452	0.496700
1120582274	-0.095269
1089334250	-0.092252
461301890	0.451569
198928268	0.335983
12298112	-0.172292
240135871	0.131938
22507324	0.009017
117792965	0.659763
381874511	0.357699
741061716	0.208151
325040651	0.537168
294959299	-0.085550
457276155	0.561713
1237156340	-0.111112
21643972	0.562099
1362806395	-0.029564
136550204	0.412423
18579364	0.430868
1326498037	-0.156364
40510796	0.312503
598853747	0.567966
573916220	0.708138
3913931	0.363468
91346513	0.481796
2329092852	0.326761
2176134116	0.486762
1461162020	0.119180
183212100	0.378745
15210284	0.409358
133022865	0.357311
171154131	0.173935
18172905	0.316563
123150166	0.214409
938657858	-0.225524
191496735	0.010738
252249233	0.331178
137794015	0.340375
220551206	0.575646
65082057	-0.129236
1553746556	0.550412
749375898	-0.091894
889786374	0.002289
624927613	-0.255622
158290255	0.612042
363540832	0.539340
24509586	-0.304931
447277172	0.311603
14398250	-0.095160
287545295	0.130003
84119348	0.481140
236541422	0.319668
62387220	-0.233130
2316645626	0.123299
18622869	0.608180
53725673	0.185476
1422790478	0.298736
1112972713	0.670265
443265529	0.537564
335476450	0.037200
1870463754	0.229748
714409014	0.106569
344516847	0.624950
271007688	0.683523
1387919042	0.037512
627838899	0.094680
33205490	0.672055
1328762540	-0.071650
284664892	0.347121
1265860620	0.671531
619541619	0.116928
249327401	0.650955
1023872718	0.630409
138531540	-0.094853
22076537	0.045773
49969221	0.427712
21346197	0.580023
1431454158	0.268327
24745957	0.477583
626001129	-0.266235
1345850192	-0.272273
243502423	0.313286
414543577	0.465612
59281449	-0.050142
270792742	0.596347
325830217	0.082218
18496709	0.145270
1035443946	0.377093
286799590	0.559082
1539064994	0.605225
624753464	-0.035764
291756142	-0.160271
35013862	0.357477
1849074780	0.510495
171598736	-0.205089
20209807	-0.189675
1431884516	-0.076825
15923226	-0.095920
1209417007	0.696643
2161486428	0.043105
215346722	0.082298
562618381	0.371826
125208664	-0.027604
625296182	0.155393
36691808	0.382876
17680840	0.214756
731524644	-0.254780
405785853	0.225876
18566912	-0.307345
1444416162	-0.228697
930009097	0.155999
836709230	0.765607
432771620	0.004756
50370046	0.115431
287896740	0.746511
193076432	0.468945
216355557	0.328778
24448865	0.732714
378547255	0.392687
24195214	0.338525
41017380	0.553770
540241441	0.507710
39803436	-0.020532
271593651	0.753057
232127685	0.182090
148348430	-0.271102
1413602821	0.729532
524724189	0.720498
249288197	-0.011249
63169388	-0.061679
19693903	0.544217
15769734	-0.065475
1884258127	0.551090
158397501	-0.280468
25382456	0.238290
628559456	0.743853
620708331	0.312319
1872933859	-0.180020
23951197	0.152229
2185601035	0.086666
85342505	0.376075
403539769	0.050352
321380757	0.301120
422076926	0.530208
20469722	0.334759
776698136	0.241165
1092750030	0.498883
50552213	0.709147
19201438	0.574094
157305077	0.386773
213207055	0.740591
130274805	0.466358
348522887	-0.086186
2309440500	0.491729
143489158	-0.307795
783749288	0.436547
559073634	0.096077
562640547	0.723093
608902626	0.558849
49194495	0.315267
20880535	-0.264087
1210072844	0.529234
54606494	0.262784
81021861	0.093271
18277655	-0.204639
33537967	0.660308
48354257	-0.029792
107620932	-0.004690
14540659	0.560750
1636639214	0.156421
365239637	-0.097749
15941955	-0.052559
1342502834	0.202892
569212271	-0.269436
971412384	0.514723
295685416	0.349581
1963246038	0.403205
250736913	-0.182906
1310708510	-0.169359
50634125	-0.136161
1539300170	0.339665
1109679128	0.647714
253654580	0.191563
19563355	-0.008601
15458694	-0.225710
230100284	0.292671
10615232	0.645171
1045853744	0.268217
233949261	0.469724
593718490	0.417804
1186810890	0.633480
1186874899	0.012621
288886063	0.390328
247517295	-0.138912
30437038	0.337268
63796828	-0.241388
915781920	0.388174
18915145	0.462296
76348185	0.424834
1915018465	0.180636
22698090	0.135914
20608910	0.716310
87714473	0.344069
1237704769	-0.207761
467823431	0.468100
249410485	0.626810
108052596	0.736484
1316483802	-0.127421
23365717	0.004181
477583514	0.631979
200870788	-0.176297
33655490	0.646186
14511951	0.574955
933487722	0.051485
430343685	0.408723
24477294	0.241368
234812598	0.480122
94103877	0.577911
180197930	0.108909
54207182	0.136666
318711662	0.543106
1347830329	0.288502
22812434	-0.215505
14110710	0.350728
15918353	0.552228
15554922	0.313806
254174408	0.562042
53420694	0.019192
1979395855	0.716842
462285708	0.237350
295805574	0.709628
1072467470	-0.216139
20621911	0.052158
759316808	0.296014
1325640288	0.387690
109071031	0.696701
2175130770	0.757294
4389861	0.004474
231510077	0.136008
15764644	0.692042
15212187	0.067660
127074099	0.623000
43963249	0.416690
27311044	0.666750
1183912596	0.758241
1225410018	0.462266
2192362761	0.334402
589869443	0.315255
240376522	0.614054
424522799	0.550716
351133674	-0.086848
1692578893	0.523337
18217624	0.614415
250462634	0.095902
134302187	-0.117397
303920466	-0.133063
1346817602	0.555394
1686565519	0.098233
61313751	0.155233
743167003	0.713628
39787282	0.593155
118941676	0.759271
26305670	-0.058769
418269619	-0.157279
1070943116	-0.094897
209151429	-0.054785
26820795	0.718885
806186582	0.585944
442610682	0.166382
15584433	0.409696
703759688	0.289978
631648466	-0.286893
127908221	0.521918
1551310284	0.535775
2294530717	0.261492
1176615978	0.100021
1465964245	0.114253
192041694	0.654714
74960018	0.624598
584583739	0.282396
2188340009	0.172919
32537213	0.280421
121656624	-0.213122
586730005	0.329408
1007065914	-0.157123
417664241	0.117665
16557756	0.336803
788006827	0.573483
46499643	0.226554
80612021	0.508658
2362779882	-0.275606
14345062	0.366958
146263776	0.010666
334127852	0.130869
515898679	0.528546
66209943	-0.244427
1673504017	0.389968
224766531	-0.007678
2242638817	0.510776
210926192	0.753581
1031118500	0.351660
1602268826	-0.069082
399502932	-0.162661
242761889	-0.003796
355881289	0.395744
48425512	0.487069
27242307	0.156786
18137749	0.449228
21111098	0.750007
724658815	0.606996
70587562	0.268392
112740986	0.135930
594582597	0.636304
1155212191	0.576959
67776968	-0.231123
50128726	0.086360
29898014	0.530347
28382250	-0.236951
39424870	0.389703
1187949900	0.321675
2340869731	0.104830
53503202	0.731158
16930125	0.405589
242892689	0.622134
1430814439	0.227162
118540429	0.458654
2294105892	0.553127
417393341	0.400256
16739711	-0.292126
312435184	-0.092398
56864092	0.736340
221793778	0.239577
17750784	0.287876
427742683	-0.253377
1190825605	-0.106772
26596727	-0.157449
569666511	-0.210180
1480218668	0.029776
26424123	0.748331
29751942	0.396719
497535334	0.177508
20597460	0.407966
11651202	-0.010790
56440142	-0.178381
492480327	0.543095
935398104	-0.152328
323166438	-0.135732
16474026	-0.032928
174369590	0.684093
68888437	0.045428
7350652	0.060590
133832049	0.380252
131149247	0.178683
346045240	-0.046982
1655093820	0.501883
1080732656	0.594173
119527861	0.616790
1611680690	0.110175
1620243926	0.307620
237750442	-0.059125
38516217	0.287108
1705042116	0.553520
422964271	-0.193691
2364631970	0.412974
1925431584	0.509303
50731463	-0.182503
191688736	-0.296006
235190657	0.530659
204881923	-0.013230
32265225	0.374633
78569026	0.331990
397382646	-0.055549
407053599	-0.141218
268007771	0.262727
2467791	-0.130620
22508473	0.214058
2435410690	-0.065081
1301606089	0.506431
218267731	0.449383
18632666	0.592629
22387804	0.428818
6577802	0.151346
2288502470	0.228386
1122064316	0.097129
14925704	0.082259
156029105	0.539222
20113797	-0.192903
79022250	0.363610
17033503	0.737989
484134207	0.310779
29793493	0.049687
2161537962	0.202697
718468320	0.008008
67738195	-0.307270
44215945	0.134486
221496713	0.514343
788081918	-0.142444
860733170	-0.090162
23387115	-0.109475
22812754	-0.282338
98929990	0.249175
297940478	0.022054
264221149	0.527846
18056015	0.525198
62770351	-0.128279
628760912	0.512855
587783109	0.692712
58379000	0.129539
121841737	0.241699
39279393	0.401070
92071963	-0.299561
127870840	0.019748
22012091	-0.180464
272019676	0.754167
346885718	0.392046
148086041	0.031022
787373558	0.065739
520245212	0.607341
497546508	0.677714
557806506	-0.174058
186430550	0.438577
41377639	-0.279929
49045755	0.143699
798420806	0.205808
1006482620	-0.194432
154139987	-0.212948
1915752144	0.424235
1308601632	-0.185025
1326751968	-0.142313
242618658	-0.293494
24045931	0.232769
297532865	0.100414
24670782	-0.073553
59888738	0.077349
71358042	0.429618
46724483	0.660896
1468560242	0.095354
1267462094	0.566105
277750492	0.466541
542842941	0.206791
176135285	0.055201
36394602	0.361693
76350004	0.405326
50150341	0.176126
233346654	-0.093558
109287731	-0.304606
1686107834	-0.113042
1093441423	-0.092006
6092972	-0.145954
250719718	0.351806
58492046	0.545216
308721230	0.718691
29766367	-0.304781
759251	-0.204004
393821580	-0.159087
77839894	0.579865
1716914930	0.445666
10102032	0.288441
82649553	0.128498
1653370998	-0.172864
1362944844	0.336704
61906286	-0.192343
1932803906	-0.244241
221447516	-0.217660
1905156690	0.556663
830918346	0.111266
12788332	0.301179
33622411	0.327529
62354707	-0.095842
1621009105	-0.069308
104727439	-0.076460
24913074	0.094079
106591004	0.456082
18221712	-0.245171
5357812	0.032259
103335794	0.220232
905020056	0.684756
15603311	0.566807
15762842	-0.128745
15555056	0.683419
115979444	-0.119842
2361890355	-0.050349
575344793	0.491749
157382927	0.312546
16062766	-0.097759
218779638	0.529626
2302483196	0.513618
1655816936	0.210358
454947269	0.448433
470366309	-0.236799
16130949	0.468812
2409239300	-0.040744
270370405	0.617200
29293808	0.638857
244268646	-0.021638
16742053	0.699647
942156122	0.552041
703561088	0.176710
382534366	0.215449
17065503	-0.278705
1296038210	0.668834
359596838	0.329361
227088228	0.423297
813286	0.441286
137571771	0.684982
1234286196	-0.068865
14849664	0.551387
140959145	0.047425
148453195	-0.135359
301090775	-0.154657
14800483	0.282404
792608948	0.354888
950783972	0.094768
220241174	0.666931
381413722	-0.138955
119250381	-0.004842
24299006	0.427492
389840566	0.372051
36777778	0.532516
88806753	0.610148
415780303	0.133071
143779492	0.356621
614542142	0.121515
333504114	0.700448
29848453	0.373810
65919935	0.318650
44682276	0.504378
593813785	0.266693
582931822	0.631089
31801993	-0.214230
94366606	0.105771
162784542	0.559046
330816212	0.105915
448923637	0.527890
1096507650	0.592498
15428227	0.596846
411997494	0.490697
2252899873	-0.280117
14293310	-0.234055
40402146	0.063783
18811140	0.622559
1365917090	-0.208304
273098660	0.685651
88976164	0.136223
23970171	-0.007460
1347674623	0.582341
223523798	0.567367
15014405	-0.192887
1347436638	-0.179429
2836421	0.651698
15964588	0.184901
38254095	0.503830
37094727	-0.204898
64161351	0.152594
372345957	0.617736
14672279	0.552950
16030518	-0.064497
91137301	0.125755
240663096	0.143226
247334603	-0.255002
20957491	0.429390
26841582	0.071124
28238988	-0.140661
30673492	0.480399
35518656	-0.016401
322737879	0.331332
1965801554	0.703915
47614124	0.071533
71281860	-0.187666
721052064	-0.117428
1949611364	0.007953
18008330	0.212968
148006729	0.565974
1301328822	-0.232874
1183811947	0.494916
17906632	0.644543
155680896	-0.287591
26111775	-0.182021
349219528	0.674135
86364947	0.714377
2181453624	0.082053
26316100	0.031379
1556756886	-0.067396
20002401	0.177422
19269183	0.529475
321119379	0.629994
1300124792	-0.108283
563844379	0.123540
751806494	0.003705
33027306	0.024386
23117388	0.210788
819528355	0.110725
267217520	-0.265069
886986138	0.487736
497551327	0.245734
59568948	0.704617
1716366295	0.673634
1905833168	-0.211873
448169106	0.535727
148333607	0.238830
289374103	0.098148
360191435	-0.177966
450786176	0.414331
23617145	-0.033816
317193393	0.582815
144189766	0.648762
279964598	-0.110083
1120931132	0.289351
1137600571	-0.012755
33060832	0.678512
18480494	-0.285719
292990703	0.191283
1117009244	0.212055
33576489	0.155258
17848544	0.233616
463918261	0.372719
990635636	0.073424
18213420	0.371608
214179002	-0.270113
195070336	0.103707
885789362	-0.306602
22831059	-0.112673
22081190	0.071456
153486399	-0.187017
236480864	0.587545
37202770	0.020072
374161639	-0.150105
1242109014	0.668923
211530910	0.086482
1606703838	0.047656
348857253	0.399361
167856299	0.303035
502440556	-0.063199
14529929	0.722567
631876809	0.398070
1902537799	0.425091
700126891	0.416439
20444702	0.537332
32789881	-0.051897
67906573	-0.070023
1032703770	0.087466
7334402	0.114698
19245431	-0.181141
110924703	-0.178367
198523967	0.466902
1058345042	-0.075011
2296636404	0.505622
15471838	0.143307
1702539968	0.273003
20376424	0.370958
21509894	0.590981
1388590928	0.202825
429181880	0.707678
1073212812	0.487207
283657826	0.543898
460656473	0.229820
1277984012	0.759976
165533941	0.230973
42638402	0.339529
337752039	0.084580
1393599296	0.095644
114607567	0.352408
1144145946	0.132328
377702207	0.499963
237814920	0.423688
851621377	0.478714
1487887076	0.531559
1852819452	0.133748
109280446	-0.234105
1665719612	-0.073419
537156670	0.350681
411526571	0.628556
488127904	-0.128058
34270503	0.380285
95602718	0.306259
191208249	-0.118266
21351432	0.370080
592019654	0.063559
385429543	0.101048
234937222	0.070342
26194384	0.637213
47975734	-0.263766
1023320856	0.238162
211901075	0.140516
271552521	-0.065114
1222283971	0.306678
2321129046	0.543453
1722842137	0.184662
1540496365	0.319187
10025982	0.063438
17530189	0.043333
123667924	0.051683
1962564906	0.126458
110893482	-0.074934
93575832	0.090403
40750718	-0.108748
960962340	-0.256288
222195455	0.713509
16056306	0.506722
1074129612	0.300999
60801758	-0.154417
21426423	0.385656
319529691	0.600661
161411080	0.334391
161791703	-0.196560
939621458	-0.130997
16703058	0.529604
301081520	0.648151
32010840	0.499796
834525002	0.697358
26809683	-0.219320
202206694	0.073854
520778762	0.503545
8775672	0.539017
317608866	-0.065345
24184717	-0.312972
1356531588	0.025754
713463571	-0.125186
176260948	0.331643
278005891	0.337787
36737855	0.436292
35758513	0.331373
17896154	0.067400
217550862	-0.025732
1110920106	0.393096
1931992778	0.354595
1128781184	0.133591
29865139	-0.293471
977369880	0.669682
62330632	0.143806
34340464	-0.234498
1033532365	0.553161
830430216	-0.239424
155642785	0.627102
1154667132	-0.119637
1080602371	-0.057604
360605502	0.491288
63787812	0.653329
30027177	-0.285330
2369234174	0.041886
5741722	0.415688
551698752	0.075941
545501375	0.635091
1596947036	0.607853
1449407450	0.096853
326551457	0.652352
95509057	0.604286
423688722	-0.184756
328258374	-0.029040
705661256	0.602370
496786334	-0.134817
1879871294	0.517847
2374720591	0.283862
1954751917	0.501101
550401754	0.171643
370076582	0.149510
18820392	0.666387
16298388	0.421287
348861268	0.676293
1623282788	0.685039
14124614	0.347516
36588739	-0.115192
88784440	0.517086
16804072	0.667433
2356356972	0.303846
1258312562	0.418270
43216755	0.590600
703640660	0.561258
896620178	-0.088693
122473388	0.525790
234906311	-0.187629
16018516	0.376984
586045941	0.390155
1115633996	-0.148965
485139684	0.457012
1352594924	0.551166
1621076712	0.375510
175102610	0.484285
63749707	0.376701
20733972	0.541589
17291452	0.175385
20906882	-0.191220
615181714	0.530762
78966155	-0.117269
1430524482	-0.203741
21669223	0.157620
8870632	0.600991
14730894	0.342424
1959864463	-0.003272
21321475	0.595784
272520742	-0.181212
19918558	0.541674
1959387662	-0.127685
14216438	-0.162884
492378372	0.218535
1154894353	0.698726
1463550048	-0.148161
24305421	-0.087620
26265640	0.460105
382441782	0.159630
856549532	0.229789
235271965	-0.136413
314335929	-0.153652
59969802	0.013385
74058012	-0.262029
347877928	0.314577
30500021	-0.307211
716563918	0.758409
2255274860	0.683346
411766612	-0.288231
39793438	-0.220366
41634520	0.548295
51228911	0.318833
247496974	-0.278080
234374703	0.432190
2168350939	-0.083784
455037005	0.455029
267781214	-0.034994
26324609	0.708555
17487795	-0.006884
339852137	0.470672
230761725	0.166751
14616459	0.746620
1556371026	0.033940
199325935	0.366386
234927299	0.025559
109025212	-0.108714
225326840	0.775037
1363394484	0.713478
75367781	0.058104
343171266	0.234926
15600527	-0.077620
89526574	0.686056
523397097	0.751800
1092979962	-0.187402
63804234	0.175151
206716135	-0.089319
260841091	0.034306
47470008	0.054105
68198447	0.281209
2377726519	-0.253000
1221321108	0.145584
205420257	0.723087
1243902714	0.677339
1049460835	0.423913
49782398	0.597972
1246599554	0.247155
113420831	0.328825
62907908	0.621043
72874723	0.112704
236899846	0.304771
1891157910	-0.019044
505932430	0.700608
85778445	0.624259
270067927	0.203981
331268118	0.020487
1201520622	0.695839
538416721	-0.193177
359950567	0.719699
6794502	-0.075393
1263944875	0.679272
58287227	-0.122717
338553588	0.680711
213182436	0.620814
46176168	-0.316439
142721190	0.364130
943501040	0.284508
71070614	-0.278586
18317325	0.590258
1065995022	0.491316
21941446	-0.048257
87055347	0.643377
259950795	0.135703
506091865	0.125477
1581759588	0.436562
547839797	0.043981
1697235505	0.637676
932421955	0.757150
46016028	-0.070836
25768647	0.029736
17074440	0.141366
1143929599	0.407883
2254857197	0.104927
631543401	0.097059
959687432	0.217466
97368029	0.504788
32774989	-0.242048
415981838	0.599209
180287231	0.472162
472541504	0.575813
1482327366	-0.202660
454953162	0.528378
20552026	0.625401
180895768	-0.058048
14275291	-0.284679
2324036732	-0.139756
346030501	0.683341
14135426	-0.033633
191005134	-0.133501
14389132	0.341735
16472624	0.231206
286363562	-0.175266
163586067	0.096479
390292636	-0.169608
991821667	0.375075
20449956	0.439856
1693751167	0.689802
1658254478	0.441631
268496469	-0.240832
1497383952	-0.162166
1313165581	0.677406
1532014123	-0.259411
139574248	0.433097
99157266	0.682737
83200882	0.600320
2317860566	0.418792
216481299	0.399221
805777398	-0.038717
361365479	0.027687
97171189	0.763245
807095	-0.049764
391413865	-0.306116
89820928	0.506145
246499208	0.262981
85606078	-0.179526
435877117	-0.225631
16385104	-0.068164
24135119	0.390420
276763538	0.047884
207731256	0.064336
190699396	0.640707
1870898497	-0.272497
1104083418	0.226980
52992670	0.041361
27676828	0.670841
310912778	0.359980
47056405	0.714052
352643501	0.400205
252115520	-0.122960
47402168	-0.060868
404542591	0.577178
594870776	0.164475
240327228	-0.146677
263975503	-0.208164
1068990122	0.177566
261263905	-0.245661
1357427004	-0.107055
19253918	-0.073265
586032653	0.152235
451967996	0.165538
18793575	0.609940
23712174	0.111701
252819642	-0.126325
195019882	-0.024335
18244206	0.653411
8953122	-0.099897
33655512	0.132750
19926675	-0.269866
287861586	0.615629
323239103	-0.132102
17439675	-0.227309
18967498	0.678952
29598035	-0.288778
796737758	-0.065976
180396181	0.122640
305389392	-0.029634
85353299	0.490503
1423715941	0.579951
17282256	0.008159
1322558402	0.664888
430830756	0.454690
1733849666	-0.006447
449959102	0.264924
733751245	0.639757
1558893368	0.032646
56653367	0.250487
39191258	0.008739
498961346	0.671069
300515560	0.573640
539866149	-0.249683
225988631	0.004373
78431501	0.164240
76392970	-0.174811
248791332	-0.000384
1117640744	0.341035
118152495	0.728549
15751083	0.707502
22262553	-0.177631
1905298878	0.023495
1443203875	0.709266
39308549	0.291736
196147086	-0.145336
47891535	-0.195361
15029174	0.059506
273795671	-0.280640
237944147	0.265072
1738425180	0.626931
758067224	0.066247
424263083	0.028663
456911539	-0.099932
64022803	0.708798
262424195	0.390338
1699808366	-0.036009
360427514	0.345902
169472184	0.696773
293254420	0.105380
613725908	0.446836
485264526	0.735459
778724700	-0.291098
427024774	0.637164
1068626984	0.236435
148565166	0.271937
29896465	0.470571
15281676	0.242926
20713061	0.707507
193732179	-0.017031
1043702834	0.433609
398232779	0.066090
1516830966	0.590473
864768235	0.501309
2417754469	0.108305
356390382	0.164269
712959254	0.289795
180846791	0.095812
158495061	0.679385
64660952	0.326708
221792092	-0.070217
75785294	0.327596
242068532	-0.099256
619479855	0.727999
48117116	0.449195
443681123	0.529316
380371286	0.447620
30930019	0.141863
195955478	-0.174938
2192766368	0.233323
30043495	0.235359
126644609	0.583348
76651617	0.649206
386455581	0.175105
49316020	0.175853
236916916	0.262564
5558312	0.040592
80473367	0.723690
44117460	0.772745
330001961	0.352104
373311804	-0.057804
1849261916	0.503702
180100015	-0.024836
234822928	0.487631
269931179	-0.182319
8128442	0.514370
292935209	-0.030319
572317065	0.317691
19553409	0.562494
242555999	0.685921
996565820	0.037139
886042746	0.255216
98242752	0.036944
28859894	-0.147175
16086967	-0.121428
1578519660	-0.281704
283265252	0.356028
350930593	0.219042
1002313952	0.725599
2265167642	0.218930
1076928920	0.209753
1944510751	0.078718
22417674	0.626844
49697450	0.551359
31350534	0.439350
1694503231	-0.107683
1571660059	-0.065752
161344057	0.227978
1189735556	-0.214246
809050796	0.677978
22819917	0.053481
1602752804	-0.250138
14809189	0.233651
578069877	-0.031760
311165745	0.594105
155669457	0.290841
1643415560	0.200053
249339682	-0.208298
416686487	-0.232625
22097192	0.601861
1927804778	0.457533
1077121945	0.556568
33345380	-0.290646
287269659	-0.104899
1955581326	-0.058917
1860099558	-0.047480
137381495	-0.264611
1408518626	0.019834
317407076	0.527782
1117953943	-0.141116
19726613	0.432238
1935184730	-0.002512
201877444	0.005549
7713202	0.058543
57977498	0.312768
87318108	0.418039
9624742	0.335535
19891260	0.606835
254775647	0.187632
15116570	0.620352
1925654095	0.502959
17643209	0.338797
14344823	0.576727
308664726	0.752170
558769636	0.180535
40024874	0.410322
198963912	0.265104
189910408	0.717797
50839205	-0.194887
560117034	-0.042976
2363258587	0.446066
19739126	0.564287
338883349	-0.196055
48086014	0.642958
2282872260	0.146617
33665393	-0.009566
205886080	-0.060043
135931182	-0.136119
800162478	0.509333
373011304	0.712288
7270292	0.415391
17976923	-0.046303
104797238	0.241082
2337254448	0.691432
97150206	0.155076
5561412	0.384292
42760147	0.256779
191923358	-0.022272
581141508	0.132228
223166587	0.538994
193614775	0.100617
28599820	0.000710
1001025787	0.692227
972323274	0.743948
9855382	0.222431
472632386	-0.215449
2230533374	-0.222490
2704951	-0.295644
1611064304	-0.134617
342601720	0.494898
224320485	0.707061
121620626	0.391316
364564017	0.094871
1469735982	-0.154976
17768436	0.255049
19543987	0.486317
1374923180	0.534274
234024969	0.433082
16031927	0.310283
755802794	-0.176331
29501253	0.769804
1403429444	-0.298325
1071768498	0.645573
313344689	0.530466
2288373518	0.689770
250188760	0.496635
891678516	0.719045
1920276091	-0.212891
16100318	0.755039
49453870	-0.106204
10168082	0.342896
453698931	-0.046166
54598826	0.266461
165511812	-0.207293
1599284149	0.058652
237299871	0.371367
556000874	-0.019504
156975310	0.491691
96662959	0.311859
15297551	0.109870
17513304	0.433434
364415553	0.551210
305145458	0.176766
2366260580	-0.110867
394272456	-0.242696
237129990	-0.147282
1020058453	-0.281288
317630465	0.608544
39793961	-0.266517
377237995	0.089099
133429379	0.496811
64651898	-0.246773
776664410	-0.221742
235660311	0.575811
63753027	0.103901
1977097572	-0.238967
35829796	-0.161801
520950046	-0.065024
1521740594	0.031360
1061486761	0.222369
425565585	-0.057141
32135704	0.040179
111635980	-0.159549
334320138	0.464593
1262814457	0.168543
137068935	0.581805
237926856	-0.242487
48075643	-0.182648
919804596	0.000086
244985138	0.509593
77418275	0.313171
230981077	-0.227125
109274506	-0.229559
14634720	0.527270
193872188	0.766354
43955137	0.683849
1878559962	0.407414
2241120434	0.043346
209833543	0.386753
1434486529	-0.000427
254277011	-0.278231
201453157	-0.033401
217137252	-0.262711
31611298	0.593243
1517363570	0.475936
51241574	-0.118155
162069635	-0.034434
356291170	0.640928
474232856	0.180964
1931698346	0.030461
245378929	-0.124460
159524468	0.220668
15675138	0.541167
1602221707	-0.114754
27088314	0.423349
2256726992	0.472496
248852820	0.120517
108671959	0.454335
136471166	-0.139153
21220931	0.581600
233238234	0.170176
557671006	0.237512
1060860422	0.030425
2178681566	-0.267153
1535579558	0.674495
22731105	0.679623
260760840	-0.218145
72405094	0.405921
18161620	-0.323947
338811841	0.701122
1385690448	0.459351
1898897300	-0.102525
621293247	-0.160967
128235400	-0.241286
217912727	0.094793
531481241	-0.274165
1399903849	0.572533
114887629	0.007751
5392522	0.023432
269908647	0.709926
339814337	0.209830
326208966	0.418293
2162136865	0.196717
80403646	0.596268
131036750	0.581582
53643803	0.047515
30216513	0.535427
860154126	0.420323
19512725	0.415073
405034710	-0.139542
16517357	-0.069073
85916265	-0.306659
1337252017	0.527183
397430607	0.187454
15727317	-0.109513
15159913	-0.330037
275098108	0.491364
38500956	0.446450
122770149	0.079760
600991865	-0.057298
5496932	-0.106734
49649077	0.517804
1627252382	-0.060416
260396714	-0.023546
37461389	0.692374
1279783315	0.266382
19808819	0.757291
1305465990	-0.120861
474451843	0.612498
220580561	0.135945
16102244	-0.224342
71328021	0.251230
122146840	0.186567
1827782569	0.349818
15954997	0.059143
754277773	0.557438
1920537577	0.192849
21419440	-0.222099
381666107	0.102935
25915690	0.103947
17301179	0.600548
19286569	0.013163
1060487274	-0.294019
582475251	-0.240519
14984637	-0.165153
19257799	-0.006192
138770045	0.231522
407744769	-0.009701
57860368	0.386821
16129920	-0.273455
23121519	-0.211207
24392175	-0.274503
15417358	0.151394
240363117	0.403812
1140648348	0.058338
167699332	-0.314808
1911335244	0.424649
1719880621	0.729250
74164455	0.475001
151200240	0.286503
22946355	0.171073
833990756	0.643202
3108351	0.156064
234469322	-0.284886
1693373094	-0.286295
351109901	-0.083083
247420668	0.127001
538646538	-0.103367
16583468	0.465986
14763834	0.186456
382791093	-0.064645
322794665	0.378901
271985168	-0.020856
21636248	-0.094801
555593757	-0.233209
61250271	-0.242447
207317790	0.528760
575766234	0.234730
1002244244	-0.289274
84984380	-0.107988
1550794628	0.713813
958081542	0.126065
95978223	0.628651
1305596696	0.311260
15922214	0.050973
15522251	-0.079580
978690895	0.075919
62090497	-0.260142
791002021	0.429630
2196576859	0.048783
34122899	0.746754
200400227	-0.001168
23789790	0.627968
121990777	0.573130
1469446608	-0.027949
2178860358	0.444771
470126084	0.261295
615953866	0.407150
15745368	0.744177
42734224	-0.147540
1503451620	0.693148
193794406	-0.289036
538185166	0.298506
324171587	0.213307
1463325120	0.595481
15918708	0.066275
188194323	0.617671
135653370	0.546107
34402366	0.168502
24463788	0.193900
2284159548	0.025052
34932854	-0.253807
48587305	0.305599
302382660	0.539110
199286398	0.340810
1462723416	-0.028605
359032147	-0.234246
400792588	0.672174
572061403	0.702341
247066289	0.540711
930234066	0.222211
34966987	-0.225016
2330410284	0.610704
38067927	-0.019842
158398519	-0.080562
325804079	-0.268048
18873711	0.523520
78403308	0.721227
568151409	0.060739
2311117897	0.588742
110545675	0.103490
24795163	-0.007854
454060961	-0.240230
357253772	0.471344
19028248	0.471946
74895491	0.704736
801084110	-0.005973
16187637	0.610929
1365881617	-0.190617
628018533	0.500452
98017737	0.449094
845711293	0.612713
593840334	0.623998
1380763326	0.137615
193978839	-0.054787
115166212	0.284738
1009269193	0.109638
2253990607	0.503624
105823136	-0.261452
287225290	0.592123
137407124	-0.172395
426694458	0.433030
245905555	0.257990
1545715382	0.699545
20078009	0.531667
18060177	-0.043189
28969421	0.061364
145292853	0.477781
92055121	0.730964
46263050	0.354527
1736053987	0.443916
2238098360	-0.293462
11379362	0.361155
240760644	-0.218028
301416337	0.199684
965142457	0.113816
1374780043	0.262805
24260994	0.708167
265529710	0.611275
448077090	0.746909
1157424444	-0.284464
218206502	0.471279
25162697	0.207706
1350864440	0.396131
204905640	-0.206592
71036272	0.420007
19658173	0.646691
15008539	0.647482
124335509	0.553453
66774077	0.567246
770554297	0.198005
1671690367	0.339665
36654245	0.559196
2250858631	0.210696
15985455	0.250903
1396846357	0.365256
385188446	0.631691
1055730738	0.641380
716984711	0.442336
38039087	-0.160106
248252582	0.479763
163570705	0.092048
191728014	-0.013729
299802435	-0.291860
468601121	0.173820
740417436	-0.068770
15856366	0.100952
1665514478	0.694068
11650762	0.756964
270017791	0.077702
31128529	0.570283
27385174	0.378635
393585626	0.545254
296361085	0.139270
293131808	0.401569
976579933	0.343517
228784853	0.722365
332040130	-0.035274
309267226	0.278356
41750998	-0.304214
68917738	-0.160902
1874140452	-0.010142
159609651	0.729516
458393298	0.253498
403353373	0.549629
249674727	-0.061452
2286252732	0.136300
1080844782	-0.085683
1372288434	0.397746
255876732	0.104535
49541291	0.726832
784971582	0.163269
22527499	-0.199781
21693764	0.076883
16473577	0.603612
159977219	0.187992
140519774	-0.144506
27633572	0.568099
31122582	-0.126020
32506723	0.274589
1655680988	0.547617
2245220154	-0.211447
15075753	-0.199170
588237779	-0.140911
1468203217	0.520714
188019606	-0.047744
242836537	0.232060
193632778	0.249298
19865528	0.578851
351149827	0.073458
18166778	0.642438
303861808	-0.257844
343830557	-0.227530
17353658	0.448210
1541893820	0.292983
195271137	0.279745
362597648	-0.214712
249219490	0.528514
26122639	0.059766
46557945	0.465616
398269985	0.262383
48263046	-0.135057
1128514404	-0.186064
1262936000	-0.297554
537063930	0.636384
305620929	-0.052566
15012486	0.206948
156300451	0.272406
305216911	0.408226
757372008	0.583724
32393576	-0.059741
1711193490	-0.026812
19151741	0.767150
16814879	0.693401
27705441	0.443326
385288144	-0.080704
235251868	-0.157381
431990191	0.691857
236118432	0.171590
91032815	0.555707
2367536538	0.333951
452004245	0.604491
135297032	0.008768
166536928	0.617139
1476337592	-0.189905
32379396	0.744710
589425352	0.208757
633855519	-0.019275
17800215	0.528367
235312723	-0.171303
123934875	0.656523
983813816	-0.006902
359133002	-0.003374
246769138	-0.095342
602997805	-0.123716
30619527	0.249264
2203931420	0.428832
126980084	-0.248035
222721984	0.039185
167507135	-0.130510
459446627	0.148324
284744912	0.648200
59771400	0.663987
1096059529	-0.267139
1385871187	0.683647
1022263688	0.278411
271958454	0.304988
1540360435	0.417300
765038167	0.224072
16803651	-0.234630
18029328	0.675621
2361531690	0.669128
60984835	0.369480
112236901	0.607089
404226735	-0.113796
1911879768	0.625192
50452197	-0.224805
55896443	-0.266828
159292313	0.279433
1883356866	0.653622
314761332	0.662625
26607712	0.482517
21786287	-0.010999
15356407	0.558277
2739461	0.110562
161743731	0.560594
270182385	0.611255
349379430	0.361435
57751453	0.458144
1265207760	0.034898
27886115	0.316479
16441318	0.675957
96800896	0.455582
23976316	-0.131444
21762137	-0.219213
350927143	0.405056
539485640	-0.195725
407323365	0.651461
275725571	-0.284295
77308668	0.117583
30095477	-0.205775
330650569	0.666932
108083058	0.010966
1644805254	0.215097
7356562	-0.213874
2305315345	0.626187
360804642	0.242042
919927722	-0.281308
15207668	0.339896
1214475872	-0.162181
44478497	-0.051077
16099657	0.175911
857748156	-0.077500
1678290240	-0.144727
76381104	0.373296
407039290	0.605966
344109654	-0.056914
15035209	0.470404
254805061	0.213328
9300262	0.112538
242426145	0.218593
1902563203	0.672433
1909542326	0.204267
185684821	0.610280
21157904	0.712076
253100055	0.378515
396794501	-0.277223
30050899	0.087142
47736933	0.587861
209792690	0.629888
11134252	0.626077
480056408	0.502625
14125897	0.679443
1075843532	0.049027
174847410	0.303142
1173237842	0.490569
610415617	0.488649
30823752	-0.307476
14597351	0.521474
316819997	0.588239
32007346	0.553760
356881780	-0.152730
323511585	0.395566
43108099	0.204876
49675523	-0.168375
299883942	-0.285696
1214026033	-0.143346
293459696	0.349086
793992	0.038033
2236741645	0.169394
16469463	0.162459
1462357878	-0.243114
1852444146	0.755023
288295387	0.067206
63502107	0.701361
323863880	-0.081527
93723445	0.667876
85418520	0.401611
405134921	0.355873
2301967142	0.243746
148041415	0.659618
284296658	0.666182
1898624934	-0.257958
1444380402	-0.087176
554109268	0.156699
2297176518	0.656979
1071900114	0.199584
254189414	-0.054169
469674025	0.679717
1422126799	0.658828
327798242	-0.172642
80958505	-0.121409
393603441	0.761703
181101417	0.312932
52989817	0.034137
818586175	0.495789
2277763242	-0.257342
31120881	0.248651
1025653922	0.713033
54686639	-0.022292
185049728	-0.258289
530864692	0.738738
44195577	-0.016439
281162551	-0.179705
954172328	-0.040351
34850480	0.698040
17750110	-0.004939
38036372	0.336732
48115928	0.366307
514929629	0.372650
251656840	0.544296
14173315	0.709712
1884324084	0.622994
281540744	-0.266194
18891923	0.394083
257658885	-0.068279
1246366651	-0.223231
330938673	0.285036
1059240924	-0.092728
194536303	0.492613
1339931490	0.531666
518644221	0.313753
431266828	-0.200784
432092458	0.525693
234022257	0.584646
47747074	0.158427
73925960	0.195183
450108691	0.030716
278124059	0.162077
473199911	0.196012
196619213	-0.071854
227036687	-0.111965
1630446259	0.597314
16669075	0.165094
75843152	0.138946
1510065122	-0.295327
392998644	0.315492
78130610	0.037441
2203399435	-0.117367
1906353372	0.165280
56763589	0.655264
116534252	-0.231574
15324851	-0.037783
209598477	0.152758
244526889	0.742725
1488969002	0.592539
232992031	-0.004848
15394954	0.475055
18805303	0.659036
224285242	-0.085823
883557414	0.021142
43050282	-0.084501
18548136	0.132065
267938462	0.474740
585206397	0.608962
291676686	0.463659
1939381628	0.642969
309605202	-0.006345
77017567	0.320618
779118265	0.656985
751212379	0.398247
245136682	-0.035153
115488968	0.644062
2253968388	0.773454
1075666608	-0.168246
555473643	-0.084484
51267980	0.498499
176646411	0.390763
728565668	0.703774
487067075	0.749636
16054728	0.386681
1055362014	0.638030
47412499	0.346704
337122716	-0.260507
870670477	-0.086226
1572830660	0.716797
391814356	0.775448
13218102	0.164158
1418013151	0.741388
71294756	-0.197784
5660532	-0.264950
398165004	0.383688
516642662	0.284294
14587949	0.195957
17992453	0.372189
485842327	0.044229
2234105580	0.166750
19929362	-0.057236
151589736	-0.157531
45151382	0.272699
381152398	0.406055
21950364	0.689428
326043489	0.418537
233724961	0.634543
462033343	-0.297623
186506052	-0.108725
75347500	0.471045
449795350	0.329705
701303623	0.598679
1439879557	0.576237
246341769	0.313747
186291444	0.310094
378738565	0.706256
219429281	-0.052161
1932363210	-0.124034
308276891	-0.051647
1580451673	0.019887
74302172	0.097924
360893245	0.711269
1375646822	0.693536
237312687	-0.052795
119162694	-0.280210
21619519	-0.039197
490535112	0.680845
224297637	0.428145
1497534576	0.561540
14308987	0.698128
345261756	0.257145
1255785854	0.312019
18216752	0.544765
2184765932	0.258835
1525086182	-0.087224
56538228	0.519029
95166404	0.656092
342945847	-0.094217
630802892	0.249845
15350894	0.601411
19616327	0.539357
390522985	0.291101
2287788476	0.741468
624186253	-0.209788
621500066	0.761128
24300215	0.393422
1624698122	0.425883
236479311	-0.288969
594060392	0.428990
1072453910	0.296407
538086333	0.098018
342780479	0.226620
178419778	0.130853
280206584	0.466726
345555778	0.266379
1125409915	0.320688
93936388	0.312013
234014087	0.611560
473401390	0.061867
993153006	-0.125915
19139963	-0.038515
41464356	0.698318
506033683	0.359749
590696606	0.186812
1652541	0.071368
235217558	0.137051
425489816	0.376316
235591153	-0.205140
22903983	0.442833
344033052	0.124933
946114207	0.187254
770448248	0.151035
19407835	0.195080
26778110	-0.175044
1327675195	0.696404
169588591	0.019733
78673043	0.355243
15496979	0.055894
801523267	-0.200441
45340027	-0.277687
399432469	0.219671
125397444	0.170295
72198806	0.250447
197307435	-0.046476
1134292500	-0.076278
20563979	0.090975
164707575	-0.233780
14617444	0.726651
263414131	0.397828
31006603	-0.222574
201079432	0.079525
1149312193	-0.298628
117974827	0.329419
89814216	-0.244236
238861711	0.051292
253149069	0.698189
34666990	0.018423
555845120	0.317207
80111837	0.736318
1406277577	0.597623
529973619	0.193765
950328072	-0.105821
153944899	-0.155238
1335517206	0.185921
242376736	0.676451
584351142	0.576510
1183865954	0.254430
368977925	0.285437
75398827	0.620202
224294785	0.636458
173363468	-0.082880
388958868	0.084413
133864713	0.290116
91179070	-0.010411
289530036	0.005313
143889472	-0.177779
51284800	0.492901
233601235	-0.300652
250710495	0.689080
15434632	0.277680
36183582	0.164096
441425863	0.276902
221614578	0.372639
439596778	0.042009
20841089	-0.014379
575385464	0.021944
40526985	0.436700
248850174	0.577600
37920978	0.247567
15939889	0.077694
1490306108	0.331723
433079096	0.155934
463132556	0.178837
2312281051	-0.186962
1458461443	0.071142
19877680	-0.083681
377773483	0.201174
180142423	0.603137
13067732	0.461569
38787045	0.034226
1143060714	0.211796
452413225	0.483901
18043103	0.524307
1282568923	0.251261
339172700	0.612510
112604826	0.628117
1229226714	0.124797
249834165	0.060388
2305350474	0.744792
2377621136	0.548833
18289929	-0.003304
366228554	0.254422
24742936	0.462623
85634199	0.183398
93288759	0.286885
1051127714	0.370733
197290856	-0.250403
20071932	0.294417
48807726	0.188760
486380694	0.674580
168666357	-0.023453
215909539	0.718425
168673083	0.565965
47632905	0.009511
1069918782	0.195240
28252475	-0.119326
1123683068	0.652408
2314336918	0.517178
84129740	-0.317575
229197216	0.488575
247850985	0.579498
2369496272	-0.288222
85970738	0.154913
15715842	0.626185
153919023	0.754658
499978095	0.685030
1365631760	0.760203
389759292	0.173943
38465240	-0.046366
1512666349	0.397170
1656055824	0.303190
1662929678	0.117413
117197307	0.753925
991357832	-0.131073
34438002	0.191713
104631905	0.133703
1262623074	0.722765
132278386	0.487485
15948219	0.389903
1011705054	0.256161
251728316	0.326348
20495104	0.216038
612716532	-0.317532
110050273	0.631485
113214730	0.432138
237770636	0.151150
247596046	0.427046
62543872	-0.241255
123282266	0.561048
133439172	0.132004
1037084538	-0.270316
111632324	0.308823
534405915	0.339951
276197098	0.673037
77664666	0.182988
1394549060	0.402173
2199888721	0.768690
225921757	0.643117
91744236	0.405024
428333	0.369541
85634177	-0.193474
255829884	0.073843
1328123624	0.585708
325717986	0.755753
266830495	0.105659
611834439	-0.155569
960696949	0.286109
15572155	-0.302055
433791263	-0.198602
1636291356	0.754994
19912734	-0.277760
337932925	0.698841
543822491	0.029428
49634881	0.435228
468930111	-0.046401
620298978	-0.256271
349947276	-0.055145
60638933	0.259669
282775291	0.183299
26677801	0.318737
23035691	0.025723
534599939	0.244322
195042501	0.402920
50325797	0.186319
65453528	0.302839
2321775476	-0.231263
229592356	0.095688
1071764281	0.725552
2340967118	0.203637
1223102983	-0.138906
122719755	0.222727
124196924	0.249225
17525171	0.039707
52503751	0.290642
76452765	-0.205566
1634852712	0.207769
1172636797	0.491075
33977070	0.727736
21048033	-0.135358
217543151	0.339519
1726999796	-0.111226
401955731	0.638631
948491592	-0.176026
267583652	0.372039
225242868	0.355030
487906127	0.744221
286898862	0.248845
605098090	0.279075
1071102246	0.069811
1075551668	-0.075107
1441675236	-0.220123
206428391	0.507165
325298865	-0.190574
1626115357	0.035884
600737301	0.261659
43476440	0.243427
1061385474	-0.261350
362052555	-0.299322
281509650	0.148551
1228818295	-0.085043
516131688	-0.197152
1222257180	0.030192
158205177	-0.282926
28889556	-0.150232
248004920	0.553171
23632545	0.193462
1023236538	0.195107
24737755	0.261091
41406567	-0.245302
117197740	-0.204806
69715433	0.143127
74198348	-0.032533
463606038	0.018351
1061006802	0.406775
575749942	-0.105434
115754120	0.305482
15448332	0.404713
1131203611	-0.072509
298059168	0.725425
610325685	0.181826
241207373	0.022146
1332628436	0.069502
1925656796	0.252357
211254250	0.322950
851120473	0.023086
108619944	0.654460
95070642	0.486513
450708486	-0.251543
257170128	0.125038
154648736	0.420018
442824717	0.327402
1571215884	0.236692
308563367	-0.256000
1440997712	0.581168
19793648	0.343189
1536065244	-0.148670
122207745	0.266119
362654346	-0.248945
78369108	0.594248
14859559	0.513994
318464838	0.706878
425527664	-0.194077
286034058	0.694211
1552818054	0.121068
37766935	0.265923
266772387	0.656411
986188543	-0.132514
1372431026	0.133513
282233418	-0.220445
308748838	-0.246245
256178459	-0.265315
70156027	0.719948
407584834	0.592285
633131271	0.363025
1072382221	0.377503
1437466362	0.178319
373883896	-0.299390
1901113928	0.264664
1484301392	0.557061
799658150	0.387748
1198766904	0.457632
785414496	-0.105582
84677520	0.542294
1797991	0.411781
608182396	0.293208
170767454	-0.158132
15361570	0.658148
9508922	0.011912
376477453	0.456592
190160433	0.695544
373326597	0.339057
122212010	-0.192606
44127294	0.724759
22797378	0.504846
1592481150	0.612348
233842454	-0.195216
265155317	0.335665
564225302	-0.089245
2358445766	0.498988
127894579	0.038769
30313925	-0.102674
1058717720	0.690315
20641972	0.199234
1877628114	-0.223911
1412998502	0.170396
40466049	0.216792
1008962922	0.275189
13383292	0.007802
100330676	-0.126809
330583779	0.616393
5692662	0.166549
1494474121	0.762826
566631178	0.123704
237781383	-0.125420
2251095308	0.321167
975200486	0.082322
16712666	0.306989
1656884071	0.000181
1355831521	0.432515
279634424	0.246016
29610442	0.118474
8542882	0.761251
18724011	0.731818
237348797	-0.128249
248699486	0.666264
633825457	0.727863
29929730	0.541231
18916432	0.659953
19518515	0.155083
52537790	0.646462
455041792	-0.279021
253016264	0.750186
116518445	0.224006
533702418	0.548888
29710286	0.518890
26976860	-0.151129
25086658	0.247007
1969641703	0.279394
189236855	-0.221444
23536035	-0.035056
617382180	-0.253345
2281176661	-0.144966
1917347892	-0.149081
1305481388	0.268183
761840588	-0.048510
16560935	0.092168
180032621	0.190894
294965312	0.411622
380001296	0.105646
398990591	0.679791
133448248	-0.015997
1608892718	0.275060
409799018	0.671062
1622931326	0.079012
36126319	-0.147223
156075520	-0.124697
5031151	0.515259
340296149	0.121140
378096410	-0.284170
242993672	0.467245
