14412533	0.234334
2163623972	-0.149599
249222850	-0.336938
1281503318	0.509315
387984038	-0.336767
1206306506	0.424985
57931553	-0.267778
2258783241	-0.198037
63160932	0.310289
25198840	-0.314858
15289825	-0.111858
1452476780	0.366102
1086619808	-0.238208
1623308912	0.151366
2194801027	0.211517
20467163	-0.281700
19824430	0.339806
1739650556	-0.356521
59558161	-0.146836
1444015610	0.194954
804861259	-0.295054
252254916	0.339065
40057701	-0.289056
2375722164	0.054223
451032276	-0.186292
1120298527	-0.429265
16860684	-0.101307
187414539	0.303494
479674626	-0.446200
19394188	-0.035815
1155335864	0.397161
20635633	0.474092
248718904	-0.435013
252644673	-0.205271
534680801	0.262318
932446728	0.117958
235373000	-0.428160
1377700518	0.274408
437741704	0.108005
414516629	0.390444
46807181	0.216986
1691930744	-0.018410
153694167	-0.530547
16705010	-0.034364
22509598	0.090687
31054788	0.475899
1545781357	0.483040
5990782	-0.275642
239949176	0.134515
174879603	0.256717
547778460	0.131897
15993122	0.016788
44209472	-0.064323
17811916	-0.161926
37131103	0.341515
83932732	0.469434
22006412	-0.458255
132201224	0.269850
1647266078	-0.055070
126632552	0.077978
16789970	-0.505828
1183998762	0.279441
317216233	0.394294
354493762	-0.348209
24773493	-0.238366
119899270	-0.133618
414774285	-0.368767
1252129242	0.245151
295868971	0.339397
19186003	-0.270730
564908956	-0.402169
528484792	-0.173288
2291373043	-0.098950
2260662498	-0.149032
40523440	0.341186
471606410	0.055300
25668918	0.486034
320787415	0.183954
383393464	-0.369417
463890972	-0.150475
48366585	-0.366755
239584537	-0.048735
1357793240	-0.092597
51535196	-0.272554
22930392	0.025019
35137957	-0.334462
199317006	-0.230599
197628846	0.391241
223360975	0.383326
29157809	0.486705
776063954	-0.045026
277107570	-0.046314
873631776	-0.292648
18943752	-0.156421
492616846	-0.236411
75927706	-0.427533
1334517175	0.401260
29205600	0.401982
182815759	-0.089965
54412900	-0.082882
860696202	0.180172
171813900	0.410820
19312039	0.279310
1009921273	0.239668
717888988	0.206624
536281139	-0.428462
474326839	-0.285651
237763317	0.353608
164732631	-0.052587
18890707	-0.051157
18696134	0.338772
217454584	-0.396012
25168293	0.358785
13491312	-0.207331
311789873	0.363648
467801778	-0.435577
216881337	0.334605
35998429	0.377721
16256269	0.175719
1226281657	0.103658
47127416	-0.425572
598384016	0.063911
456986241	0.250723
9532402	0.425547
26459660	-0.094222
35060071	-0.168888
424122984	0.091938
164007407	-0.142025
1127447660	-0.038348
728708694	0.298973
40367637	-0.380144
1367531	0.369744
89657363	0.172579
10375552	0.507959
28480805	-0.186660
1328434170	0.280279
1055907624	0.215388
28856628	0.247413
1915916724	-0.064589
708309848	0.031368
108052620	0.138476
11348282	-0.355317
104615577	-0.568361
15697940	-0.268551
1925127612	-0.013027
1222580420	-0.197948
254310640	-0.236625
201791908	0.331928
1189780298	-0.098944
502184923	0.189895
25124372	-0.241375
2237923975	0.444588
18909919	0.303431
384913290	0.053755
177028305	0.300181
266133081	0.319121
249348006	0.404603
96386080	0.139855
66369181	0.078410
277008614	-0.425304
254859330	0.197677
237460752	-0.302622
2360123726	-0.018548
343588320	0.318528
22113371	0.501777
2221362486	0.014421
1025521	-0.380705
79729138	-0.399095
1060984272	0.096656
358606388	-0.335830
23220731	0.071701
325691585	-0.340479
1408162200	-0.258928
274824692	-0.025475
186299824	0.132705
612117635	-0.174575
35762860	0.384256
19216998	-0.348961
409522947	0.468677
112765894	-0.205834
3135241	0.388960
280346878	-0.250138
220208804	-0.045384
116141817	-0.070515
611886875	0.181303
73303753	0.224328
25226477	0.015785
331678866	0.061956
261918703	0.195954
561628839	0.188059
47544979	-0.438143
790097610	0.062284
1718400349	-0.141409
15092872	0.368197
1676771268	-0.269921
28785486	-0.230022
183637495	-0.219226
521926535	0.367049
124062781	-0.032738
241771567	-0.416069
31210583	0.412152
379378754	0.492555
576268700	0.287989
163209579	0.538931
1066076640	-0.086132
93189203	0.462564
939091	0.064559
254557147	0.113197
63506775	0.125917
240839950	0.126529
172662933	0.367448
618586017	0.219239
85616770	-0.011216
1091456496	0.153729
267889663	0.047024
160647819	-0.011780
510516465	-0.351340
18678924	-0.308911
35081819	-0.414041
15980436	0.213070
20618764	0.169647
1689821791	0.466967
356199275	-0.316609
2205359364	0.016889
211420609	-0.031728
21631487	0.159380
722800129	0.157289
547174027	-0.444913
116748080	-0.357606
1057859527	-0.442403
27136225	-0.066042
269893425	0.458926
1921776680	0.130500
2196548623	0.207499
124224165	0.476669
519728645	-0.275371
25214807	0.113885
85898279	-0.513992
961520071	-0.369269
310608280	0.151195
558895964	0.132241
72831557	0.190082
622198206	-0.412402
1027156464	0.393258
18294521	-0.167628
1725039222	0.484383
222320264	0.189044
251408532	-0.008730
1542493423	-0.117153
543154345	0.084992
259834782	-0.367503
21873714	0.315653
108376246	-0.232912
16614802	0.028264
371887563	-0.409186
1090002997	-0.417417
93552029	-0.302860
17111550	0.393158
372503594	0.158014
20015903	-0.190662
934933188	0.224622
332340557	-0.227194
944917346	-0.100535
2370786962	0.239342
78941245	-0.199242
103727818	-0.259241
351266014	0.354092
1607546875	0.460401
99949940	0.305577
1713542732	0.327504
237600102	0.460862
72129678	-0.035298
180389279	0.182171
2179040628	-0.385777
517911880	0.019705
2310494503	-0.470220
2293131060	0.139337
218357036	0.277671
558831200	-0.234169
402190452	0.249327
97239626	-0.314545
11883722	0.121258
394303189	0.095152
110420252	0.457686
61842393	-0.199359
357580948	-0.345167
1496512904	-0.074756
425889480	0.387867
168830539	0.358575
15710384	-0.146798
23109966	0.208096
34773320	-0.281140
1469869638	0.257654
198323147	-0.460904
29584150	0.120331
322781751	-0.379124
976969338	-0.011071
748531489	0.326509
886946899	-0.460605
397584127	-0.129718
234057152	0.378537
26083271	-0.048113
26144769	-0.145255
287811065	0.344517
52763281	0.028413
27048645	0.353901
28336822	0.316430
131791939	-0.099575
81919296	-0.298414
306001688	-0.046808
125984383	0.386649
1262557194	0.293737
506462653	-0.332507
85396297	-0.241984
233557728	-0.463944
252819323	-0.403161
238314303	-0.081531
296068607	-0.074470
1058807868	-0.210237
49986081	-0.434193
14081659	0.184657
452700445	-0.467535
207116000	-0.489817
1356966632	-0.255557
49171436	-0.038744
855057596	0.422724
1340326969	0.412032
598123678	0.360688
966442267	0.388177
326210627	-0.120565
108617810	-0.117551
221508042	-0.267782
39322371	0.090613
31285825	-0.263825
97298155	0.051353
98910693	0.111547
1912048351	-0.275083
547416793	-0.095378
868637460	0.415343
189904289	0.314007
584012853	-0.445127
176134825	0.402119
606101503	0.197544
1469528666	0.069655
543635294	0.107125
360436349	0.190728
481000411	0.180945
326196796	-0.439752
1120550322	0.193963
192441406	0.157697
272542662	-0.472727
904655414	-0.076158
1060370282	0.407305
121469977	-0.111343
73931897	0.065758
46004597	0.495550
1447399590	0.275487
1201824876	-0.186945
359222643	-0.192993
384111224	-0.213751
80958602	0.074448
1658898042	0.008394
439049326	-0.049117
195193469	0.294450
209787354	0.009802
362688424	0.192082
432676344	-0.216965
55581437	0.181684
147487756	-0.170869
11856892	-0.190460
108689270	-0.340166
97931967	0.350985
1644734071	-0.247372
198526130	-0.030160
475294870	0.411877
399170640	-0.254586
76163900	-0.138293
998576058	-0.413714
430292078	0.477631
823801824	0.144887
1974399272	-0.117643
402719755	0.301525
456032135	-0.366597
743694942	-0.244577
51943611	0.240313
1350118422	-0.366316
30864583	-0.280223
39510422	-0.313419
353834752	-0.381772
2260579802	0.366596
15392139	-0.084640
26977568	0.112702
47892311	0.209351
20517132	-0.196492
324403737	0.090371
42913132	-0.474957
573495038	0.520311
208692908	0.073333
425286290	0.540774
452344217	0.488568
220249920	0.441142
267854863	0.383483
582875320	0.234427
791967744	-0.475664
1548079500	-0.434094
288963206	0.437263
239964750	-0.214729
2314375189	0.184232
1729693597	-0.249510
89193992	0.318432
1083448909	-0.401956
963480595	-0.042288
221528389	0.229963
1058460818	-0.249105
26637348	-0.134022
5988062	-0.288483
221162525	-0.240417
1964821772	-0.177950
278145569	0.137051
387225200	0.358937
435983624	0.188738
17005219	0.425336
90518536	-0.344770
17633159	0.154216
1355805258	0.235057
14579415	0.373676
267339368	0.428133
75578498	0.167887
717905080	0.442550
24183358	-0.211386
2318080736	0.114576
1405337395	0.036219
73833569	0.008362
1646054551	-0.174187
245451804	-0.072059
887385018	-0.133225
15987296	-0.280725
54446722	-0.482811
467787311	0.518962
78387677	0.017614
1138688364	-0.175082
224391627	0.145350
318095351	-0.336526
44177383	0.199777
178229698	-0.191869
36117128	0.375212
240812994	0.175833
1080509366	-0.350082
1480654033	0.487116
22242298	-0.319548
171693939	-0.134918
285737815	0.433035
1055685948	-0.479262
25956294	-0.479424
1058051748	0.346088
1092248911	0.383258
18205674	-0.205837
245419752	0.308806
7597712	-0.063827
418078050	0.370484
472587512	-0.057222
379815077	0.518538
516880804	0.496986
14764240	-0.508384
115733549	-0.141938
1674501806	0.272138
1058917562	-0.313546
16348437	0.255373
277363853	-0.281076
260807192	0.007342
20245031	-0.001306
337785530	-0.512489
333663029	-0.323528
65433355	0.064127
28423263	0.339312
2312501226	-0.156304
585441089	0.476758
126171100	0.011351
349979682	0.086675
841342315	-0.172921
525736608	0.283462
557050706	0.452853
334965470	0.155064
249814580	-0.344346
274255909	-0.439579
310347243	-0.158833
1730532331	-0.353939
867444085	-0.275510
297498647	0.367783
85476251	-0.421096
154699063	0.192631
93761782	0.408619
1090009730	-0.157278
360080772	-0.218279
16631939	-0.117699
376064104	0.065101
619964159	0.374035
20468251	-0.434227
26513860	0.359726
168502762	-0.332692
258900199	-0.332239
488297851	0.482749
21269970	0.222930
24735461	0.371395
384538886	-0.350980
376946273	-0.403993
1331884178	0.102881
377534571	0.112129
2227361208	-0.070076
17544524	-0.168104
24298528	0.172417
37982748	-0.351760
195790079	0.105806
411765271	-0.436131
254032655	-0.362605
995193054	-0.030653
175131510	-0.373063
2412155161	-0.250890
1691191704	-0.245851
21797269	-0.111636
1228070911	-0.118604
123999551	-0.220965
7402662	-0.299444
2268031692	-0.250888
703301119	0.281115
2385644521	0.004483
190328374	0.352304
240385577	-0.182400
18732816	0.392258
976404032	-0.423948
613404995	0.502899
239871673	-0.003661
1897447471	0.144888
55677432	-0.420549
22545491	0.109050
156212602	0.128309
305818200	-0.434022
2205545306	0.367823
234837632	0.264302
18822612	0.316419
345491974	0.110403
2308777399	-0.505155
18030431	-0.385078
2207375216	-0.361289
70799357	0.444417
148021006	-0.278435
23578274	0.398816
296925880	-0.120308
903320070	-0.218069
15639642	-0.226243
161329769	0.117525
22055226	-0.407233
213634439	0.010861
8162322	0.168364
1564956584	-0.231529
22509548	-0.310153
14129299	-0.257012
34238458	0.457350
511079500	0.146562
377591325	0.298715
2252607128	-0.006039
1015802058	-0.050409
756285384	-0.035623
264494662	-0.507393
90490354	-0.028189
14774189	0.461385
34069014	0.403756
1222684418	-0.109717
25755336	-0.043932
240840748	-0.302249
15160884	-0.119622
472263579	-0.343267
7900962	0.280794
27302870	-0.462685
1074101017	-0.343726
22028039	-0.053165
214209081	0.548193
1601370486	0.313087
2191060944	-0.423932
199510192	-0.061581
968650362	0.023837
22523087	-0.364558
753647880	-0.370739
408105171	0.147799
404132211	0.455685
176896268	-0.039945
114756202	0.222993
47468096	0.464705
1431823160	-0.392677
40750860	-0.415806
358302508	-0.536543
347395654	-0.286314
65146567	0.328558
31744825	-0.159539
136682183	-0.079647
33530012	-0.520636
2322307531	-0.300478
546176922	-0.171914
237019973	0.258800
1031845399	0.453323
346813911	-0.231002
189986982	0.189021
777390745	-0.325636
59704563	0.134079
234053893	0.324975
41445718	0.557356
19670455	0.510694
1132232611	0.058037
194720228	0.031364
308852834	0.466434
21144715	-0.049319
376527578	-0.295673
22669526	-0.063213
794546882	-0.243341
26818986	-0.377429
19576571	0.169410
615537104	0.043926
2352119654	-0.172352
21542518	0.160372
494114249	-0.162273
1117326481	-0.058360
14354562	0.316414
1023294366	0.463923
336699225	0.492877
360338075	0.311709
265639238	-0.194358
402029058	-0.123287
535181994	0.054458
18170310	0.390048
1068470480	-0.179375
109355585	0.424966
1510311302	0.317092
372315769	0.166910
21333396	0.448629
616965232	-0.042707
1516670166	0.281310
233601728	-0.446986
114299101	0.040113
61046743	0.242730
177974542	-0.424621
300013543	0.118940
254226686	-0.422417
14857525	-0.098976
237853147	-0.162360
300430043	-0.437722
121171657	-0.361101
37836873	-0.218425
187108150	-0.402173
36738199	-0.196198
1710292866	0.190693
248735463	-0.127173
40954486	0.470337
284601302	0.490425
1447467186	-0.143841
253281321	-0.190829
15602331	0.473191
577609337	0.003982
43273533	0.040847
26777550	0.323335
30045475	-0.327800
58228306	0.483724
874694125	-0.362228
890904109	-0.510753
470703779	-0.004512
122183484	0.354879
589070172	0.084402
1075303104	-0.163701
457733782	-0.141248
117661549	0.310617
20545793	-0.425641
160919506	-0.424869
154233179	0.174139
370467757	0.183143
216486007	-0.469425
438040565	0.465040
216855513	-0.152923
2264976900	0.379850
378636572	-0.495265
321234739	0.194605
2278730858	-0.024091
344525024	-0.022701
220765205	-0.456000
16002085	-0.095056
1681848204	-0.013826
123421771	0.356982
831933780	-0.165127
1228652142	-0.136112
1283908939	0.166951
747876121	0.295392
780383160	0.249265
531596035	-0.377920
1410590874	0.030556
16827173	-0.074080
1625304829	-0.184323
429268149	0.332931
110445334	-0.109021
22528309	-0.492608
132345883	-0.147399
233693291	0.344035
372506462	0.129376
18863927	0.330233
242873057	-0.165129
430235090	0.073546
36564017	0.392610
304115290	0.078072
1901018683	0.089869
1037321378	0.099496
278433367	-0.103756
302113333	-0.156109
1609169504	-0.126646
17997831	0.341510
1531521632	-0.265296
291551843	0.460807
14669951	-0.445444
368914608	0.234220
1375871708	0.064188
17340186	0.466372
432766911	-0.450492
68281948	0.265410
127963931	0.502141
18646108	0.313207
549438299	0.430678
16336478	0.399066
83195396	0.165914
467636108	0.164426
231898286	-0.269233
70590748	0.446596
441040701	0.293104
137084996	0.137613
912598626	-0.098483
230720547	-0.484112
41861272	-0.300927
416644656	0.242934
2317625354	-0.345910
28176898	0.028170
401989810	0.242869
581275783	0.470784
91935208	0.222130
18791763	0.066826
27688281	0.164819
1853114688	-0.448277
14246001	0.019972
1486445498	0.070909
977560500	0.067783
15715665	-0.064159
235279028	0.388250
805188312	0.256058
64507817	0.519152
277193651	-0.350788
21910246	0.127564
156763824	0.099645
1045110018	0.247942
614706394	-0.426880
36686040	0.154789
1917731	0.306149
280913598	0.482060
249787913	-0.036768
1242946140	0.165709
1526488393	-0.131426
28008943	-0.026204
2316393866	-0.005909
526750889	-0.410087
1849400233	-0.281591
125613253	0.078838
15380417	-0.338218
26051676	-0.371515
90250351	0.189951
931024693	0.037252
2245423891	0.323700
73791927	-0.304228
389357597	0.377618
514749390	-0.256251
1232484468	0.404781
935033864	-0.376442
27274887	-0.355634
952575223	-0.312484
414068004	0.242856
49057566	-0.177368
702460382	0.441031
243413616	-0.509155
121537837	0.047142
122174004	0.085818
265329329	-0.118809
237504609	-0.161064
858111194	-0.513154
246447524	-0.238659
20397563	-0.475923
260479308	0.439554
935987066	-0.293706
1051446626	-0.220171
1428792126	0.151421
15007149	0.453403
238264015	-0.334343
237862972	-0.339445
265993392	0.344830
15976697	0.313006
315992993	0.056968
127919146	-0.290946
403639485	-0.093422
17120599	0.366372
1105408002	0.339809
328679423	0.012310
130977700	-0.171192
70740010	0.115186
894512114	0.438016
78408666	-0.296274
2394285656	-0.120278
2292332720	-0.076404
21572351	-0.409291
1157543414	-0.021676
130600206	-0.359884
249219716	0.440113
346949527	-0.073043
337595668	0.392861
2155491151	-0.262557
51982954	-0.381179
15224867	0.074002
27675227	-0.108445
2236668625	-0.082460
108323434	0.239576
52052011	0.244375
2304223555	0.214905
538121732	-0.305242
50707364	0.089233
470654192	-0.124197
1092757885	-0.078647
93950784	-0.272783
1360075950	0.100561
19612749	-0.234784
1382011333	-0.197688
55440365	-0.297392
37497720	0.085673
117432541	0.085606
1613159058	0.106805
103949895	-0.034789
399112142	0.396790
22265452	0.268286
1120582274	-0.291650
1089334250	-0.320547
461301890	0.238552
198928268	0.123737
12298112	-0.365531
240135871	-0.079229
22507324	-0.210120
117792965	0.438260
381874511	0.126583
741061716	-0.010330
325040651	0.287737
294959299	-0.306116
457276155	0.292434
1237156340	-0.323624
21643972	0.338855
1362806395	-0.269785
136550204	0.208555
18579364	0.194531
1326498037	-0.364242
40510796	0.102064
598853747	0.324202
573916220	0.490196
3913931	0.120864
91346513	0.243331
2329092852	0.086528
2176134116	0.256467
1461162020	-0.095782
183212100	0.165235
15210284	0.170672
133022865	0.130265
171154131	-0.084188
18172905	0.105176
123150166	-0.013756
938657858	-0.411443
191496735	-0.207870
252249233	0.095390
137794015	0.097905
220551206	0.339019
65082057	-0.337166
1553746556	0.302383
749375898	-0.302196
889786374	-0.236806
624927613	-0.473348
158290255	0.366238
363540832	0.284615
24509586	-0.491652
447277172	0.065507
14398250	-0.323659
287545295	-0.078906
84119348	0.232135
236541422	0.089156
62387220	-0.456253
2316645626	-0.102787
18622869	0.360483
53725673	-0.038030
1422790478	0.032665
1112972713	0.400788
443265529	0.279127
335476450	-0.165923
1870463754	-0.001380
714409014	-0.090814
344516847	0.379599
271007688	0.455178
1387919042	-0.195385
627838899	-0.109968
33205490	0.438294
1328762540	-0.278848
284664892	0.111110
1265860620	0.393905
619541619	-0.086697
249327401	0.419054
1023872718	0.379279
138531540	-0.299799
22076537	-0.191073
49969221	0.193523
21346197	0.352522
1431454158	0.056549
24745957	0.231763
626001129	-0.475752
1345850192	-0.483949
243502423	0.086057
414543577	0.229206
59281449	-0.258419
270792742	0.331913
325830217	-0.128927
18496709	-0.064397
1035443946	0.154800
286799590	0.299057
1539064994	0.347482
624753464	-0.254598
291756142	-0.360743
35013862	0.115978
1849074780	0.275058
171598736	-0.406870
20209807	-0.389183
1431884516	-0.290794
15923226	-0.346775
1209417007	0.441862
2161486428	-0.220819
215346722	-0.151940
562618381	0.134933
125208664	-0.229021
625296182	-0.068485
36691808	0.155707
17680840	-0.009295
731524644	-0.505957
405785853	0.012646
18566912	-0.493672
1444416162	-0.427381
930009097	-0.044033
836709230	0.499596
432771620	-0.206444
50370046	-0.107685
287896740	0.496150
193076432	0.219976
216355557	0.122066
24448865	0.492764
378547255	0.155408
24195214	0.115099
41017380	0.289297
540241441	0.291613
39803436	-0.243674
271593651	0.536188
232127685	-0.060149
148348430	-0.490033
1413602821	0.453858
524724189	0.461507
249288197	-0.231974
63169388	-0.268058
19693903	0.312936
15769734	-0.285625
1884258127	0.335126
158397501	-0.495361
25382456	-0.007115
628559456	0.495263
620708331	0.059345
1872933859	-0.375899
23951197	-0.053615
2185601035	-0.126452
85342505	0.163772
403539769	-0.175703
321380757	0.073570
422076926	0.297749
20469722	0.122006
776698136	0.040247
1092750030	0.241402
50552213	0.473764
19201438	0.339713
157305077	0.154001
213207055	0.500715
130274805	0.242883
348522887	-0.300283
2309440500	0.243090
143489158	-0.487626
783749288	0.195725
559073634	-0.123529
562640547	0.498750
608902626	0.320296
49194495	0.107299
20880535	-0.473981
1210072844	0.295291
54606494	0.039676
81021861	-0.137844
18277655	-0.391054
33537967	0.398202
48354257	-0.253936
107620932	-0.243033
14540659	0.309379
1636639214	-0.069272
365239637	-0.324949
15941955	-0.256080
1342502834	-0.015198
569212271	-0.467378
971412384	0.259047
295685416	0.100141
1963246038	0.172452
250736913	-0.399038
1310708510	-0.409018
50634125	-0.344497
1539300170	0.113915
1109679128	0.431846
253654580	-0.021844
19563355	-0.238578
15458694	-0.424997
230100284	0.070024
10615232	0.380248
1045853744	0.041984
233949261	0.219651
593718490	0.186353
1186810890	0.397135
1186874899	-0.206557
288886063	0.172259
247517295	-0.364395
30437038	0.103684
63796828	-0.433840
915781920	0.142687
18915145	0.209661
76348185	0.184332
1915018465	-0.022594
22698090	-0.064535
20608910	0.478740
87714473	0.102308
1237704769	-0.430627
467823431	0.212135
249410485	0.384586
108052596	0.503294
1316483802	-0.331738
23365717	-0.222076
477583514	0.362671
200870788	-0.381175
33655490	0.377756
14511951	0.329758
933487722	-0.193429
430343685	0.165646
24477294	0.004980
234812598	0.235384
94103877	0.357312
180197930	-0.119515
54207182	-0.086726
318711662	0.327610
1347830329	0.044965
22812434	-0.410111
14110710	0.152798
15918353	0.333198
15554922	0.091614
254174408	0.334249
53420694	-0.192043
1979395855	0.482405
462285708	0.028200
295805574	0.439970
1072467470	-0.426847
20621911	-0.175579
759316808	0.063593
1325640288	0.158869
109071031	0.427565
2175130770	0.506140
4389861	-0.223362
231510077	-0.091824
15764644	0.450676
15212187	-0.154614
127074099	0.381464
43963249	0.146465
27311044	0.409948
1183912596	0.492422
1225410018	0.217633
2192362761	0.114997
589869443	0.095886
240376522	0.380084
424522799	0.317722
351133674	-0.318611
1692578893	0.305566
18217624	0.360253
250462634	-0.109850
134302187	-0.342254
303920466	-0.350218
1346817602	0.287446
1686565519	-0.133399
61313751	-0.077909
743167003	0.460835
39787282	0.374137
118941676	0.537418
26305670	-0.267197
418269619	-0.373221
1070943116	-0.292433
209151429	-0.269434
26820795	0.475114
806186582	0.341368
442610682	-0.077238
15584433	0.173405
703759688	0.063469
631648466	-0.500299
127908221	0.268958
1551310284	0.297837
2294530717	0.064600
1176615978	-0.118403
1465964245	-0.120664
192041694	0.417150
74960018	0.371183
584583739	0.046161
2188340009	-0.041413
32537213	0.050873
121656624	-0.414932
586730005	0.089010
1007065914	-0.378961
417664241	-0.101774
16557756	0.132071
788006827	0.311721
46499643	-0.008642
80612021	0.263482
2362779882	-0.482327
14345062	0.150891
146263776	-0.234994
334127852	-0.102043
515898679	0.279644
66209943	-0.454933
1673504017	0.147028
224766531	-0.234834
2242638817	0.254422
210926192	0.486668
1031118500	0.112006
1602268826	-0.282700
399502932	-0.373269
242761889	-0.225037
355881289	0.142654
48425512	0.232486
27242307	-0.075084
18137749	0.206702
21111098	0.475260
724658815	0.354120
70587562	0.028368
112740986	-0.096716
594582597	0.376168
1155212191	0.335211
67776968	-0.460836
50128726	-0.124891
29898014	0.272380
28382250	-0.426297
39424870	0.147848
1187949900	0.096434
2340869731	-0.129067
53503202	0.470152
16930125	0.183615
242892689	0.379598
1430814439	-0.013883
118540429	0.222261
2294105892	0.321751
417393341	0.161107
16739711	-0.456590
312435184	-0.366576
56864092	0.457653
221793778	-0.032163
17750784	0.059737
427742683	-0.444308
1190825605	-0.302361
26596727	-0.359093
569666511	-0.449704
1480218668	-0.198051
26424123	0.471212
29751942	0.146820
497535334	-0.049229
20597460	0.162257
11651202	-0.225496
56440142	-0.402090
492480327	0.305439
935398104	-0.364982
323166438	-0.359421
16474026	-0.237472
174369590	0.455470
68888437	-0.172872
7350652	-0.155919
133832049	0.120350
131149247	-0.036338
346045240	-0.272327
1655093820	0.293683
1080732656	0.346488
119527861	0.351607
1611680690	-0.102015
1620243926	0.060180
237750442	-0.276435
38516217	0.049499
1705042116	0.310901
422964271	-0.406531
2364631970	0.189547
1925431584	0.259064
50731463	-0.401958
191688736	-0.473147
235190657	0.273192
204881923	-0.236687
32265225	0.156508
78569026	0.089417
397382646	-0.273252
407053599	-0.350020
268007771	0.025609
2467791	-0.324221
22508473	-0.011032
2435410690	-0.270631
1301606089	0.280108
218267731	0.196513
18632666	0.342705
22387804	0.202818
6577802	-0.088212
2288502470	-0.014837
1122064316	-0.122870
14925704	-0.124968
156029105	0.324707
20113797	-0.390002
79022250	0.117240
17033503	0.487602
484134207	0.079446
29793493	-0.161721
2161537962	-0.019741
718468320	-0.230301
67738195	-0.492863
44215945	-0.101845
221496713	0.262132
788081918	-0.350375
860733170	-0.315760
23387115	-0.332509
22812754	-0.469407
98929990	0.019340
297940478	-0.233129
264221149	0.296465
18056015	0.268676
62770351	-0.325846
628760912	0.276031
587783109	0.451610
58379000	-0.093714
121841737	0.029344
39279393	0.182348
92071963	-0.469859
127870840	-0.193091
22012091	-0.418781
272019676	0.543390
346885718	0.138017
148086041	-0.194566
787373558	-0.139801
520245212	0.363543
497546508	0.433707
557806506	-0.403482
186430550	0.189566
41377639	-0.526560
49045755	-0.086459
798420806	-0.032250
1006482620	-0.423608
154139987	-0.404565
1915752144	0.169918
1308601632	-0.396514
1326751968	-0.349220
242618658	-0.479548
24045931	-0.030852
297532865	-0.101244
24670782	-0.275966
59888738	-0.162773
71358042	0.209674
46724483	0.431480
1468560242	-0.133937
1267462094	0.331509
277750492	0.229545
542842941	-0.008905
176135285	-0.182651
36394602	0.147579
76350004	0.164666
50150341	-0.058562
233346654	-0.296421
109287731	-0.532738
1686107834	-0.324905
1093441423	-0.292619
6092972	-0.352212
250719718	0.122059
58492046	0.343637
308721230	0.440684
29766367	-0.502711
759251	-0.399431
393821580	-0.391900
77839894	0.321255
1716914930	0.221990
10102032	0.053354
82649553	-0.097679
1653370998	-0.393008
1362944844	0.140047
61906286	-0.418204
1932803906	-0.461423
221447516	-0.409961
1905156690	0.319649
830918346	-0.126093
12788332	0.095534
33622411	0.085672
62354707	-0.294459
1621009105	-0.310009
104727439	-0.298806
24913074	-0.119585
106591004	0.204825
18221712	-0.438090
5357812	-0.188437
103335794	-0.005777
905020056	0.411499
15603311	0.314062
15762842	-0.314813
15555056	0.462018
115979444	-0.319265
2361890355	-0.266443
575344793	0.274154
157382927	0.101069
16062766	-0.291307
218779638	0.279025
2302483196	0.295151
1655816936	-0.021343
454947269	0.198041
470366309	-0.412069
16130949	0.245403
2409239300	-0.247059
270370405	0.355206
29293808	0.373662
244268646	-0.244900
16742053	0.469112
942156122	0.297269
703561088	-0.046119
382534366	-0.018686
17065503	-0.488146
1296038210	0.409618
359596838	0.119319
227088228	0.185552
813286	0.197671
137571771	0.464790
1234286196	-0.302453
14849664	0.290447
140959145	-0.155313
148453195	-0.336978
301090775	-0.363886
14800483	0.055185
792608948	0.114018
950783972	-0.122998
220241174	0.417811
381413722	-0.342679
119250381	-0.209428
24299006	0.176649
389840566	0.149833
36777778	0.299307
88806753	0.355598
415780303	-0.079456
143779492	0.128344
614542142	-0.122121
333504114	0.480980
29848453	0.146309
65919935	0.082507
44682276	0.258006
593813785	0.034123
582931822	0.359942
31801993	-0.412893
94366606	-0.108815
162784542	0.294289
330816212	-0.115735
448923637	0.285711
1096507650	0.380885
15428227	0.376000
411997494	0.256256
2252899873	-0.489556
14293310	-0.426838
40402146	-0.172529
18811140	0.364449
1365917090	-0.442409
273098660	0.475067
88976164	-0.073952
23970171	-0.225144
1347674623	0.375849
223523798	0.321751
15014405	-0.384202
1347436638	-0.398594
2836421	0.385686
15964588	-0.052352
38254095	0.254904
37094727	-0.406960
64161351	-0.085049
372345957	0.373824
14672279	0.306511
16030518	-0.299617
91137301	-0.110222
240663096	-0.061181
247334603	-0.462817
20957491	0.207437
26841582	-0.144411
28238988	-0.372513
30673492	0.239479
35518656	-0.245097
322737879	0.096775
1965801554	0.461316
47614124	-0.152013
71281860	-0.389401
721052064	-0.332788
1949611364	-0.232758
18008330	-0.018100
148006729	0.306334
1301328822	-0.451651
1183811947	0.253490
17906632	0.421762
155680896	-0.493247
26111775	-0.379074
349219528	0.440489
86364947	0.505792
2181453624	-0.142139
26316100	-0.206910
1556756886	-0.273730
20002401	-0.041888
19269183	0.280729
321119379	0.372335
1300124792	-0.321334
563844379	-0.106953
751806494	-0.219486
33027306	-0.194294
23117388	-0.025080
819528355	-0.122072
267217520	-0.482430
886986138	0.285759
497551327	-0.002741
59568948	0.467587
1716366295	0.432536
1905833168	-0.437584
448169106	0.297136
148333607	0.024610
289374103	-0.112981
360191435	-0.397111
450786176	0.188299
23617145	-0.232152
317193393	0.344186
144189766	0.427370
279964598	-0.344519
1120931132	0.059180
1137600571	-0.244884
33060832	0.465459
18480494	-0.491695
292990703	-0.013528
1117009244	-0.009684
33576489	-0.077402
17848544	0.022617
463918261	0.148405
990635636	-0.149569
18213420	0.134562
214179002	-0.454966
195070336	-0.125107
885789362	-0.504504
22831059	-0.341936
22081190	-0.129874
153486399	-0.399721
236480864	0.327629
37202770	-0.218824
374161639	-0.363933
1242109014	0.452904
211530910	-0.144368
1606703838	-0.152614
348857253	0.131839
167856299	0.061587
502440556	-0.292717
14529929	0.504216
631876809	0.181104
1902537799	0.184024
700126891	0.200815
20444702	0.281965
32789881	-0.271396
67906573	-0.276145
1032703770	-0.134572
7334402	-0.106381
19245431	-0.414499
110924703	-0.397375
198523967	0.249473
1058345042	-0.295197
2296636404	0.243184
15471838	-0.056496
1702539968	0.051409
20376424	0.133232
21509894	0.327884
1388590928	-0.036276
429181880	0.491027
1073212812	0.263565
283657826	0.328570
460656473	0.016040
1277984012	0.512104
165533941	0.004321
42638402	0.100751
337752039	-0.145364
1393599296	-0.128732
114607567	0.114236
1144145946	-0.082453
377702207	0.281933
237814920	0.191446
851621377	0.223251
1487887076	0.305846
1852819452	-0.098984
109280446	-0.460036
1665719612	-0.274893
537156670	0.112135
411526571	0.362503
488127904	-0.334668
34270503	0.146999
95602718	0.104307
191208249	-0.326448
21351432	0.156815
592019654	-0.151116
385429543	-0.111746
234937222	-0.159920
26194384	0.401000
47975734	-0.456342
1023320856	0.040341
211901075	-0.091477
271552521	-0.306337
1222283971	0.085290
2321129046	0.297045
1722842137	-0.016858
1540496365	0.082055
10025982	-0.150052
17530189	-0.193200
123667924	-0.173681
1962564906	-0.132398
110893482	-0.277647
93575832	-0.141206
40750718	-0.306433
960962340	-0.444027
222195455	0.480095
16056306	0.263458
1074129612	0.065790
60801758	-0.375323
21426423	0.171323
319529691	0.338376
161411080	0.083642
161791703	-0.395013
939621458	-0.359795
16703058	0.266400
301081520	0.380161
32010840	0.251630
834525002	0.429705
26809683	-0.410743
202206694	-0.147056
520778762	0.269527
8775672	0.286326
317608866	-0.288699
24184717	-0.510489
1356531588	-0.182614
713463571	-0.324810
176260948	0.103033
278005891	0.102440
36737855	0.195360
35758513	0.108580
17896154	-0.152761
217550862	-0.272048
1110920106	0.150699
1931992778	0.141517
1128781184	-0.088769
29865139	-0.487688
977369880	0.459998
62330632	-0.065804
34340464	-0.464775
1033532365	0.313608
830430216	-0.445333
155642785	0.363761
1154667132	-0.328875
1080602371	-0.267041
360605502	0.238741
63787812	0.418868
30027177	-0.482336
2369234174	-0.159798
5741722	0.177137
551698752	-0.166548
545501375	0.372573
1596947036	0.356229
1449407450	-0.129864
326551457	0.407933
95509057	0.360717
423688722	-0.392787
328258374	-0.258848
705661256	0.328915
496786334	-0.327574
1879871294	0.285532
2374720591	0.078546
1954751917	0.264016
550401754	-0.058040
370076582	-0.067240
18820392	0.394231
16298388	0.197548
348861268	0.403456
1623282788	0.440913
14124614	0.123201
36588739	-0.322104
88784440	0.259832
16804072	0.430090
2356356972	0.067077
1258312562	0.182334
43216755	0.340857
703640660	0.320488
896620178	-0.305463
122473388	0.290428
234906311	-0.382869
16018516	0.147903
586045941	0.147568
1115633996	-0.426456
485139684	0.210693
1352594924	0.299150
1621076712	0.157067
175102610	0.277471
63749707	0.149481
20733972	0.296327
17291452	-0.050798
20906882	-0.386660
615181714	0.291586
78966155	-0.330695
1430524482	-0.439264
21669223	-0.068279
8870632	0.356233
14730894	0.110145
1959864463	-0.234354
21321475	0.332670
272520742	-0.384924
19918558	0.284143
1959387662	-0.314918
14216438	-0.373909
492378372	0.007752
1154894353	0.424603
1463550048	-0.353136
24305421	-0.305138
26265640	0.213488
382441782	-0.064420
856549532	0.011343
235271965	-0.360704
314335929	-0.374091
59969802	-0.201917
74058012	-0.451681
347877928	0.074321
30500021	-0.491983
716563918	0.491267
2255274860	0.424828
411766612	-0.486456
39793438	-0.435684
41634520	0.302076
51228911	0.085093
247496974	-0.478367
234374703	0.182599
2168350939	-0.288174
455037005	0.218125
267781214	-0.256221
26324609	0.453680
17487795	-0.234508
339852137	0.204645
230761725	-0.028376
14616459	0.488546
1556371026	-0.172360
199325935	0.150759
234927299	-0.185240
109025212	-0.349040
225326840	0.513869
1363394484	0.484352
75367781	-0.141029
343171266	0.017005
15600527	-0.308270
89526574	0.439281
523397097	0.501353
1092979962	-0.413433
63804234	-0.054799
206716135	-0.305102
260841091	-0.198741
47470008	-0.170258
68198447	0.034910
2377726519	-0.469097
1221321108	-0.064493
205420257	0.480392
1243902714	0.407915
1049460835	0.173352
49782398	0.356731
1246599554	0.008086
113420831	0.101694
62907908	0.356128
72874723	-0.128848
236899846	0.069963
1891157910	-0.228759
505932430	0.470018
85778445	0.380070
270067927	-0.028224
331268118	-0.197143
1201520622	0.438152
538416721	-0.409064
359950567	0.461379
6794502	-0.287658
1263944875	0.446509
58287227	-0.328645
338553588	0.432418
213182436	0.380093
46176168	-0.507444
142721190	0.148130
943501040	0.061351
71070614	-0.514678
18317325	0.330104
1065995022	0.267800
21941446	-0.254230
87055347	0.399723
259950795	-0.109808
506091865	-0.090393
1581759588	0.193514
547839797	-0.180685
1697235505	0.379487
932421955	0.529959
46016028	-0.277952
25768647	-0.192716
17074440	-0.065378
1143929599	0.194088
2254857197	-0.129839
631543401	-0.128042
959687432	-0.019742
97368029	0.277779
32774989	-0.434352
415981838	0.367773
180287231	0.208995
472541504	0.332153
1482327366	-0.384983
454953162	0.276896
20552026	0.364916
180895768	-0.264831
14275291	-0.465423
2324036732	-0.356500
346030501	0.434519
14135426	-0.251767
191005134	-0.339817
14389132	0.095203
16472624	-0.008359
286363562	-0.374915
163586067	-0.133843
390292636	-0.393542
991821667	0.154867
20449956	0.191642
1693751167	0.434485
1658254478	0.199139
268496469	-0.459872
1497383952	-0.384179
1313165581	0.431592
1532014123	-0.458467
139574248	0.225918
99157266	0.467345
83200882	0.363233
2317860566	0.179782
216481299	0.153414
805777398	-0.229591
361365479	-0.187033
97171189	0.508519
807095	-0.258055
391413865	-0.510300
89820928	0.260240
246499208	0.015900
85606078	-0.393972
435877117	-0.444761
16385104	-0.259258
24135119	0.163030
276763538	-0.162362
207731256	-0.142229
190699396	0.395169
1870898497	-0.496573
1104083418	0.017428
52992670	-0.184546
27676828	0.421217
310912778	0.137557
47056405	0.480693
352643501	0.154615
252115520	-0.352660
47402168	-0.289689
404542591	0.350672
594870776	-0.045694
240327228	-0.340016
263975503	-0.396944
1068990122	-0.058086
261263905	-0.441783
1357427004	-0.336191
19253918	-0.296785
586032653	-0.069875
451967996	-0.048566
18793575	0.362631
23712174	-0.111208
252819642	-0.344246
195019882	-0.227536
18244206	0.392608
8953122	-0.296806
33655512	-0.086202
19926675	-0.464859
287861586	0.372459
323239103	-0.345828
17439675	-0.421629
18967498	0.427383
29598035	-0.498915
796737758	-0.303153
180396181	-0.104912
305389392	-0.251562
85353299	0.263508
1423715941	0.343099
17282256	-0.196139
1322558402	0.429940
430830756	0.216042
1733849666	-0.236751
449959102	0.054452
733751245	0.372362
1558893368	-0.187880
56653367	0.030810
39191258	-0.217141
498961346	0.452961
300515560	0.331013
539866149	-0.502379
225988631	-0.204444
78431501	-0.061035
76392970	-0.395732
248791332	-0.221270
1117640744	0.122790
118152495	0.459583
15751083	0.446852
22262553	-0.371796
1905298878	-0.187315
1443203875	0.449501
39308549	0.083390
196147086	-0.353724
47891535	-0.379684
15029174	-0.153651
273795671	-0.485273
237944147	0.035440
1738425180	0.389253
758067224	-0.150050
424263083	-0.196928
456911539	-0.347176
64022803	0.437557
262424195	0.174322
1699808366	-0.241804
360427514	0.097764
169472184	0.451466
293254420	-0.115877
613725908	0.206703
485264526	0.484450
778724700	-0.507767
427024774	0.396638
1068626984	0.026465
148565166	0.060591
29896465	0.235076
15281676	-0.000652
20713061	0.456992
193732179	-0.223731
1043702834	0.199984
398232779	-0.158219
1516830966	0.329699
864768235	0.266342
2417754469	-0.124900
356390382	-0.041952
712959254	0.058836
180846791	-0.106967
158495061	0.435230
64660952	0.094774
221792092	-0.291035
75785294	0.091316
242068532	-0.305813
619479855	0.513101
48117116	0.203089
443681123	0.286873
380371286	0.216146
30930019	-0.065690
195955478	-0.367866
2192766368	0.012522
30043495	0.046929
126644609	0.360055
76651617	0.400408
386455581	-0.068193
49316020	-0.057965
236916916	0.032646
5558312	-0.173225
80473367	0.476901
44117460	0.524978
330001961	0.166795
373311804	-0.274356
1849261916	0.254277
180100015	-0.250732
234822928	0.508775
269931179	-0.373398
8128442	0.252080
292935209	-0.238477
572317065	0.091524
19553409	0.308545
242555999	0.420825
996565820	-0.188913
886042746	0.030266
98242752	-0.179029
28859894	-0.364013
16086967	-0.311160
1578519660	-0.497989
283265252	0.113701
350930593	-0.040554
1002313952	0.468600
2265167642	-0.025601
1076928920	-0.004013
1944510751	-0.127055
22417674	0.371991
49697450	0.355786
31350534	0.195561
1694503231	-0.337068
1571660059	-0.311361
161344057	-0.004181
1189735556	-0.423250
809050796	0.444241
22819917	-0.148483
1602752804	-0.454235
14809189	-0.009730
578069877	-0.278554
311165745	0.345275
155669457	0.078357
1643415560	-0.041404
249339682	-0.405336
416686487	-0.450385
22097192	0.368795
1927804778	0.216123
1077121945	0.303296
33345380	-0.490067
287269659	-0.317929
1955581326	-0.276429
1860099558	-0.262795
137381495	-0.465925
1408518626	-0.206209
317407076	0.293504
1117953943	-0.353684
19726613	0.190269
1935184730	-0.209475
201877444	-0.207000
7713202	-0.153038
57977498	0.075763
87318108	0.178513
9624742	0.093825
19891260	0.361365
254775647	-0.066677
15116570	0.368778
1925654095	0.259784
17643209	0.115233
14344823	0.349301
308664726	0.505161
558769636	-0.050484
40024874	0.160421
198963912	0.030629
189910408	0.444928
50839205	-0.409260
560117034	-0.247799
2363258587	0.241350
19739126	0.323444
338883349	-0.424249
48086014	0.379770
2282872260	-0.103068
33665393	-0.227313
205886080	-0.288303
135931182	-0.380138
800162478	0.263487
373011304	0.488164
7270292	0.173804
17976923	-0.231789
104797238	0.027021
2337254448	0.448446
97150206	-0.069575
5561412	0.139827
42760147	0.037504
191923358	-0.230772
581141508	-0.086683
223166587	0.285471
193614775	-0.123392
28599820	-0.206900
1001025787	0.462672
972323274	0.483272
9855382	-0.005776
472632386	-0.400159
2230533374	-0.426500
2704951	-0.473146
1611064304	-0.345181
342601720	0.239556
224320485	0.491493
121620626	0.144029
364564017	-0.119802
1469735982	-0.377551
17768436	0.025483
19543987	0.251439
1374923180	0.275860
234024969	0.213047
16031927	0.100331
755802794	-0.405432
29501253	0.494438
1403429444	-0.510500
1071768498	0.391303
313344689	0.292430
2288373518	0.434827
250188760	0.245363
891678516	0.473981
1920276091	-0.418216
16100318	0.496372
49453870	-0.335593
10168082	0.102698
453698931	-0.243785
54598826	0.033155
165511812	-0.419601
1599284149	-0.162079
237299871	0.131118
556000874	-0.250904
156975310	0.289600
96662959	0.089847
15297551	-0.097467
17513304	0.192725
364415553	0.293387
305145458	-0.043437
2366260580	-0.327287
394272456	-0.458798
237129990	-0.344532
1020058453	-0.518365
317630465	0.361900
39793961	-0.523291
377237995	-0.135547
133429379	0.234417
64651898	-0.474885
776664410	-0.428424
235660311	0.319014
63753027	-0.116468
1977097572	-0.454495
35829796	-0.346159
520950046	-0.298019
1521740594	-0.186027
1061486761	-0.021076
425565585	-0.269721
32135704	-0.174580
111635980	-0.361369
334320138	0.218505
1262814457	-0.055291
137068935	0.351708
237926856	-0.453209
48075643	-0.380670
919804596	-0.220384
244985138	0.284830
77418275	0.083238
230981077	-0.417563
109274506	-0.421371
14634720	0.275609
193872188	0.518374
43955137	0.427187
1878559962	0.184318
2241120434	-0.181025
209833543	0.171867
1434486529	-0.216383
254277011	-0.465454
201453157	-0.240702
217137252	-0.469013
31611298	0.332674
1517363570	0.235686
51241574	-0.316223
162069635	-0.243178
356291170	0.432390
474232856	-0.013702
1931698346	-0.192119
245378929	-0.331367
159524468	-0.008904
15675138	0.331224
1602221707	-0.336171
27088314	0.176035
2256726992	0.237241
248852820	-0.105162
108671959	0.230058
136471166	-0.377068
21220931	0.331512
233238234	-0.042080
557671006	-0.003842
1060860422	-0.208606
2178681566	-0.455007
1535579558	0.452675
22731105	0.408839
260760840	-0.457850
72405094	0.177906
18161620	-0.497205
338811841	0.455213
1385690448	0.217090
1898897300	-0.310051
621293247	-0.374162
128235400	-0.428473
217912727	-0.117516
531481241	-0.473663
1399903849	0.343330
114887629	-0.205819
5392522	-0.186904
269908647	0.465023
339814337	-0.028557
326208966	0.173403
2162136865	-0.012934
80403646	0.370418
131036750	0.351079
53643803	-0.159152
30216513	0.276428
860154126	0.194540
19512725	0.170469
405034710	-0.351603
16517357	-0.290980
85916265	-0.497004
1337252017	0.300461
397430607	-0.043532
15727317	-0.293532
15159913	-0.524933
275098108	0.255279
38500956	0.206346
122770149	-0.134664
600991865	-0.284461
5496932	-0.325075
49649077	0.299369
1627252382	-0.264232
260396714	-0.231792
37461389	0.461062
1279783315	0.026586
19808819	0.509510
1305465990	-0.333569
474451843	0.389884
220580561	-0.072967
16102244	-0.410203
71328021	0.042217
122146840	-0.038565
1827782569	0.122527
15954997	-0.159349
754277773	0.315332
1920537577	-0.014158
21419440	-0.416354
381666107	-0.106097
25915690	-0.118703
17301179	0.362743
19286569	-0.229332
1060487274	-0.484296
582475251	-0.453653
14984637	-0.367595
19257799	-0.237954
138770045	0.006911
407744769	-0.234848
57860368	0.144600
16129920	-0.458692
23121519	-0.403871
24392175	-0.514667
15417358	-0.090405
240363117	0.161429
1140648348	-0.147314
167699332	-0.498241
1911335244	0.171232
1719880621	0.463694
74164455	0.232522
151200240	0.070518
22946355	-0.052019
833990756	0.402734
3108351	-0.068649
234469322	-0.470105
1693373094	-0.504318
351109901	-0.324142
247420668	-0.081093
538646538	-0.308744
16583468	0.214119
14763834	-0.035679
382791093	-0.268873
322794665	0.152799
271985168	-0.236074
21636248	-0.283208
555593757	-0.444586
61250271	-0.446855
207317790	0.305321
575766234	0.007248
1002244244	-0.481981
84984380	-0.309503
1550794628	0.456748
958081542	-0.082840
95978223	0.407015
1305596696	0.075291
15922214	-0.172823
15522251	-0.269638
978690895	-0.119830
62090497	-0.461828
791002021	0.191402
2196576859	-0.160540
34122899	0.513945
200400227	-0.200090
23789790	0.403580
121990777	0.324998
1469446608	-0.253628
2178860358	0.204928
470126084	0.042366
615953866	0.168544
15745368	0.469731
42734224	-0.419110
1503451620	0.430492
193794406	-0.483061
538185166	0.071521
324171587	0.002414
1463325120	0.366888
15918708	-0.141501
188194323	0.376495
135653370	0.311630
34402366	-0.059051
24463788	-0.037646
2284159548	-0.196760
34932854	-0.471581
48587305	0.091661
302382660	0.305308
199286398	0.098427
1462723416	-0.242658
359032147	-0.473084
400792588	0.443396
572061403	0.441406
247066289	0.306778
930234066	0.001121
34966987	-0.428514
2330410284	0.376969
38067927	-0.231407
158398519	-0.290894
325804079	-0.492668
18873711	0.325983
78403308	0.453123
568151409	-0.147738
2311117897	0.345419
110545675	-0.122617
24795163	-0.217846
454060961	-0.468019
357253772	0.215225
19028248	0.221525
74895491	0.429611
801084110	-0.230241
16187637	0.425413
1365881617	-0.402347
628018533	0.286545
98017737	0.212820
845711293	0.370820
593840334	0.363904
1380763326	-0.089182
193978839	-0.267843
115166212	0.051239
1009269193	-0.121939
2253990607	0.256616
105823136	-0.465618
287225290	0.350827
137407124	-0.382893
426694458	0.214906
245905555	0.022320
1545715382	0.429761
20078009	0.281971
18060177	-0.272808
28969421	-0.156835
145292853	0.223126
92055121	0.479004
46263050	0.141177
1736053987	0.193810
2238098360	-0.490268
11379362	0.139614
240760644	-0.421010
301416337	-0.006913
965142457	-0.108317
1374780043	0.026285
24260994	0.484215
265529710	0.356058
448077090	0.522739
1157424444	-0.503762
218206502	0.261373
25162697	-0.014064
1350864440	0.198138
204905640	-0.440619
71036272	0.197080
19658173	0.381792
15008539	0.389860
124335509	0.327816
66774077	0.310290
770554297	-0.016019
1671690367	0.126539
36654245	0.316504
2250858631	0.000788
15985455	0.034177
1396846357	0.136173
385188446	0.404337
1055730738	0.382544
716984711	0.213632
38039087	-0.356954
248252582	0.254259
163570705	-0.132644
191728014	-0.230415
299802435	-0.505010
468601121	-0.049934
740417436	-0.284629
15856366	-0.128179
1665514478	0.499571
11650762	0.477777
270017791	-0.152658
31128529	0.373155
27385174	0.146414
393585626	0.298426
296361085	-0.088550
293131808	0.155790
976579933	0.109385
228784853	0.483122
332040130	-0.306734
309267226	0.037601
41750998	-0.494210
68917738	-0.388038
1874140452	-0.226123
159609651	0.513333
458393298	0.020395
403353373	0.307496
249674727	-0.294768
2286252732	-0.064200
1080844782	-0.300548
1372288434	0.173199
255876732	-0.123941
49541291	0.489866
784971582	-0.026613
22527499	-0.405411
21693764	-0.139320
16473577	0.343204
159977219	-0.004362
140519774	-0.352355
27633572	0.331018
31122582	-0.307275
32506723	0.020968
1655680988	0.303517
2245220154	-0.425622
15075753	-0.412417
588237779	-0.351036
1468203217	0.281832
188019606	-0.263555
242836537	0.005031
193632778	0.017547
19865528	0.316700
351149827	-0.125087
18166778	0.370905
303861808	-0.448778
343830557	-0.434104
17353658	0.188126
1541893820	0.077656
195271137	0.060169
362597648	-0.431743
249219490	0.293460
26122639	-0.168971
46557945	0.263155
398269985	0.026871
48263046	-0.354251
1128514404	-0.389695
1262936000	-0.496381
537063930	0.385035
305620929	-0.255840
15012486	-0.019885
156300451	0.067038
305216911	0.162567
757372008	0.325303
32393576	-0.267327
1711193490	-0.285995
19151741	0.526346
16814879	0.439942
27705441	0.223615
385288144	-0.304787
235251868	-0.347090
431990191	0.452247
236118432	-0.038435
91032815	0.332128
2367536538	0.112311
452004245	0.360979
135297032	-0.204415
166536928	0.387297
1476337592	-0.396621
32379396	0.476316
589425352	-0.033309
633855519	-0.241590
17800215	0.311242
235312723	-0.392401
123934875	0.410189
983813816	-0.213369
359133002	-0.206057
246769138	-0.293011
602997805	-0.343680
30619527	-0.003077
2203931420	0.181668
126980084	-0.467275
222721984	-0.181369
167507135	-0.329904
459446627	-0.093961
284744912	0.414435
59771400	0.401462
1096059529	-0.454990
1385871187	0.418269
1022263688	0.034513
271958454	0.079183
1540360435	0.187120
765038167	-0.007989
16803651	-0.426905
18029328	0.470709
2361531690	0.414745
60984835	0.151979
112236901	0.348438
404226735	-0.317922
1911879768	0.388257
50452197	-0.426571
55896443	-0.485362
159292313	0.050704
1883356866	0.390022
314761332	0.418969
26607712	0.268682
21786287	-0.249306
15356407	0.316461
2739461	-0.111563
161743731	0.322290
270182385	0.385267
349379430	0.123626
57751453	0.233663
1265207760	-0.177231
27886115	0.098881
16441318	0.430868
96800896	0.203754
23976316	-0.337227
21762137	-0.443999
350927143	0.193432
539485640	-0.404989
407323365	0.411375
275725571	-0.506455
77308668	-0.104114
30095477	-0.435425
330650569	0.415485
108083058	-0.167301
1644805254	-0.027970
7356562	-0.448297
2305315345	0.389391
360804642	0.011066
919927722	-0.488933
15207668	0.125325
1214475872	-0.391353
44478497	-0.282948
16099657	-0.032824
857748156	-0.286136
1678290240	-0.369978
76381104	0.159148
407039290	0.339385
344109654	-0.267770
15035209	0.237139
254805061	-0.010855
9300262	-0.131416
242426145	-0.001456
1902563203	0.422571
1909542326	-0.028555
185684821	0.408266
21157904	0.441267
253100055	0.130232
396794501	-0.516075
30050899	-0.110604
47736933	0.352167
209792690	0.410474
11134252	0.397611
480056408	0.277291
14125897	0.412473
1075843532	-0.161565
174847410	0.061401
1173237842	0.258996
610415617	0.264414
30823752	-0.514648
14597351	0.268063
316819997	0.345001
32007346	0.346321
356881780	-0.386884
323511585	0.170410
43108099	-0.040340
49675523	-0.385180
299883942	-0.490609
1214026033	-0.390216
293459696	0.115471
793992	-0.187860
2236741645	-0.062896
16469463	-0.062910
1462357878	-0.452892
1852444146	0.489550
288295387	-0.147088
63502107	0.452150
323863880	-0.317681
93723445	0.417835
85418520	0.177174
405134921	0.110204
2301967142	0.006135
148041415	0.448317
284296658	0.433224
1898624934	-0.464193
1444380402	-0.296089
554109268	-0.057429
2297176518	0.444340
1071900114	-0.044127
254189414	-0.297578
469674025	0.413075
1422126799	0.391472
327798242	-0.396576
80958505	-0.360162
393603441	0.484400
181101417	0.086940
52989817	-0.191927
818586175	0.261338
2277763242	-0.438081
31120881	0.049326
1025653922	0.467673
54686639	-0.219160
185049728	-0.444777
530864692	0.473320
44195577	-0.230946
281162551	-0.388301
954172328	-0.245868
34850480	0.481374
17750110	-0.215182
38036372	0.114710
48115928	0.151099
514929629	0.151369
251656840	0.304887
14173315	0.436401
1884324084	0.353162
281540744	-0.456344
18891923	0.186670
257658885	-0.310889
1246366651	-0.423997
330938673	0.053952
1059240924	-0.305053
194536303	0.251202
1339931490	0.272815
518644221	0.087907
431266828	-0.413358
432092458	0.311315
234022257	0.329604
47747074	-0.075140
73925960	-0.010269
450108691	-0.165017
278124059	-0.056831
473199911	-0.028361
196619213	-0.275334
227036687	-0.332544
1630446259	0.388021
16669075	-0.043718
75843152	-0.089428
1510065122	-0.533148
392998644	0.069594
78130610	-0.156783
2203399435	-0.363985
1906353372	-0.073223
56763589	0.428751
116534252	-0.416185
15324851	-0.238733
209598477	-0.071357
244526889	0.468474
1488969002	0.355978
232992031	-0.218196
15394954	0.246089
18805303	0.401210
224285242	-0.295607
883557414	-0.221153
43050282	-0.307741
18548136	-0.091701
267938462	0.221148
585206397	0.376579
291676686	0.192425
1939381628	0.388046
309605202	-0.196371
77017567	0.105119
779118265	0.425048
751212379	0.175042
245136682	-0.216731
115488968	0.410575
2253968388	0.493044
1075666608	-0.392182
555473643	-0.296507
51267980	0.261594
176646411	0.159429
728565668	0.475761
487067075	0.474183
16054728	0.149493
1055362014	0.399467
47412499	0.105751
337122716	-0.445536
870670477	-0.302030
1572830660	0.490810
391814356	0.497319
13218102	-0.013154
1418013151	0.509090
71294756	-0.374231
5660532	-0.449881
398165004	0.162083
516642662	0.049440
14587949	-0.054697
17992453	0.164115
485842327	-0.179722
2234105580	-0.062087
19929362	-0.266520
151589736	-0.363174
45151382	0.034199
381152398	0.152912
21950364	0.480587
326043489	0.152231
233724961	0.409359
462033343	-0.512030
186506052	-0.337561
75347500	0.262235
449795350	0.066583
701303623	0.362000
1439879557	0.346658
246341769	0.093566
186291444	0.081345
378738565	0.449683
219429281	-0.265835
1932363210	-0.333099
308276891	-0.311140
1580451673	-0.182114
74302172	-0.138516
360893245	0.457315
1375646822	0.436610
237312687	-0.264156
119162694	-0.489630
21619519	-0.232689
490535112	0.441844
224297637	0.187491
1497534576	0.321289
14308987	0.454444
345261756	0.017215
1255785854	0.082394
18216752	0.287657
2184765932	0.051824
1525086182	-0.319030
56538228	0.275775
95166404	0.418040
342945847	-0.322840
630802892	0.013103
15350894	0.338820
19616327	0.342520
390522985	0.043978
2287788476	0.491359
624186253	-0.398279
621500066	0.509964
24300215	0.160028
1624698122	0.194853
236479311	-0.472727
594060392	0.180004
1072453910	0.047273
538086333	-0.122718
342780479	-0.018831
178419778	-0.100641
280206584	0.232331
345555778	0.066201
1125409915	0.081997
93936388	0.086863
234014087	0.353679
473401390	-0.161053
993153006	-0.323110
19139963	-0.248918
41464356	0.494921
506033683	0.141242
590696606	-0.047911
1652541	-0.136181
235217558	-0.089692
425489816	0.140234
235591153	-0.420949
22903983	0.221887
344033052	-0.090568
946114207	-0.043345
770448248	-0.092722
19407835	-0.045852
26778110	-0.375140
1327675195	0.452794
169588591	-0.185589
78673043	0.150587
15496979	-0.151823
801523267	-0.401298
45340027	-0.473377
399432469	-0.019345
125397444	-0.059493
72198806	0.020866
197307435	-0.260063
1134292500	-0.289349
20563979	-0.148135
164707575	-0.427266
14617444	0.477095
263414131	0.176674
31006603	-0.451795
201079432	-0.144718
1149312193	-0.509537
117974827	0.123060
89814216	-0.444096
238861711	-0.183197
253149069	0.465538
34666990	-0.183749
555845120	0.110549
80111837	0.464120
1406277577	0.367144
529973619	-0.024052
950328072	-0.338669
153944899	-0.354141
1335517206	-0.055969
242376736	0.411486
584351142	0.343478
1183865954	0.019136
368977925	0.045217
75398827	0.397670
224294785	0.382692
173363468	-0.284649
388958868	-0.128234
133864713	0.060211
91179070	-0.224649
289530036	-0.194828
143889472	-0.398011
51284800	0.245867
233601235	-0.515626
250710495	0.420428
15434632	0.088392
36183582	-0.057900
441425863	0.061233
221614578	0.168920
439596778	-0.183776
20841089	-0.248238
575385464	-0.210630
40526985	0.199423
248850174	0.328248
37920978	0.016614
15939889	-0.136804
1490306108	0.104061
433079096	-0.061399
463132556	-0.014333
2312281051	-0.415627
1458461443	-0.127601
19877680	-0.295570
377773483	-0.014377
180142423	0.377656
13067732	0.266748
38787045	-0.199309
1143060714	-0.003792
452413225	0.271807
18043103	0.270843
1282568923	0.012698
339172700	0.387568
112604826	0.374213
1229226714	-0.089745
249834165	-0.172848
2305350474	0.465645
2377621136	0.314140
18289929	-0.203486
366228554	0.031661
24742936	0.242613
85634199	-0.048526
93288759	0.071903
1051127714	0.117876
197290856	-0.454142
20071932	0.075218
48807726	-0.039912
486380694	0.446273
168666357	-0.243597
215909539	0.484454
168673083	0.299687
47632905	-0.200127
1069918782	-0.047267
28252475	-0.334405
1123683068	0.412451
2314336918	0.259828
84129740	-0.501794
229197216	0.248262
247850985	0.346424
2369496272	-0.515328
85970738	-0.070998
15715842	0.390182
153919023	0.491801
499978095	0.485768
1365631760	0.547200
389759292	-0.082345
38465240	-0.257394
1512666349	0.137696
1656055824	0.085870
1662929678	-0.151359
117197307	0.538553
991357832	-0.336616
34438002	-0.054218
104631905	-0.074392
1262623074	0.469980
132278386	0.236078
15948219	0.167690
1011705054	0.023055
251728316	0.089824
20495104	-0.014832
612716532	-0.505103
110050273	0.406782
113214730	0.203503
237770636	-0.072437
247596046	0.172130
62543872	-0.439402
123282266	0.327667
133439172	-0.109713
1037084538	-0.521543
111632324	0.081869
534405915	0.101444
276197098	0.424738
77664666	-0.027830
1394549060	0.130148
2199888721	0.510627
225921757	0.383750
91744236	0.164810
428333	0.129014
85634177	-0.430402
255829884	-0.140684
1328123624	0.339207
325717986	0.476833
266830495	-0.096146
611834439	-0.342446
960696949	0.046580
15572155	-0.487360
433791263	-0.427777
1636291356	0.515353
19912734	-0.477078
337932925	0.484521
543822491	-0.213117
49634881	0.191794
468930111	-0.252211
620298978	-0.486163
349947276	-0.288612
60638933	0.039770
282775291	-0.061508
26677801	0.106641
23035691	-0.190730
534599939	0.024982
195042501	0.200089
50325797	-0.026694
65453528	0.044072
2321775476	-0.413040
229592356	-0.129308
1071764281	0.475239
2340967118	-0.009870
1223102983	-0.365814
122719755	0.022618
124196924	-0.002053
17525171	-0.174848
52503751	0.049437
76452765	-0.400554
1634852712	-0.022620
1172636797	0.278555
33977070	0.464995
21048033	-0.338838
217543151	0.119099
1726999796	-0.352832
401955731	0.409790
948491592	-0.393516
267583652	0.149770
225242868	0.130604
487906127	0.521357
286898862	0.005094
605098090	0.050376
1071102246	-0.153776
1075551668	-0.296248
1441675236	-0.427193
206428391	0.275484
325298865	-0.405150
1626115357	-0.191825
600737301	0.028200
43476440	0.019780
1061385474	-0.451310
362052555	-0.511728
281509650	-0.046096
1228818295	-0.326652
516131688	-0.418699
1222257180	-0.202045
158205177	-0.506205
28889556	-0.339726
248004920	0.326041
23632545	-0.039503
1023236538	-0.028193
24737755	0.041617
41406567	-0.458823
117197740	-0.414253
69715433	-0.050003
74198348	-0.249694
463606038	-0.240546
1061006802	0.162254
575749942	-0.327715
115754120	0.058209
15448332	0.163550
1131203611	-0.285263
298059168	0.483323
610325685	-0.035394
241207373	-0.185165
1332628436	-0.170966
1925656796	0.023009
211254250	0.070019
851120473	-0.228536
108619944	0.442084
95070642	0.265310
450708486	-0.460711
257170128	-0.090266
154648736	0.188013
442824717	0.089835
1571215884	0.012684
308563367	-0.440124
1440997712	0.327956
19793648	0.116315
1536065244	-0.371415
122207745	0.037017
362654346	-0.436107
78369108	0.392390
14859559	0.265945
318464838	0.480113
425527664	-0.395039
286034058	0.437418
1552818054	-0.098153
37766935	0.045394
266772387	0.426504
986188543	-0.365622
1372431026	-0.078456
282233418	-0.439393
308748838	-0.489023
256178459	-0.462098
70156027	0.445670
407584834	0.338391
633131271	0.133691
1072382221	0.142471
1437466362	-0.054244
373883896	-0.517958
1901113928	0.042814
1484301392	0.294554
799658150	0.136803
1198766904	0.219087
785414496	-0.313526
84677520	0.323853
1797991	0.163215
608182396	0.067050
170767454	-0.390054
15361570	0.425660
9508922	-0.209262
376477453	0.197478
190160433	0.462022
373326597	0.084254
122212010	-0.396489
44127294	0.469211
22797378	0.266715
1592481150	0.368633
233842454	-0.423561
265155317	0.078455
564225302	-0.339417
2358445766	0.264977
127894579	-0.186162
30313925	-0.312865
1058717720	0.436461
20641972	-0.052262
1877628114	-0.438493
1412998502	-0.051082
40466049	-0.000860
1008962922	0.039460
13383292	-0.202253
100330676	-0.363553
330583779	0.392667
5692662	-0.061442
1494474121	0.487489
566631178	-0.094606
237781383	-0.326985
2251095308	0.071074
975200486	-0.133323
16712666	0.090664
1656884071	-0.215310
1355831521	0.218269
279634424	0.026294
29610442	-0.103186
8542882	0.530416
18724011	0.484382
237348797	-0.324751
248699486	0.411573
633825457	0.465763
29929730	0.306566
18916432	0.392772
19518515	-0.036132
52537790	0.400559
455041792	-0.497285
253016264	0.492966
116518445	-0.012916
533702418	0.294531
29710286	0.284197
26976860	-0.383545
25086658	0.012318
1969641703	0.048967
189236855	-0.412679
23536035	-0.249330
617382180	-0.452923
2281176661	-0.364066
1917347892	-0.364012
1305481388	0.066180
761840588	-0.257597
16560935	-0.126439
180032621	-0.044258
294965312	0.186631
380001296	-0.106101
398990591	0.435393
133448248	-0.194576
1608892718	0.049581
409799018	0.436218
1622931326	-0.136603
36126319	-0.368140
156075520	-0.328070
5031151	0.275149
340296149	-0.089764
378096410	-0.492813
242993672	0.229626
