14412533	0.102248
2163623972	-0.548357
249222850	-0.127770
1281503318	0.391992
387984038	-0.116594
1206306506	-0.435478
57931553	-0.411562
2258783241	-0.013466
63160932	-0.190650
25198840	0.278288
15289825	-0.543779
1452476780	-0.587738
1086619808	-0.227878
1623308912	0.030178
2194801027	-0.161705
20467163	0.192008
19824430	0.353766
1739650556	-0.215796
59558161	-0.613657
1444015610	-0.646350
804861259	-0.011199
252254916	-0.182471
40057701	-0.667431
2375722164	0.300410
451032276	-0.215532
1120298527	0.072913
16860684	-0.436455
187414539	-0.022624
479674626	-0.652911
19394188	0.012804
1155335864	0.266910
20635633	-0.292562
248718904	-0.026791
252644673	-0.319273
534680801	0.268537
932446728	-0.664888
235373000	-0.554447
1377700518	-0.332655
437741704	-0.421378
414516629	-0.234623
46807181	-0.097404
1691930744	-0.081400
153694167	-0.506540
16705010	-0.275148
22509598	0.094994
31054788	0.202272
1545781357	-0.663142
5990782	-0.375920
239949176	-0.396770
174879603	-0.267686
547778460	-0.110799
15993122	-0.070031
44209472	-0.469461
17811916	0.266994
37131103	0.026968
83932732	0.010342
22006412	0.367500
132201224	-0.451082
1647266078	0.155218
126632552	0.187021
16789970	-0.315059
1183998762	-0.250690
317216233	-0.064793
354493762	-0.605984
24773493	-0.356856
119899270	0.090133
414774285	0.400101
1252129242	0.184563
295868971	-0.444416
19186003	-0.352903
564908956	-0.498891
528484792	-0.196962
2291373043	0.226774
2260662498	0.323212
40523440	-0.645539
471606410	-0.689238
25668918	-0.228072
320787415	-0.098763
383393464	0.260376
463890972	0.013196
48366585	0.377031
239584537	0.094638
1357793240	-0.101586
51535196	-0.614373
22930392	-0.171907
35137957	-0.197329
199317006	-0.119211
197628846	0.289616
223360975	-0.579929
29157809	0.257190
776063954	0.192590
277107570	0.220668
873631776	-0.025085
18943752	-0.202331
492616846	0.059322
75927706	-0.648965
1334517175	0.018175
29205600	-0.587296
182815759	0.349677
54412900	-0.205348
860696202	-0.586236
171813900	0.103508
19312039	-0.136693
1009921273	-0.429390
717888988	-0.497201
536281139	0.002695
474326839	0.327170
237763317	-0.555504
164732631	-0.032382
18890707	-0.130557
18696134	0.141767
217454584	0.342948
25168293	-0.671221
13491312	0.211259
311789873	-0.079299
467801778	-0.609140
216881337	-0.354485
35998429	0.175713
16256269	-0.684565
1226281657	-0.623533
47127416	0.209590
598384016	0.289552
456986241	0.182280
9532402	0.211692
26459660	0.008206
35060071	-0.108379
424122984	-0.658407
164007407	-0.471116
1127447660	-0.202039
728708694	-0.242220
40367637	-0.136680
1367531	0.321373
89657363	-0.075031
10375552	-0.355365
28480805	-0.286946
1328434170	-0.528063
1055907624	0.060435
28856628	-0.304141
1915916724	-0.136532
708309848	-0.612458
108052620	-0.481029
11348282	0.191051
104615577	0.322275
15697940	-0.256353
1925127612	0.316175
1222580420	0.302583
254310640	0.231247
201791908	-0.291622
1189780298	-0.271040
502184923	0.343996
25124372	-0.566762
2237923975	-0.201346
18909919	0.363617
384913290	-0.079798
177028305	-0.229209
266133081	-0.414836
249348006	0.136726
96386080	-0.367364
66369181	-0.333628
277008614	-0.100416
254859330	0.004130
237460752	-0.514639
2360123726	-0.319232
343588320	-0.510661
22113371	0.220504
2221362486	-0.346223
1025521	-0.588467
79729138	-0.632116
1060984272	0.333484
358606388	-0.217133
23220731	-0.381370
325691585	0.165601
1408162200	-0.551736
274824692	0.068294
186299824	-0.607610
612117635	-0.105642
35762860	0.273258
19216998	0.324474
409522947	-0.570757
112765894	-0.421912
3135241	-0.452592
280346878	0.240095
220208804	-0.158816
116141817	-0.254344
611886875	0.159333
73303753	0.361663
25226477	-0.249127
331678866	-0.604563
261918703	-0.001861
561628839	-0.320278
47544979	0.215925
790097610	-0.374254
1718400349	0.250874
15092872	-0.300711
1676771268	-0.224305
28785486	-0.182491
183637495	0.273139
521926535	-0.683631
124062781	-0.513041
241771567	-0.487612
31210583	0.100652
379378754	-0.619860
576268700	-0.536726
163209579	0.148074
1066076640	0.188442
93189203	0.006914
939091	-0.644756
254557147	-0.060849
63506775	0.369988
240839950	0.242263
172662933	-0.260979
618586017	0.217359
85616770	-0.317479
1091456496	0.019173
267889663	0.074954
160647819	0.129351
510516465	-0.443828
18678924	0.179577
35081819	-0.017004
15980436	-0.365541
20618764	-0.627130
1689821791	-0.623388
356199275	-0.195419
2205359364	-0.469070
211420609	-0.284819
21631487	-0.079612
722800129	-0.518178
547174027	-0.172527
116748080	-0.625447
1057859527	-0.383979
27136225	-0.363627
269893425	-0.338856
1921776680	-0.497565
2196548623	0.234070
124224165	0.001196
519728645	-0.054965
25214807	-0.293825
85898279	-0.336057
961520071	0.197323
310608280	-0.286135
558895964	0.342627
72831557	-0.335481
622198206	-0.143988
1027156464	-0.266211
18294521	-0.394118
1725039222	-0.631714
222320264	-0.028102
251408532	-0.129588
1542493423	0.300363
543154345	-0.536257
259834782	-0.666339
21873714	0.321432
108376246	-0.613429
16614802	0.191694
371887563	-0.046506
1090002997	-0.245301
93552029	-0.528776
17111550	0.210921
372503594	-0.351677
20015903	-0.097037
934933188	-0.690648
332340557	-0.345379
944917346	0.303689
2370786962	0.087956
78941245	-0.139224
103727818	-0.596846
351266014	0.101640
1607546875	-0.470456
99949940	-0.333902
1713542732	0.020599
237600102	0.213174
72129678	-0.648492
180389279	-0.454524
2179040628	0.377251
517911880	-0.107711
2310494503	0.351180
2293131060	0.375184
218357036	0.109821
558831200	-0.528356
402190452	-0.528117
97239626	0.367563
11883722	0.014363
394303189	0.217173
110420252	0.242592
61842393	-0.605061
357580948	0.280125
1496512904	-0.237179
425889480	-0.347705
168830539	-0.355434
15710384	0.118962
23109966	-0.056509
34773320	0.305119
1469869638	0.340237
198323147	-0.039609
29584150	-0.623877
322781751	-0.658588
976969338	-0.478422
748531489	0.068822
886946899	0.332539
397584127	-0.364879
234057152	-0.322242
26083271	0.069749
26144769	-0.536690
287811065	0.334310
52763281	0.059249
27048645	-0.038015
28336822	-0.525000
131791939	-0.638169
81919296	0.165166
306001688	0.087509
125984383	-0.088794
1262557194	0.281214
506462653	-0.381763
85396297	-0.642085
233557728	-0.526196
252819323	0.160911
238314303	-0.292914
296068607	-0.210686
1058807868	0.239715
49986081	-0.212837
14081659	0.272108
452700445	-0.197625
207116000	0.150577
1356966632	0.003002
49171436	-0.030527
855057596	0.200154
1340326969	-0.007786
598123678	-0.185071
966442267	0.029236
326210627	-0.087112
108617810	-0.437131
221508042	0.121795
39322371	0.155492
31285825	0.357679
97298155	0.101153
98910693	-0.533399
1912048351	0.103823
547416793	0.361470
868637460	0.013959
189904289	-0.068956
584012853	-0.637493
176134825	-0.099164
606101503	-0.066297
1469528666	-0.630590
543635294	-0.428340
360436349	-0.285375
481000411	0.336679
326196796	0.292632
1120550322	-0.021510
192441406	-0.114635
272542662	-0.293910
904655414	-0.079425
1060370282	0.083161
121469977	-0.019005
73931897	0.381252
46004597	0.040909
1447399590	-0.426481
1201824876	0.151858
359222643	-0.445986
384111224	-0.055755
80958602	-0.071966
1658898042	-0.522795
439049326	0.326757
195193469	-0.233521
209787354	0.082846
362688424	-0.374489
432676344	0.223091
55581437	-0.266517
147487756	0.396862
11856892	0.273305
108689270	-0.678854
97931967	0.118871
1644734071	-0.569254
198526130	-0.071604
475294870	-0.647006
399170640	0.219515
76163900	0.321838
998576058	-0.656507
430292078	-0.507138
823801824	-0.617449
1974399272	0.015321
402719755	-0.539919
456032135	-0.636456
743694942	0.109313
51943611	-0.062230
1350118422	-0.305373
30864583	-0.241456
39510422	0.150789
353834752	-0.159248
2260579802	-0.180515
15392139	-0.343162
26977568	-0.115283
47892311	0.012813
20517132	0.290954
324403737	-0.296662
42913132	0.265291
573495038	-0.665015
208692908	-0.652119
425286290	-0.425517
452344217	0.013505
220249920	-0.128915
267854863	-0.533032
582875320	-0.614425
791967744	0.360352
1548079500	0.019685
288963206	-0.388943
239964750	-0.163269
2314375189	-0.409774
1729693597	-0.622956
89193992	-0.055938
1083448909	0.125369
963480595	0.053043
221528389	-0.551236
1058460818	-0.043615
26637348	-0.519687
5988062	-0.215595
221162525	-0.614934
1964821772	-0.291738
278145569	-0.086747
387225200	-0.144547
435983624	-0.038081
17005219	-0.663667
90518536	-0.458959
17633159	0.290604
1355805258	0.192314
14579415	0.212942
267339368	-0.448417
75578498	-0.048943
717905080	0.270939
24183358	-0.287498
2318080736	-0.245744
1405337395	0.172829
73833569	0.149845
1646054551	0.030818
245451804	-0.141956
887385018	0.199734
15987296	0.307622
54446722	-0.242026
467787311	0.159143
78387677	-0.562005
1138688364	0.317417
224391627	0.269055
318095351	0.194674
44177383	-0.161269
178229698	0.211005
36117128	-0.399967
240812994	0.053317
1080509366	-0.393098
1480654033	0.162799
22242298	-0.393331
171693939	-0.089106
285737815	-0.410735
1055685948	-0.333741
25956294	0.103423
1058051748	-0.693643
1092248911	-0.150460
18205674	0.375155
245419752	-0.634901
7597712	-0.269113
418078050	0.078541
472587512	-0.622803
379815077	-0.240554
516880804	0.308838
14764240	-0.111047
115733549	-0.678168
1674501806	-0.442021
1058917562	0.071069
16348437	-0.167977
277363853	-0.588909
260807192	-0.357978
20245031	-0.433341
337785530	0.285494
333663029	-0.431928
65433355	-0.283999
28423263	0.338900
2312501226	0.362226
585441089	-0.522517
126171100	-0.411265
349979682	0.086822
841342315	0.120705
525736608	-0.299620
557050706	0.198057
334965470	-0.655899
249814580	0.051259
274255909	-0.104640
310347243	0.085832
1730532331	-0.098822
867444085	-0.586330
297498647	-0.614166
85476251	-0.353956
154699063	-0.260935
93761782	0.331272
1090009730	-0.430667
360080772	0.034808
16631939	-0.607068
376064104	-0.059954
619964159	-0.347446
20468251	0.190761
26513860	-0.687419
168502762	0.211271
258900199	0.236669
488297851	-0.080483
21269970	-0.148297
24735461	-0.632313
384538886	0.281931
376946273	0.364299
1331884178	-0.215645
377534571	0.188397
2227361208	-0.218651
17544524	0.012672
24298528	0.062396
37982748	-0.290734
195790079	-0.562576
411765271	0.060272
254032655	0.176022
995193054	-0.440789
175131510	-0.098952
2412155161	-0.175505
1691191704	-0.041625
21797269	-0.176301
1228070911	-0.294160
123999551	-0.651304
7402662	0.222316
2268031692	0.014698
703301119	0.106232
2385644521	-0.630401
190328374	0.203600
240385577	0.156487
18732816	0.104593
976404032	-0.338735
613404995	-0.609134
239871673	-0.384407
1897447471	0.159528
55677432	-0.296002
22545491	-0.297264
156212602	-0.477350
305818200	-0.575828
2205545306	0.211040
234837632	0.336545
18822612	0.346355
345491974	-0.131948
2308777399	-0.679172
18030431	-0.329501
2207375216	-0.234123
70799357	-0.333400
148021006	-0.336417
23578274	-0.261184
296925880	0.315415
903320070	-0.638394
15639642	0.237782
161329769	0.023333
22055226	-0.124898
213634439	-0.570797
8162322	-0.463305
1564956584	0.351213
22509548	-0.686288
14129299	-0.535239
34238458	-0.502831
511079500	-0.323816
377591325	0.107436
2252607128	0.138003
1015802058	-0.018236
756285384	-0.553047
264494662	0.190751
90490354	-0.189362
14774189	0.214299
34069014	0.074247
1222684418	-0.354674
25755336	0.219780
240840748	-0.405952
15160884	0.201609
472263579	-0.268699
7900962	0.252566
27302870	0.023857
1074101017	-0.526184
22028039	0.260085
214209081	0.331040
1601370486	-0.287971
2191060944	0.202805
199510192	-0.158610
968650362	0.301715
22523087	-0.656372
753647880	-0.670678
408105171	0.258820
404132211	-0.444453
176896268	-0.002807
114756202	-0.382516
47468096	-0.374024
1431823160	0.205289
40750860	-0.233179
358302508	0.075949
347395654	-0.466891
65146567	-0.622428
31744825	0.337123
136682183	-0.467709
33530012	0.360577
2322307531	-0.211506
546176922	-0.470792
237019973	-0.587239
1031845399	0.129884
346813911	-0.620976
189986982	-0.405168
777390745	0.264130
59704563	-0.486808
234053893	-0.525328
41445718	0.241911
19670455	-0.628956
1132232611	-0.538568
194720228	-0.503730
308852834	-0.122605
21144715	0.318521
376527578	-0.535253
22669526	-0.404018
794546882	-0.581529
26818986	0.245807
19576571	-0.572342
615537104	0.157227
2352119654	-0.255435
21542518	0.272128
494114249	0.034607
1117326481	-0.147779
14354562	-0.694757
1023294366	0.362218
336699225	0.005224
360338075	-0.258341
265639238	0.236978
402029058	-0.354096
535181994	0.121658
18170310	-0.350576
1068470480	-0.661310
109355585	-0.218521
1510311302	-0.126154
372315769	0.344837
21333396	0.076012
616965232	-0.437365
1516670166	0.254996
233601728	-0.293433
114299101	-0.186286
61046743	0.208771
177974542	-0.651623
300013543	0.194640
254226686	-0.647532
14857525	0.366105
237853147	0.241950
300430043	-0.472508
121171657	0.280263
37836873	-0.572688
187108150	0.047020
36738199	-0.600828
1710292866	0.300194
248735463	0.345565
40954486	-0.233741
284601302	-0.563589
1447467186	-0.331730
253281321	0.097979
15602331	-0.683128
577609337	-0.649606
43273533	-0.142515
26777550	-0.454143
30045475	-0.225009
58228306	-0.581918
874694125	0.058098
890904109	0.037557
470703779	-0.322449
122183484	-0.480082
589070172	0.187812
1075303104	0.044680
457733782	0.325308
117661549	-0.299151
20545793	0.123008
160919506	-0.358606
154233179	-0.441164
370467757	0.368629
216486007	-0.213342
438040565	-0.145208
216855513	0.235604
2264976900	-0.345847
378636572	0.119719
321234739	-0.097890
2278730858	0.179051
344525024	-0.243769
220765205	-0.621526
16002085	-0.276204
1681848204	-0.131665
123421771	-0.528070
831933780	-0.420132
1228652142	0.017305
1283908939	-0.441654
747876121	-0.494107
780383160	0.206594
531596035	0.190737
1410590874	-0.496999
16827173	0.272759
1625304829	-0.028220
429268149	-0.587859
110445334	0.150638
22528309	-0.199460
132345883	-0.597610
233693291	-0.667921
372506462	-0.168037
18863927	-0.206058
242873057	-0.079151
430235090	-0.649270
36564017	-0.081787
304115290	-0.093647
1901018683	-0.074582
1037321378	-0.167549
278433367	-0.442252
302113333	0.322999
1609169504	-0.021353
17997831	0.042844
1531521632	-0.367407
291551843	-0.423141
14669951	-0.345762
368914608	0.209323
1375871708	0.259614
17340186	-0.191200
432766911	-0.640443
68281948	0.183833
127963931	-0.095104
18646108	0.111915
549438299	-0.485171
16336478	-0.427080
83195396	-0.605884
467636108	0.373263
231898286	0.329763
70590748	-0.446224
441040701	-0.427454
137084996	0.344308
912598626	-0.035857
230720547	-0.496409
41861272	-0.273558
416644656	-0.499542
2317625354	-0.514081
28176898	-0.212637
401989810	-0.121875
581275783	-0.170818
91935208	-0.573848
18791763	-0.211056
27688281	-0.318217
1853114688	-0.435572
14246001	0.216351
1486445498	0.324915
977560500	-0.404439
15715665	0.032832
235279028	-0.514599
805188312	-0.660803
64507817	-0.281501
277193651	0.088292
21910246	-0.619475
156763824	-0.344370
1045110018	-0.024986
614706394	0.157686
36686040	-0.011604
1917731	-0.306293
280913598	0.268566
249787913	-0.035054
1242946140	-0.470239
1526488393	0.272891
28008943	-0.247578
2316393866	-0.098233
526750889	-0.540513
1849400233	-0.444922
125613253	0.216468
15380417	-0.319409
26051676	-0.287204
90250351	-0.436574
931024693	-0.031592
2245423891	-0.251092
73791927	-0.008012
389357597	-0.112479
514749390	0.162920
1232484468	-0.164275
935033864	0.193845
27274887	-0.189671
952575223	-0.146557
414068004	0.047582
49057566	0.287969
702460382	0.220709
243413616	-0.395663
121537837	-0.563069
122174004	-0.123346
265329329	0.229843
237504609	0.009177
858111194	0.207471
246447524	-0.620539
20397563	0.223210
260479308	-0.167103
935987066	-0.528850
1051446626	0.004244
1428792126	0.111748
15007149	-0.532046
238264015	0.109848
237862972	-0.034558
265993392	-0.285130
15976697	0.252000
315992993	-0.630472
127919146	0.294617
403639485	0.044344
17120599	0.215706
1105408002	-0.180778
328679423	0.188724
130977700	-0.170125
70740010	-0.471349
894512114	0.202606
78408666	0.049498
2394285656	-0.399607
2292332720	-0.590563
21572351	0.110672
1157543414	-0.557074
130600206	0.160403
249219716	0.018157
346949527	-0.546444
337595668	0.368427
2155491151	-0.570213
51982954	0.131442
15224867	0.175297
27675227	0.230635
2236668625	-0.550640
108323434	0.079785
52052011	0.261701
2304223555	0.054602
538121732	-0.626993
50707364	-0.483963
470654192	-0.145591
1092757885	-0.392612
93950784	-0.179822
1360075950	-0.039310
19612749	0.026334
1382011333	-0.279851
55440365	0.070815
37497720	0.211933
117432541	-0.058657
1613159058	0.042184
103949895	-0.615760
399112142	-0.139435
22265452	0.302536
1120582274	-0.614119
1089334250	-0.503902
461301890	0.050331
198928268	-0.417602
12298112	-0.637875
240135871	0.101373
22507324	0.195958
117792965	-0.558302
381874511	-0.360996
741061716	-0.518208
325040651	-0.297676
294959299	0.353501
457276155	-0.108777
1237156340	-0.190945
21643972	0.063401
1362806395	-0.610840
136550204	-0.229312
18579364	-0.589445
1326498037	-0.411814
40510796	-0.025351
598853747	0.002754
573916220	-0.161451
3913931	0.091004
91346513	0.058557
2329092852	-0.348832
2176134116	0.073900
1461162020	0.203860
183212100	-0.009773
15210284	-0.229958
133022865	-0.367366
171154131	-0.484581
18172905	0.350503
123150166	-0.419458
938657858	0.135128
191496735	-0.341162
252249233	0.182620
137794015	0.083860
220551206	0.320130
65082057	-0.533020
1553746556	-0.574326
749375898	0.229100
889786374	-0.594371
624927613	0.143491
158290255	0.359933
363540832	-0.353245
24509586	0.161865
447277172	-0.661645
14398250	-0.650417
287545295	-0.102573
84119348	0.128459
236541422	-0.644087
62387220	0.359471
2316645626	-0.127089
18622869	-0.335878
53725673	-0.128667
1422790478	-0.690451
1112972713	-0.547002
443265529	0.109414
335476450	-0.387547
1870463754	-0.416569
714409014	-0.130562
344516847	-0.328260
271007688	-0.259316
1387919042	-0.013522
627838899	0.025929
33205490	-0.178753
1328762540	-0.081900
284664892	-0.558432
1265860620	0.342845
619541619	-0.410057
249327401	-0.656824
1023872718	0.335644
138531540	-0.222709
22076537	-0.645232
49969221	0.249977
21346197	0.163554
1431454158	-0.149029
24745957	0.162186
626001129	0.161095
1345850192	-0.635138
243502423	-0.133830
414543577	-0.437515
59281449	-0.501521
270792742	-0.326706
325830217	0.298435
18496709	0.228426
1035443946	0.213127
286799590	-0.011456
1539064994	-0.506165
624753464	-0.339852
291756142	0.239769
35013862	-0.628898
1849074780	-0.428077
171598736	-0.101051
20209807	-0.480087
1431884516	0.374299
15923226	0.229326
1209417007	-0.121860
2161486428	-0.207796
215346722	-0.665663
562618381	-0.378708
125208664	0.173532
625296182	-0.582242
36691808	-0.548768
17680840	-0.532567
731524644	-0.438768
405785853	-0.292457
18566912	0.242451
1444416162	-0.304914
930009097	0.128269
836709230	-0.347629
432771620	-0.274430
50370046	-0.387666
287896740	-0.635345
193076432	-0.373276
216355557	0.305880
24448865	-0.466094
378547255	0.142968
24195214	-0.500829
41017380	0.301151
540241441	0.015085
39803436	-0.047395
271593651	-0.138189
232127685	-0.175110
148348430	-0.387554
1413602821	-0.192532
524724189	-0.143749
249288197	0.146994
63169388	-0.078883
19693903	0.364081
15769734	-0.278915
1884258127	-0.249105
158397501	-0.532657
25382456	-0.429734
628559456	0.263813
620708331	-0.616576
1872933859	-0.048423
23951197	0.297666
2185601035	-0.065455
85342505	0.290041
403539769	-0.380444
321380757	0.099405
422076926	-0.427892
20469722	-0.326691
776698136	-0.027952
1092750030	-0.664027
50552213	0.398543
19201438	-0.058893
157305077	-0.643293
213207055	0.222551
130274805	-0.059544
348522887	-0.257256
2309440500	0.071477
143489158	-0.417100
783749288	-0.439158
559073634	0.229554
562640547	0.179456
608902626	0.178890
49194495	-0.641124
20880535	-0.547029
1210072844	0.099318
54606494	0.024730
81021861	-0.328336
18277655	-0.262298
33537967	-0.060384
48354257	-0.070662
107620932	-0.452292
14540659	0.106757
1636639214	0.047227
365239637	-0.183003
15941955	-0.033187
1342502834	-0.638217
569212271	-0.074847
971412384	-0.311701
295685416	0.016982
1963246038	-0.473641
250736913	0.171078
1310708510	-0.396811
50634125	0.150099
1539300170	0.233763
1109679128	-0.398068
253654580	0.088431
19563355	0.019600
15458694	0.272394
230100284	-0.322778
10615232	-0.153709
1045853744	-0.200957
233949261	-0.310082
593718490	-0.004800
1186810890	-0.138965
1186874899	-0.312560
288886063	0.079910
247517295	-0.278141
30437038	-0.401411
63796828	0.133745
915781920	-0.529336
18915145	-0.085266
76348185	-0.380041
1915018465	0.217212
22698090	0.377475
20608910	0.181666
87714473	-0.386145
1237704769	-0.377704
467823431	0.179454
249410485	0.003155
108052596	-0.632701
1316483802	0.298458
23365717	-0.473279
477583514	0.234122
200870788	-0.427514
33655490	-0.491443
14511951	0.212379
933487722	-0.590552
430343685	0.357256
24477294	0.108398
234812598	-0.194865
94103877	-0.087220
180197930	-0.536463
54207182	0.002419
318711662	-0.655096
1347830329	-0.695691
22812434	0.000130
14110710	0.266283
15918353	0.005452
15554922	0.046308
254174408	-0.478447
53420694	-0.177485
1979395855	-0.696855
462285708	0.131355
295805574	-0.299287
1072467470	0.046310
20621911	-0.280349
759316808	0.099424
1325640288	0.179478
109071031	-0.569883
2175130770	-0.594818
4389861	0.316632
231510077	0.249502
15764644	0.072675
15212187	0.026484
127074099	-0.245451
43963249	0.042073
27311044	0.084121
1183912596	-0.330422
1225410018	0.362863
2192362761	-0.546503
589869443	-0.119752
240376522	-0.251173
424522799	-0.511432
351133674	-0.077819
1692578893	-0.059201
18217624	0.235211
250462634	0.071427
134302187	-0.158712
303920466	0.256154
1346817602	-0.058945
1686565519	0.391362
61313751	0.211358
743167003	0.221989
39787282	-0.289496
118941676	0.057460
26305670	-0.572762
418269619	0.102012
1070943116	-0.507495
209151429	-0.013412
26820795	-0.137752
806186582	-0.316581
442610682	-0.610305
15584433	0.232343
703759688	-0.060352
631648466	-0.569623
127908221	0.141556
1551310284	0.167174
2294530717	0.033872
1176615978	0.172462
1465964245	0.008776
192041694	0.035991
74960018	-0.023458
584583739	-0.059674
2188340009	-0.405785
32537213	0.304696
121656624	0.031224
586730005	-0.427929
1007065914	-0.041473
417664241	-0.541843
16557756	-0.120620
788006827	-0.212894
46499643	0.017554
80612021	0.209394
2362779882	-0.513878
14345062	-0.001270
146263776	0.199229
334127852	-0.087025
515898679	-0.319123
66209943	-0.540468
1673504017	-0.222629
224766531	-0.640910
2242638817	-0.669200
210926192	0.262042
1031118500	-0.223158
1602268826	0.286446
399502932	-0.127801
242761889	-0.153582
355881289	0.270471
48425512	0.334274
27242307	-0.150544
18137749	0.212077
21111098	0.174822
724658815	-0.560049
70587562	0.178841
112740986	0.135106
594582597	0.197344
1155212191	-0.218047
67776968	0.324497
50128726	0.163274
29898014	0.335356
28382250	-0.571713
39424870	-0.230156
1187949900	-0.131466
2340869731	-0.111764
53503202	0.225041
16930125	-0.517619
242892689	-0.495402
1430814439	-0.647502
118540429	-0.279624
2294105892	-0.372152
417393341	-0.692700
16739711	0.369823
312435184	0.371561
56864092	0.342683
221793778	-0.162597
17750784	-0.595364
427742683	-0.066514
1190825605	0.337309
26596727	-0.012991
569666511	-0.434597
1480218668	-0.192045
26424123	0.363862
29751942	-0.445273
497535334	-0.256796
20597460	0.047660
11651202	-0.604350
56440142	0.164258
492480327	-0.554098
935398104	-0.348761
323166438	-0.327836
16474026	0.035991
174369590	-0.202103
68888437	-0.621965
7350652	0.335416
133832049	0.250594
131149247	-0.342766
346045240	0.232016
1655093820	-0.164999
1080732656	-0.491373
119527861	0.128916
1611680690	0.379366
1620243926	-0.043479
237750442	-0.010567
38516217	-0.343432
1705042116	0.210277
422964271	0.371359
2364631970	-0.203481
1925431584	-0.165462
50731463	-0.230321
191688736	-0.107141
235190657	-0.099170
204881923	-0.646756
32265225	-0.024819
78569026	0.378146
397382646	-0.369172
407053599	0.060863
268007771	0.285530
2467791	-0.025001
22508473	0.153096
2435410690	-0.139124
1301606089	0.388573
218267731	-0.049844
18632666	-0.227568
22387804	-0.107930
6577802	0.244968
2288502470	-0.505244
1122064316	-0.529848
14925704	0.021502
156029105	0.213407
20113797	0.038076
79022250	0.229569
17033503	0.348625
484134207	0.330455
29793493	-0.296866
2161537962	-0.264132
718468320	0.138489
67738195	-0.305167
44215945	0.273570
221496713	0.266026
788081918	-0.390268
860733170	0.364160
23387115	0.235187
22812754	0.046976
98929990	-0.024507
297940478	-0.334110
264221149	0.256982
18056015	-0.296410
62770351	-0.122050
628760912	-0.013766
587783109	0.023402
58379000	-0.078670
121841737	-0.191866
39279393	0.221611
92071963	0.138107
127870840	0.350738
22012091	-0.122115
272019676	0.364374
346885718	-0.387232
148086041	0.158987
787373558	0.071308
520245212	0.245548
497546508	-0.620007
557806506	0.204708
186430550	0.067565
41377639	0.034716
49045755	-0.576686
798420806	0.073372
1006482620	-0.319267
154139987	0.092575
1915752144	-0.198947
1308601632	0.007100
1326751968	0.010975
242618658	0.210434
24045931	-0.638458
297532865	0.196833
24670782	-0.459820
59888738	-0.473772
71358042	-0.470052
46724483	0.074370
1468560242	-0.279282
1267462094	-0.644843
277750492	-0.385112
542842941	-0.152547
176135285	0.161782
36394602	-0.593534
76350004	-0.031088
50150341	-0.388202
233346654	-0.086089
109287731	-0.257559
1686107834	0.022509
1093441423	-0.601914
6092972	-0.632617
250719718	-0.419019
58492046	0.142630
308721230	-0.423561
29766367	-0.547918
759251	-0.447891
393821580	0.186710
77839894	-0.548659
1716914930	0.207746
10102032	-0.069807
82649553	-0.092218
1653370998	-0.408802
1362944844	-0.659757
61906286	-0.016772
1932803906	0.334960
221447516	-0.690008
1905156690	-0.653329
830918346	-0.294055
12788332	0.316301
33622411	-0.085841
62354707	-0.313460
1621009105	-0.222608
104727439	-0.055555
24913074	-0.134274
106591004	-0.162620
18221712	0.302240
5357812	-0.272924
103335794	-0.011038
905020056	0.029338
15603311	0.030089
15762842	0.264012
15555056	-0.486678
115979444	0.221932
2361890355	-0.265330
575344793	0.101898
157382927	0.117922
16062766	-0.144178
218779638	-0.060655
2302483196	0.285476
1655816936	-0.334419
454947269	0.152157
470366309	0.241128
16130949	-0.531940
2409239300	0.322766
270370405	-0.404885
29293808	0.351100
244268646	-0.559991
16742053	0.064617
942156122	-0.304952
703561088	0.146879
382534366	-0.402034
17065503	-0.562432
1296038210	-0.490795
359596838	-0.045186
227088228	-0.109228
813286	-0.462718
137571771	0.275697
1234286196	-0.219258
14849664	0.326265
140959145	-0.119782
148453195	0.142407
301090775	0.037650
14800483	0.104116
792608948	-0.597225
950783972	0.063464
220241174	0.244732
381413722	0.130144
119250381	-0.322917
24299006	-0.365142
389840566	-0.227689
36777778	-0.549868
88806753	0.375557
415780303	-0.226017
143779492	0.384719
614542142	-0.475882
333504114	0.023030
29848453	-0.033872
65919935	-0.085186
44682276	0.125735
593813785	0.034186
582931822	-0.222282
31801993	0.310307
94366606	0.133555
162784542	-0.060410
330816212	-0.467978
448923637	-0.249150
1096507650	-0.613627
15428227	0.103212
411997494	-0.190440
2252899873	-0.089109
14293310	0.024854
40402146	0.064601
18811140	0.008615
1365917090	-0.504826
273098660	-0.575509
88976164	-0.040505
23970171	0.094740
1347674623	-0.231658
223523798	-0.275764
15014405	-0.015681
1347436638	0.360881
2836421	-0.449340
15964588	0.212141
38254095	0.330814
37094727	0.197996
64161351	0.143419
372345957	0.103414
14672279	-0.546368
16030518	-0.042708
91137301	-0.577405
240663096	0.195298
247334603	-0.616170
20957491	-0.162980
26841582	-0.694984
28238988	-0.429494
30673492	-0.607035
35518656	-0.250189
322737879	-0.520128
1965801554	-0.626704
47614124	0.156466
71281860	-0.643237
721052064	-0.467030
1949611364	-0.128319
18008330	0.373711
148006729	0.344995
1301328822	-0.556134
1183811947	-0.537771
17906632	-0.240804
155680896	-0.092238
26111775	0.307796
349219528	0.320088
86364947	-0.070322
2181453624	-0.463964
26316100	-0.410146
1556756886	0.063001
20002401	-0.602745
19269183	0.108049
321119379	-0.262947
1300124792	0.290965
563844379	0.082017
751806494	-0.421096
33027306	-0.349815
23117388	0.229396
819528355	-0.336270
267217520	0.115991
886986138	0.241046
497551327	0.257317
59568948	0.080316
1716366295	-0.322254
1905833168	-0.271270
448169106	-0.431106
148333607	0.061399
289374103	-0.017237
360191435	-0.569122
450786176	0.369767
23617145	-0.103335
317193393	-0.459244
144189766	-0.495019
279964598	-0.499074
1120931132	-0.679545
1137600571	-0.425462
33060832	-0.240240
18480494	0.014514
292990703	-0.068617
1117009244	0.193043
33576489	-0.146799
17848544	0.222651
463918261	-0.207639
990635636	0.060752
18213420	-0.191402
214179002	0.241695
195070336	-0.121572
885789362	0.280437
22831059	0.338845
22081190	-0.522900
153486399	-0.438916
236480864	-0.164999
37202770	0.362379
374161639	-0.556259
1242109014	-0.093793
211530910	-0.455912
1606703838	0.221463
348857253	-0.226769
167856299	-0.247971
502440556	-0.217682
14529929	-0.661406
631876809	-0.523199
1902537799	0.105871
700126891	0.204523
20444702	-0.128921
32789881	0.031837
67906573	0.076859
1032703770	-0.154972
7334402	-0.623847
19245431	-0.072487
110924703	0.023364
198523967	-0.007991
1058345042	0.208273
2296636404	0.256060
15471838	-0.622061
1702539968	0.315704
20376424	-0.686398
21509894	0.239117
1388590928	-0.267251
429181880	-0.434514
1073212812	0.184366
283657826	0.040069
460656473	0.403313
1277984012	0.302945
165533941	-0.175315
42638402	0.138197
337752039	-0.016907
1393599296	0.314164
114607567	-0.049044
1144145946	-0.441381
377702207	-0.224042
237814920	-0.625833
851621377	-0.180120
1487887076	0.030734
1852819452	-0.597301
109280446	-0.597910
1665719612	0.158191
537156670	-0.357843
411526571	0.125934
488127904	-0.313576
34270503	-0.395857
95602718	-0.266153
191208249	-0.549005
21351432	0.124202
592019654	0.178220
385429543	0.136028
234937222	-0.525832
26194384	-0.128902
47975734	-0.236900
1023320856	-0.554510
211901075	0.234133
271552521	-0.301218
1222283971	0.076995
2321129046	-0.615701
1722842137	-0.644497
1540496365	-0.404015
10025982	-0.526111
17530189	0.240113
123667924	0.331364
1962564906	0.254942
110893482	-0.663978
93575832	-0.424871
40750718	0.192871
960962340	-0.501474
222195455	0.344659
16056306	0.094554
1074129612	-0.283103
60801758	-0.476046
21426423	-0.560146
319529691	0.368469
161411080	-0.535393
161791703	-0.243440
939621458	0.166381
16703058	-0.160322
301081520	-0.393340
32010840	0.342673
834525002	0.368944
26809683	0.171338
202206694	0.371527
520778762	-0.556536
8775672	-0.628068
317608866	-0.119215
24184717	-0.515168
1356531588	0.083860
713463571	-0.190479
176260948	-0.510575
278005891	0.045469
36737855	0.152981
35758513	0.215067
17896154	-0.174414
217550862	-0.143238
1110920106	0.159832
1931992778	-0.488425
1128781184	-0.660861
29865139	0.231716
977369880	-0.327480
62330632	-0.619944
34340464	0.303066
1033532365	-0.180333
830430216	0.284423
155642785	-0.002573
1154667132	0.071106
1080602371	0.218116
360605502	0.141802
63787812	-0.279601
30027177	-0.522213
2369234174	-0.214217
5741722	-0.293019
551698752	0.319147
545501375	-0.269044
1596947036	0.268172
1449407450	-0.302690
326551457	-0.636723
95509057	-0.093192
423688722	-0.335116
328258374	-0.555517
705661256	0.384441
496786334	-0.046946
1879871294	-0.141099
2374720591	0.051860
1954751917	-0.290155
550401754	-0.091722
370076582	0.087804
18820392	-0.156854
16298388	-0.519798
348861268	-0.640522
1623282788	-0.486817
14124614	-0.323453
36588739	-0.028100
88784440	0.374987
16804072	-0.243373
2356356972	-0.666513
1258312562	0.101731
43216755	0.259902
703640660	-0.343220
896620178	-0.506111
122473388	0.118005
234906311	0.129104
16018516	-0.473351
586045941	-0.509947
1115633996	0.042538
485139684	-0.387180
1352594924	-0.258064
1621076712	-0.313639
175102610	-0.535225
63749707	0.389040
20733972	-0.088907
17291452	0.173218
20906882	-0.395631
615181714	-0.525260
78966155	0.181990
1430524482	-0.534456
21669223	-0.543039
8870632	-0.195718
14730894	0.243867
1959864463	-0.608116
21321475	-0.496701
272520742	-0.392179
19918558	0.073818
1959387662	-0.482277
14216438	-0.575220
492378372	0.372126
1154894353	-0.286015
1463550048	-0.190339
24305421	-0.474394
26265640	-0.314761
382441782	-0.351498
856549532	-0.099823
235271965	-0.136660
314335929	0.061328
59969802	-0.008160
74058012	-0.500849
347877928	-0.199183
30500021	-0.214635
716563918	0.258802
2255274860	-0.370671
411766612	-0.463730
39793438	-0.564781
41634520	-0.360441
51228911	-0.078850
247496974	0.271438
234374703	-0.365861
2168350939	0.018381
455037005	-0.224681
267781214	-0.038129
26324609	-0.159986
17487795	-0.137617
339852137	-0.511954
230761725	-0.326464
14616459	-0.385099
1556371026	-0.598983
199325935	0.218125
234927299	0.316060
109025212	0.002162
225326840	-0.343784
1363394484	-0.525223
75367781	0.126962
343171266	-0.464232
15600527	-0.125736
89526574	-0.163408
523397097	-0.036978
1092979962	0.253132
63804234	-0.034491
206716135	-0.203246
260841091	-0.187508
47470008	-0.678890
68198447	-0.556548
2377726519	-0.317663
1221321108	0.118307
205420257	-0.349867
1243902714	-0.492471
1049460835	-0.080035
49782398	0.105000
1246599554	-0.519469
113420831	-0.346061
62907908	0.133401
72874723	-0.660257
236899846	-0.662953
1891157910	0.249600
505932430	-0.671581
85778445	-0.490345
270067927	-0.552273
331268118	0.006189
1201520622	-0.101769
538416721	0.177996
359950567	0.236275
6794502	0.239254
1263944875	-0.268360
58287227	0.015994
338553588	-0.240231
213182436	-0.536423
46176168	-0.461425
142721190	-0.620217
943501040	-0.295855
71070614	-0.653280
18317325	-0.389414
1065995022	-0.235391
21941446	0.003591
87055347	-0.413301
259950795	0.191159
506091865	-0.414352
1581759588	0.086001
547839797	0.160071
1697235505	0.301984
932421955	0.362433
46016028	-0.384759
25768647	-0.331678
17074440	0.125414
1143929599	-0.634328
2254857197	-0.512668
631543401	-0.320633
959687432	-0.169247
97368029	-0.031344
32774989	0.331366
415981838	0.374508
180287231	-0.050294
472541504	-0.207848
1482327366	-0.468534
454953162	-0.288460
20552026	0.108568
180895768	0.288050
14275291	-0.129252
2324036732	-0.271024
346030501	-0.571581
14135426	-0.307043
191005134	-0.289196
14389132	0.140072
16472624	0.039708
286363562	-0.527467
163586067	-0.323450
390292636	0.126563
991821667	-0.574757
20449956	-0.450743
1693751167	-0.423688
1658254478	-0.645204
268496469	0.021487
1497383952	-0.369262
1313165581	-0.307412
1532014123	-0.081774
139574248	-0.244459
99157266	0.391989
83200882	0.182894
2317860566	-0.341034
216481299	0.091900
805777398	-0.473659
361365479	-0.266859
97171189	-0.649317
807095	0.306377
391413865	-0.035192
89820928	-0.138697
246499208	-0.043196
85606078	-0.684113
435877117	-0.623822
16385104	-0.281506
24135119	-0.278862
276763538	0.001041
207731256	0.293394
190699396	-0.102273
1870898497	0.219304
1104083418	0.102912
52992670	-0.022512
27676828	-0.250384
310912778	0.249694
47056405	-0.430572
352643501	0.331485
252115520	-0.356313
47402168	-0.225900
404542591	-0.690196
594870776	-0.490567
240327228	-0.654312
263975503	-0.469385
1068990122	-0.468251
261263905	0.168578
1357427004	-0.084241
19253918	-0.439598
586032653	0.322562
451967996	0.192933
18793575	0.307325
23712174	-0.436620
252819642	-0.120203
195019882	-0.283775
18244206	0.385852
8953122	-0.486736
33655512	-0.630855
19926675	-0.422960
287861586	-0.254887
323239103	0.052916
17439675	0.136696
18967498	-0.488420
29598035	-0.629672
796737758	-0.405117
180396181	0.208725
305389392	-0.541934
85353299	-0.264003
1423715941	-0.225615
17282256	-0.548502
1322558402	-0.270165
430830756	-0.480669
1733849666	-0.002898
449959102	-0.445375
733751245	-0.127274
1558893368	0.095765
56653367	0.214517
39191258	-0.107533
498961346	-0.044835
300515560	0.359195
539866149	-0.485416
225988631	-0.401827
78431501	-0.447163
76392970	-0.481355
248791332	-0.330052
1117640744	-0.496089
118152495	-0.148892
15751083	-0.414486
22262553	-0.299020
1905298878	-0.116014
1443203875	0.167131
39308549	-0.116573
196147086	0.395798
47891535	-0.379662
15029174	-0.428772
273795671	0.200656
237944147	0.078324
1738425180	0.346411
758067224	-0.470217
424263083	0.368656
456911539	-0.554199
64022803	0.006601
262424195	-0.239422
1699808366	-0.687518
360427514	-0.310657
169472184	-0.696069
293254420	-0.135708
613725908	0.200219
485264526	-0.329332
778724700	-0.492297
427024774	-0.028252
1068626984	-0.118970
148565166	-0.185784
29896465	0.111788
15281676	-0.635032
20713061	-0.680340
193732179	0.346610
1043702834	-0.659608
398232779	-0.565891
1516830966	0.221510
864768235	-0.224353
2417754469	-0.118389
356390382	0.236042
712959254	-0.201272
180846791	0.066356
158495061	0.260817
64660952	-0.042695
221792092	0.085255
75785294	0.162761
242068532	-0.455003
619479855	-0.344327
48117116	-0.459511
443681123	-0.067402
380371286	-0.071934
30930019	0.013494
195955478	-0.652630
2192766368	-0.657286
30043495	0.269733
126644609	0.298516
76651617	-0.375246
386455581	-0.547676
49316020	-0.607922
236916916	0.167313
5558312	0.088675
80473367	0.264483
44117460	-0.107008
330001961	-0.298722
373311804	0.157805
1849261916	-0.425018
180100015	0.279057
234822928	-0.112510
269931179	0.182509
8128442	-0.691578
292935209	-0.688693
572317065	-0.449396
19553409	-0.611489
242555999	-0.388870
996565820	-0.236986
886042746	0.188122
98242752	-0.457184
28859894	-0.314130
16086967	-0.178326
1578519660	0.152962
283265252	-0.377977
350930593	-0.486784
1002313952	0.137932
2265167642	-0.032580
1076928920	-0.334214
1944510751	-0.344754
22417674	-0.614948
49697450	-0.350886
31350534	0.149177
1694503231	-0.489839
1571660059	-0.221602
161344057	-0.106035
1189735556	0.207608
809050796	0.129583
22819917	-0.551089
1602752804	-0.032467
14809189	-0.660280
578069877	-0.438499
311165745	0.264614
155669457	0.157370
1643415560	-0.087253
249339682	0.050138
416686487	-0.166945
22097192	-0.329200
1927804778	-0.552472
1077121945	-0.441408
33345380	-0.539803
287269659	0.213966
1955581326	0.326710
1860099558	-0.358735
137381495	-0.251429
1408518626	0.300565
317407076	0.281153
1117953943	0.260031
19726613	-0.142449
1935184730	-0.243080
201877444	-0.120074
7713202	-0.306083
57977498	-0.103382
87318108	-0.659384
9624742	0.204104
19891260	0.043288
254775647	-0.299115
15116570	-0.251784
1925654095	-0.369292
17643209	-0.183923
14344823	0.325120
308664726	-0.016328
558769636	0.097664
40024874	-0.579274
198963912	-0.156783
189910408	-0.700744
50839205	-0.664806
560117034	-0.026472
2363258587	-0.094872
19739126	-0.156380
338883349	-0.458629
48086014	0.312178
2282872260	-0.306315
33665393	-0.347214
205886080	0.233060
135931182	0.024544
800162478	-0.551378
373011304	-0.616886
7270292	0.024415
17976923	-0.629101
104797238	-0.229585
2337254448	0.371454
97150206	-0.048804
5561412	-0.570921
42760147	-0.303075
191923358	-0.195840
581141508	0.034230
223166587	0.058982
193614775	-0.509472
28599820	-0.463612
1001025787	-0.679711
972323274	-0.377510
9855382	0.090342
472632386	0.238879
2230533374	-0.476639
2704951	0.230376
1611064304	-0.304609
342601720	0.362958
224320485	-0.024179
121620626	0.215213
364564017	-0.462135
1469735982	-0.553836
17768436	0.246841
19543987	-0.316213
1374923180	-0.361019
234024969	0.166643
16031927	0.318858
755802794	-0.532910
29501253	-0.519672
1403429444	-0.362010
1071768498	-0.307880
313344689	-0.432558
2288373518	0.072400
250188760	0.154700
891678516	-0.255053
1920276091	-0.352460
16100318	-0.665976
49453870	-0.414959
10168082	0.304329
453698931	-0.668571
54598826	0.201221
165511812	0.304814
1599284149	-0.444172
237299871	0.048934
556000874	0.230400
156975310	-0.640722
96662959	0.378809
15297551	0.252014
17513304	-0.501203
364415553	0.206392
305145458	-0.429195
2366260580	-0.583478
394272456	0.293107
237129990	-0.309979
1020058453	-0.647838
317630465	-0.601671
39793961	-0.379944
377237995	-0.471523
133429379	0.221558
64651898	-0.325686
776664410	0.295123
235660311	0.231612
63753027	0.119089
1977097572	-0.538500
35829796	-0.120632
520950046	-0.451206
1521740594	-0.160059
1061486761	-0.556197
425565585	-0.505812
32135704	-0.392204
111635980	-0.276484
334320138	-0.352501
1262814457	-0.606678
137068935	-0.477254
237926856	-0.152446
48075643	-0.412182
919804596	-0.042321
244985138	-0.307949
77418275	0.084664
230981077	-0.031262
109274506	-0.436732
14634720	-0.115557
193872188	-0.553748
43955137	-0.183268
1878559962	-0.661691
2241120434	0.295976
209833543	0.238996
1434486529	-0.232551
254277011	0.034071
201453157	-0.673554
217137252	0.185993
31611298	0.264123
1517363570	-0.299442
51241574	-0.538108
162069635	-0.052906
356291170	-0.250236
474232856	0.199941
1931698346	-0.530734
245378929	-0.294081
159524468	-0.393910
15675138	0.233987
1602221707	0.031137
27088314	0.229880
2256726992	-0.228015
248852820	-0.110287
108671959	0.235805
136471166	0.282952
21220931	-0.298416
233238234	0.344095
557671006	-0.125018
1060860422	0.194641
2178681566	-0.002349
1535579558	-0.594797
22731105	0.011935
260760840	-0.417186
72405094	-0.547996
18161620	-0.061388
338811841	0.203944
1385690448	0.179901
1898897300	-0.254850
621293247	-0.027745
128235400	0.086765
217912727	-0.081957
531481241	-0.025184
1399903849	0.196232
114887629	-0.384858
5392522	0.125140
269908647	-0.612965
339814337	0.281336
326208966	-0.247373
2162136865	-0.533534
80403646	0.086929
131036750	-0.671410
53643803	-0.485820
30216513	-0.538877
860154126	0.179275
19512725	-0.124681
405034710	-0.375448
16517357	0.337158
85916265	-0.551747
1337252017	0.095079
397430607	0.127055
15727317	-0.515313
15159913	-0.508081
275098108	-0.580290
38500956	0.009511
122770149	-0.152792
600991865	-0.638562
5496932	-0.520510
49649077	0.282400
1627252382	0.268010
260396714	0.015157
37461389	-0.193533
1279783315	0.275257
19808819	-0.623440
1305465990	0.142031
474451843	-0.081067
220580561	-0.160559
16102244	-0.512694
71328021	-0.143494
122146840	-0.157995
1827782569	-0.321390
15954997	-0.676581
754277773	-0.651060
1920537577	-0.069118
21419440	0.316576
381666107	-0.657988
25915690	-0.242941
17301179	-0.362014
19286569	-0.667752
1060487274	0.128691
582475251	0.213777
14984637	-0.505767
19257799	0.272753
138770045	0.006540
407744769	0.044822
57860368	-0.030457
16129920	-0.335356
23121519	-0.110205
24392175	-0.046531
15417358	-0.236316
240363117	-0.282132
1140648348	0.269781
167699332	-0.554920
1911335244	0.172221
1719880621	0.232748
74164455	-0.187268
151200240	-0.599438
22946355	-0.482261
833990756	-0.233461
3108351	-0.187343
234469322	-0.459175
1693373094	-0.332468
351109901	-0.569191
247420668	-0.112609
538646538	-0.175766
16583468	-0.199485
14763834	-0.312249
382791093	0.264504
322794665	0.350477
271985168	-0.091496
21636248	-0.124187
555593757	-0.031034
61250271	-0.590337
207317790	0.143996
575766234	-0.188633
1002244244	-0.346398
84984380	0.095129
1550794628	0.082038
958081542	0.073857
95978223	-0.355221
1305596696	-0.646484
15922214	-0.248813
15522251	0.308181
978690895	-0.666195
62090497	-0.365879
791002021	0.222252
2196576859	0.073604
34122899	0.091067
200400227	0.059318
23789790	0.081865
121990777	-0.201029
1469446608	0.229731
2178860358	-0.334293
470126084	-0.563728
615953866	-0.022190
15745368	-0.319785
42734224	0.378352
1503451620	0.312810
193794406	-0.326081
538185166	-0.296486
324171587	0.213235
1463325120	0.060251
15918708	0.399597
188194323	-0.638541
135653370	-0.578999
34402366	0.090896
24463788	-0.297946
2284159548	-0.098107
34932854	0.091114
48587305	-0.351624
302382660	0.305440
199286398	-0.627755
1462723416	-0.285746
359032147	-0.487626
400792588	-0.518647
572061403	0.005224
247066289	-0.265673
930234066	0.134081
34966987	-0.425748
2330410284	-0.254246
38067927	-0.435011
158398519	0.182862
325804079	-0.640118
18873711	-0.434168
78403308	-0.259091
568151409	0.278996
2311117897	-0.439900
110545675	-0.572057
24795163	0.216356
454060961	-0.668085
357253772	-0.162210
19028248	-0.622490
74895491	-0.305878
801084110	0.037586
16187637	-0.376975
1365881617	-0.446008
628018533	-0.555442
98017737	-0.407312
845711293	0.034104
593840334	0.213022
1380763326	0.126703
193978839	0.220741
115166212	0.149034
1009269193	-0.335070
2253990607	0.238692
105823136	-0.065624
287225290	-0.215337
137407124	-0.156648
426694458	0.017509
245905555	-0.540287
1545715382	-0.209002
20078009	0.360989
18060177	0.247113
28969421	-0.011983
145292853	-0.332869
92055121	-0.117650
46263050	-0.363250
1736053987	-0.396093
2238098360	-0.357033
11379362	0.191958
240760644	0.330648
301416337	-0.154406
965142457	-0.472219
1374780043	-0.192520
24260994	-0.621616
265529710	-0.521053
448077090	-0.458912
1157424444	-0.135402
218206502	0.146457
25162697	-0.441305
1350864440	0.312487
204905640	0.253380
71036272	-0.076058
19658173	-0.542205
15008539	-0.151093
124335509	-0.493882
66774077	-0.149915
770554297	0.018020
1671690367	-0.241486
36654245	0.020528
2250858631	-0.358138
15985455	0.130298
1396846357	0.022132
385188446	0.256475
1055730738	-0.433072
716984711	-0.545755
38039087	-0.146497
248252582	-0.450260
163570705	-0.473102
191728014	-0.333121
299802435	-0.201632
468601121	-0.412386
740417436	-0.322048
15856366	-0.250898
1665514478	-0.645358
11650762	-0.001958
270017791	0.336756
31128529	-0.596058
27385174	-0.473060
393585626	0.167653
296361085	-0.114850
293131808	0.021538
976579933	0.356539
228784853	0.278056
332040130	-0.276951
309267226	-0.586304
41750998	-0.407494
68917738	-0.119345
1874140452	-0.373690
159609651	-0.393308
458393298	-0.253040
403353373	-0.565814
249674727	-0.208170
2286252732	-0.372989
1080844782	-0.418393
1372288434	-0.132841
255876732	-0.056851
49541291	-0.622723
784971582	0.070084
22527499	-0.435146
21693764	-0.053960
16473577	-0.147078
159977219	0.198120
140519774	0.343451
27633572	0.326612
31122582	0.006273
32506723	-0.216161
1655680988	-0.332147
2245220154	-0.315396
15075753	0.116285
588237779	0.128905
1468203217	0.242188
188019606	-0.654122
242836537	0.290033
193632778	-0.634644
19865528	0.235428
351149827	-0.599593
18166778	-0.114281
303861808	-0.399365
343830557	-0.610967
17353658	-0.311835
1541893820	0.201648
195271137	-0.633661
362597648	0.172698
249219490	-0.600240
26122639	-0.538798
46557945	0.281363
398269985	-0.274964
48263046	-0.475298
1128514404	-0.083906
1262936000	0.183221
537063930	-0.640233
305620929	0.328111
15012486	-0.500190
156300451	0.351504
305216911	0.194755
757372008	-0.522617
32393576	-0.647445
1711193490	-0.632333
19151741	0.365250
16814879	-0.333226
27705441	0.352571
385288144	0.221742
235251868	0.132921
431990191	-0.021792
236118432	-0.462882
91032815	0.102424
2367536538	-0.004246
452004245	-0.674020
135297032	-0.530268
166536928	-0.553755
1476337592	-0.094265
32379396	-0.412910
589425352	-0.359638
633855519	-0.401706
17800215	0.333303
235312723	0.069244
123934875	-0.252524
983813816	0.289444
359133002	-0.401608
246769138	-0.207671
602997805	-0.162020
30619527	0.066224
2203931420	-0.480524
126980084	0.261108
222721984	-0.070484
167507135	0.238203
459446627	0.302252
284744912	0.159828
59771400	0.142071
1096059529	-0.305130
1385871187	0.093531
1022263688	-0.309603
271958454	0.342850
1540360435	0.126747
765038167	-0.641619
16803651	0.305971
18029328	-0.241682
2361531690	0.206042
60984835	-0.581614
112236901	0.344492
404226735	-0.015420
1911879768	-0.374421
50452197	0.053303
55896443	-0.005757
159292313	0.332480
1883356866	-0.652366
314761332	0.237647
26607712	-0.631621
21786287	-0.617348
15356407	-0.120682
2739461	-0.057831
161743731	-0.363289
270182385	0.195769
349379430	-0.634163
57751453	-0.206191
1265207760	-0.458740
27886115	0.351942
16441318	0.307948
96800896	0.010453
23976316	-0.503645
21762137	-0.446205
350927143	-0.642765
539485640	-0.271633
407323365	0.050923
275725571	0.014023
77308668	0.099416
30095477	-0.603003
330650569	-0.219073
108083058	-0.188382
1644805254	-0.604058
7356562	-0.519861
2305315345	0.356878
360804642	-0.624987
919927722	0.150320
15207668	-0.409662
1214475872	-0.589290
44478497	-0.444315
16099657	-0.482863
857748156	0.275942
1678290240	-0.601513
76381104	0.031717
407039290	-0.703122
344109654	0.085500
15035209	-0.577418
254805061	0.025476
9300262	-0.122911
242426145	-0.698490
1902563203	0.067057
1909542326	-0.595284
185684821	-0.319460
21157904	0.294872
253100055	-0.461180
396794501	-0.095864
30050899	-0.211531
47736933	0.077040
209792690	0.235037
11134252	-0.466122
480056408	-0.236481
14125897	-0.468684
1075843532	0.025612
174847410	-0.677853
1173237842	-0.581729
610415617	0.364338
30823752	0.329192
14597351	-0.628870
316819997	-0.449974
32007346	-0.194524
356881780	-0.532898
323511585	-0.509622
43108099	-0.109678
49675523	-0.455798
299883942	0.242017
1214026033	-0.391480
293459696	0.266634
793992	-0.388393
2236741645	-0.605599
16469463	-0.658719
1462357878	0.193608
1852444146	-0.090383
288295387	-0.105031
63502107	0.341331
323863880	-0.481016
93723445	-0.523711
85418520	0.347611
405134921	0.074154
2301967142	-0.220927
148041415	0.347911
284296658	-0.572932
1898624934	-0.661650
1444380402	-0.104576
554109268	-0.683656
2297176518	0.007868
1071900114	-0.095072
254189414	0.117348
469674025	-0.244289
1422126799	0.224492
327798242	-0.019382
80958505	-0.619409
393603441	-0.413457
181101417	-0.571266
52989817	-0.019754
818586175	-0.490860
2277763242	0.155689
31120881	-0.019256
1025653922	-0.337824
54686639	-0.298661
185049728	-0.370051
530864692	-0.278069
44195577	0.171026
281162551	-0.066998
954172328	-0.253457
34850480	0.107131
17750110	-0.418677
38036372	-0.150883
48115928	0.166365
514929629	-0.500394
251656840	0.085463
14173315	-0.016276
1884324084	-0.642016
281540744	-0.467928
18891923	0.051695
257658885	-0.155073
1246366651	0.041965
330938673	0.204498
1059240924	0.368344
194536303	-0.222088
1339931490	0.240524
518644221	-0.398706
431266828	0.070849
432092458	-0.232899
234022257	-0.543220
47747074	-0.338396
73925960	-0.003566
450108691	-0.596108
278124059	-0.612621
473199911	-0.335435
196619213	0.231070
227036687	-0.541049
1630446259	-0.183717
16669075	-0.585696
75843152	0.078348
1510065122	0.157267
392998644	-0.493422
78130610	-0.201998
2203399435	0.089616
1906353372	-0.172700
56763589	-0.429527
116534252	-0.690343
15324851	-0.029472
209598477	-0.325770
244526889	-0.262144
1488969002	-0.076272
232992031	0.175032
15394954	-0.092195
18805303	-0.096187
224285242	-0.269861
883557414	-0.197209
43050282	-0.345289
18548136	0.209121
267938462	-0.579014
585206397	-0.446536
291676686	-0.546158
1939381628	-0.267487
309605202	-0.428867
77017567	0.263535
779118265	0.099643
751212379	-0.664514
245136682	-0.410200
115488968	0.123479
2253968388	-0.259384
1075666608	-0.405370
555473643	-0.396239
51267980	-0.285792
176646411	0.085067
728565668	0.234164
487067075	-0.181638
16054728	0.377662
1055362014	-0.480559
47412499	-0.267530
337122716	0.343995
870670477	0.091776
1572830660	-0.266455
391814356	0.097740
13218102	0.399354
1418013151	-0.282972
71294756	-0.099021
5660532	-0.387772
398165004	-0.652619
516642662	-0.332556
14587949	0.087121
17992453	-0.606851
485842327	0.140615
2234105580	-0.396336
19929362	0.385421
151589736	0.306209
45151382	-0.321733
381152398	-0.268635
21950364	-0.612393
326043489	0.098518
233724961	-0.532288
462033343	0.343365
186506052	0.172924
75347500	-0.675606
449795350	-0.213172
701303623	0.386370
1439879557	-0.651301
246341769	-0.500105
186291444	-0.171855
378738565	-0.629568
219429281	0.218193
1932363210	-0.370748
308276891	0.156492
1580451673	-0.200733
74302172	0.032827
360893245	-0.430613
1375646822	-0.605809
237312687	-0.478033
119162694	-0.167097
21619519	-0.530838
490535112	0.370382
224297637	-0.286144
1497534576	-0.525858
14308987	0.034161
345261756	0.340070
1255785854	0.198485
18216752	0.110275
2184765932	-0.182025
1525086182	-0.226291
56538228	-0.204850
95166404	0.243656
342945847	0.012489
630802892	0.008013
15350894	0.295559
19616327	0.381981
390522985	0.372502
2287788476	-0.272627
624186253	-0.046335
621500066	0.114460
24300215	-0.257135
1624698122	-0.055988
236479311	0.294715
594060392	-0.290234
1072453910	-0.655529
538086333	-0.564687
342780479	0.272854
178419778	-0.039549
280206584	-0.069560
345555778	-0.533565
1125409915	-0.407785
93936388	-0.632119
234014087	0.060980
473401390	-0.596103
993153006	-0.192966
19139963	-0.229891
41464356	-0.544161
506033683	0.227562
590696606	0.058872
1652541	0.240707
235217558	-0.346913
425489816	0.296968
235591153	0.054151
22903983	-0.565420
344033052	0.165008
946114207	-0.095620
770448248	-0.476804
19407835	-0.510080
26778110	0.239995
1327675195	-0.135178
169588591	-0.073897
78673043	-0.392555
15496979	-0.534368
801523267	-0.150789
45340027	-0.341407
399432469	-0.099495
125397444	-0.417680
72198806	-0.106912
197307435	-0.191375
1134292500	-0.300682
20563979	-0.138606
164707575	0.348334
14617444	-0.304769
263414131	-0.180290
31006603	0.290484
201079432	-0.105958
1149312193	0.296018
117974827	-0.428345
89814216	-0.678428
238861711	-0.643249
253149069	-0.669112
34666990	-0.102352
555845120	0.345543
80111837	-0.649752
1406277577	-0.007291
529973619	-0.644548
950328072	-0.554060
153944899	-0.617941
1335517206	-0.032343
242376736	-0.292707
584351142	-0.398569
1183865954	-0.007631
368977925	-0.428888
75398827	-0.214137
224294785	-0.142713
173363468	-0.235125
388958868	0.080343
133864713	-0.352358
91179070	-0.468484
289530036	-0.065360
143889472	0.126391
51284800	-0.115490
233601235	-0.263321
250710495	-0.452433
15434632	0.362694
36183582	0.306716
441425863	-0.375323
221614578	0.140592
439596778	-0.319309
20841089	-0.302150
575385464	-0.196861
40526985	-0.255549
248850174	0.142133
37920978	0.157310
15939889	-0.234905
1490306108	-0.326376
433079096	0.190026
463132556	-0.263201
2312281051	0.091771
1458461443	-0.177425
19877680	-0.117532
377773483	0.157993
180142423	0.142522
13067732	0.060716
38787045	-0.185157
1143060714	-0.678857
452413225	-0.312418
18043103	0.054704
1282568923	-0.470847
339172700	0.324413
112604826	-0.019118
1229226714	-0.120822
249834165	-0.452752
2305350474	-0.589247
2377621136	-0.095368
18289929	0.073187
366228554	-0.636407
24742936	0.063826
85634199	0.169507
93288759	-0.326787
1051127714	-0.626218
197290856	0.356673
20071932	-0.352446
48807726	0.008057
486380694	-0.690713
168666357	-0.325671
215909539	-0.449228
168673083	-0.670289
47632905	-0.688110
1069918782	0.015978
28252475	-0.538592
1123683068	-0.336230
2314336918	0.055904
84129740	-0.013714
229197216	0.154764
247850985	0.351576
2369496272	0.355891
85970738	-0.036815
15715842	0.374064
153919023	-0.461594
499978095	-0.295637
1365631760	0.204109
389759292	-0.624321
38465240	-0.050381
1512666349	0.203159
1656055824	-0.605401
1662929678	0.225436
117197307	0.106390
991357832	0.154159
34438002	-0.163864
104631905	-0.641286
1262623074	-0.321777
132278386	-0.099859
15948219	-0.660060
1011705054	0.225441
251728316	-0.618940
20495104	0.344001
612716532	-0.504267
110050273	-0.472158
113214730	0.079180
237770636	-0.350177
247596046	-0.621535
62543872	-0.528631
123282266	-0.197604
133439172	-0.342360
1037084538	-0.134520
111632324	-0.085475
534405915	-0.116729
276197098	-0.001339
77664666	-0.651136
1394549060	-0.564870
2199888721	0.078883
225921757	0.121092
91744236	-0.387124
428333	-0.033107
85634177	0.157140
255829884	-0.627961
1328123624	-0.458916
325717986	-0.626657
266830495	0.404616
611834439	-0.220353
960696949	-0.016280
15572155	0.259772
433791263	-0.369853
1636291356	-0.526322
19912734	-0.287377
337932925	-0.392804
543822491	0.215230
49634881	0.263441
468930111	0.324506
620298978	-0.332838
349947276	-0.156072
60638933	0.379814
282775291	-0.124145
26677801	-0.142416
23035691	-0.102785
534599939	-0.292358
195042501	0.381462
50325797	0.232567
65453528	-0.132485
2321775476	0.169111
229592356	-0.663907
1071764281	0.202871
2340967118	-0.599319
1223102983	-0.624118
122719755	-0.079454
124196924	-0.618194
17525171	-0.588305
52503751	-0.098104
76452765	-0.648120
1634852712	0.270249
1172636797	0.204214
33977070	-0.155545
21048033	-0.083281
217543151	-0.307334
1726999796	-0.236521
401955731	0.125213
948491592	-0.644093
267583652	-0.341335
225242868	0.060922
487906127	-0.637125
286898862	0.171817
605098090	-0.205197
1071102246	-0.323621
1075551668	-0.514524
1441675236	0.322310
206428391	-0.613579
325298865	-0.422911
1626115357	-0.318118
600737301	0.243299
43476440	0.302989
1061385474	-0.421788
362052555	0.131453
281509650	0.004289
1228818295	-0.666242
516131688	0.295360
1222257180	-0.113117
158205177	-0.091383
28889556	-0.398559
248004920	-0.507139
23632545	-0.410173
1023236538	-0.369482
24737755	-0.513564
41406567	0.094092
117197740	0.285385
69715433	0.155544
74198348	-0.063166
463606038	-0.674743
1061006802	-0.585340
575749942	0.119795
115754120	-0.366648
15448332	-0.547312
1131203611	0.199172
298059168	0.351544
610325685	-0.345608
241207373	0.320265
1332628436	-0.026648
1925656796	0.350493
211254250	0.412163
851120473	-0.602017
108619944	-0.378623
95070642	-0.251127
450708486	0.253598
257170128	-0.129278
154648736	-0.051233
442824717	0.085165
1571215884	-0.439450
308563367	-0.514557
1440997712	-0.315221
19793648	-0.357451
1536065244	-0.646592
122207745	-0.391122
362654346	-0.362948
78369108	-0.388180
14859559	-0.674893
318464838	-0.196353
425527664	0.181441
286034058	-0.222968
1552818054	0.104567
37766935	-0.024419
266772387	-0.470477
986188543	0.354951
1372431026	-0.016769
282233418	-0.496454
308748838	-0.072161
256178459	0.145997
70156027	-0.326593
407584834	0.311867
633131271	-0.316033
1072382221	-0.321280
1437466362	-0.258027
373883896	0.070729
1901113928	-0.286030
1484301392	-0.051910
799658150	0.078681
1198766904	-0.011555
785414496	-0.224061
84677520	0.193824
1797991	-0.363636
608182396	-0.445240
170767454	-0.342777
15361570	-0.300808
9508922	-0.199818
376477453	-0.309894
190160433	-0.682262
373326597	-0.160292
122212010	0.346327
44127294	-0.306733
22797378	-0.190650
1592481150	-0.134220
233842454	-0.650722
265155317	-0.361046
564225302	0.051678
2358445766	0.302340
127894579	-0.045003
30313925	-0.436274
1058717720	-0.189754
20641972	0.296217
1877628114	-0.337761
1412998502	-0.199785
40466049	0.082278
1008962922	0.206317
13383292	-0.046677
100330676	-0.670768
330583779	0.231190
5692662	-0.675750
1494474121	-0.313695
566631178	0.188392
237781383	-0.176233
2251095308	-0.015909
975200486	-0.294193
16712666	-0.148116
1656884071	-0.476002
1355831521	0.237659
279634424	0.132908
29610442	-0.362572
8542882	-0.121667
18724011	-0.207987
237348797	-0.247460
248699486	-0.482451
633825457	0.161059
29929730	-0.536136
18916432	0.090288
19518515	0.306690
52537790	-0.665724
455041792	-0.159869
253016264	0.092670
116518445	0.376949
533702418	0.122319
29710286	0.118629
26976860	0.018239
25086658	-0.501281
1969641703	-0.176972
189236855	-0.398510
23536035	0.074764
617382180	0.316892
2281176661	-0.488007
1917347892	-0.498624
1305481388	-0.281323
761840588	-0.643069
16560935	-0.319458
180032621	0.061160
294965312	0.216739
380001296	-0.453614
398990591	-0.027839
133448248	-0.181986
1608892718	-0.684993
409799018	0.281250
1622931326	-0.270949
36126319	-0.591235
156075520	0.042038
5031151	-0.495792
340296149	-0.260345
378096410	-0.088100
242993672	-0.390206
