14412533	0.111661
2163623972	-0.540558
249222850	-0.118317
1281503318	0.400880
387984038	-0.106883
1206306506	-0.426008
57931553	-0.402912
2258783241	-0.004490
63160932	-0.181071
25198840	0.287782
15289825	-0.535563
1452476780	-0.579347
1086619808	-0.218836
1623308912	0.038856
2194801027	-0.152220
20467163	0.201138
19824430	0.363275
1739650556	-0.206435
59558161	-0.604487
1444015610	-0.636764
804861259	-0.003285
252254916	-0.173408
40057701	-0.659685
2375722164	0.309543
451032276	-0.206359
1120298527	0.080766
16860684	-0.427569
187414539	-0.013418
479674626	-0.643418
19394188	0.021787
1155335864	0.275116
20635633	-0.283904
248718904	-0.018272
252644673	-0.309942
534680801	0.278173
932446728	-0.655026
235373000	-0.545784
1377700518	-0.323856
437741704	-0.412308
414516629	-0.226142
46807181	-0.086470
1691930744	-0.071947
153694167	-0.497289
16705010	-0.265323
22509598	0.104816
31054788	0.210925
1545781357	-0.654186
5990782	-0.366493
239949176	-0.388613
174879603	-0.257260
547778460	-0.101619
15993122	-0.061131
44209472	-0.460609
17811916	0.277324
37131103	0.035109
83932732	0.019237
22006412	0.376133
132201224	-0.442041
1647266078	0.165144
126632552	0.196995
16789970	-0.306168
1183998762	-0.241311
317216233	-0.055263
354493762	-0.597159
24773493	-0.348176
119899270	0.099566
414774285	0.410241
1252129242	0.193776
295868971	-0.435244
19186003	-0.342989
564908956	-0.489304
528484792	-0.188476
2291373043	0.236368
2260662498	0.332392
40523440	-0.636169
471606410	-0.680108
25668918	-0.218430
320787415	-0.089369
383393464	0.270479
463890972	0.022999
48366585	0.387386
239584537	0.104371
1357793240	-0.092784
51535196	-0.605094
22930392	-0.162894
35137957	-0.187830
199317006	-0.110210
197628846	0.299421
223360975	-0.571217
29157809	0.266745
776063954	0.203121
277107570	0.230802
873631776	-0.016082
18943752	-0.192776
492616846	0.068619
75927706	-0.639831
1334517175	0.027943
29205600	-0.577223
182815759	0.357965
54412900	-0.196565
860696202	-0.577563
171813900	0.112749
19312039	-0.127206
1009921273	-0.420085
717888988	-0.487352
536281139	0.012467
474326839	0.337366
237763317	-0.546976
164732631	-0.022787
18890707	-0.120816
18696134	0.151115
217454584	0.352585
25168293	-0.661974
13491312	0.219635
311789873	-0.069857
467801778	-0.600023
216881337	-0.345826
35998429	0.185985
16256269	-0.677005
1226281657	-0.614775
47127416	0.219401
598384016	0.299425
456986241	0.192080
9532402	0.220864
26459660	0.018145
35060071	-0.098618
424122984	-0.648485
164007407	-0.463597
1127447660	-0.191918
728708694	-0.233188
40367637	-0.127209
1367531	0.330484
89657363	-0.065950
10375552	-0.346139
28480805	-0.277208
1328434170	-0.519276
1055907624	0.068354
28856628	-0.295304
1915916724	-0.127422
708309848	-0.602311
108052620	-0.472612
11348282	0.200177
104615577	0.330425
15697940	-0.247039
1925127612	0.326126
1222580420	0.312484
254310640	0.239999
201791908	-0.282234
1189780298	-0.262975
502184923	0.353978
25124372	-0.557513
2237923975	-0.191942
18909919	0.372211
384913290	-0.071543
177028305	-0.220104
266133081	-0.408162
249348006	0.145555
96386080	-0.357861
66369181	-0.325926
277008614	-0.090939
254859330	0.013851
237460752	-0.505146
2360123726	-0.310696
343588320	-0.500946
22113371	0.230408
2221362486	-0.336274
1025521	-0.579644
79729138	-0.622706
1060984272	0.340427
358606388	-0.208113
23220731	-0.371764
325691585	0.175425
1408162200	-0.542188
274824692	0.077794
186299824	-0.599036
612117635	-0.097040
35762860	0.283210
19216998	0.335053
409522947	-0.561965
112765894	-0.412551
3135241	-0.444131
280346878	0.249556
220208804	-0.149285
116141817	-0.243935
611886875	0.169339
73303753	0.371047
25226477	-0.239925
331678866	-0.595596
261918703	0.006849
561628839	-0.310813
47544979	0.224707
790097610	-0.365780
1718400349	0.259749
15092872	-0.291373
1676771268	-0.215088
28785486	-0.173688
183637495	0.283053
521926535	-0.674641
124062781	-0.504345
241771567	-0.478466
31210583	0.109171
379378754	-0.609865
576268700	-0.527783
163209579	0.157793
1066076640	0.197338
93189203	0.016463
939091	-0.635931
254557147	-0.051251
63506775	0.379874
240839950	0.252054
172662933	-0.251570
618586017	0.227365
85616770	-0.308328
1091456496	0.028039
267889663	0.084506
160647819	0.138130
510516465	-0.434974
18678924	0.189316
35081819	-0.007287
15980436	-0.355924
20618764	-0.616654
1689821791	-0.614307
356199275	-0.186351
2205359364	-0.460072
211420609	-0.276249
21631487	-0.070745
722800129	-0.508331
547174027	-0.163238
116748080	-0.616440
1057859527	-0.375078
27136225	-0.354095
269893425	-0.329662
1921776680	-0.486935
2196548623	0.244440
124224165	0.009047
519728645	-0.045449
25214807	-0.284905
85898279	-0.326913
961520071	0.206999
310608280	-0.276990
558895964	0.352459
72831557	-0.325779
622198206	-0.134430
1027156464	-0.257793
18294521	-0.385150
1725039222	-0.622420
222320264	-0.018331
251408532	-0.119924
1542493423	0.308903
543154345	-0.527321
259834782	-0.658125
21873714	0.331243
108376246	-0.604841
16614802	0.201562
371887563	-0.037159
1090002997	-0.237345
93552029	-0.519828
17111550	0.218292
372503594	-0.342545
20015903	-0.089114
934933188	-0.681429
332340557	-0.336207
944917346	0.312851
2370786962	0.097605
78941245	-0.130031
103727818	-0.587254
351266014	0.111318
1607546875	-0.461041
99949940	-0.324850
1713542732	0.029650
237600102	0.222934
72129678	-0.639551
180389279	-0.445715
2179040628	0.386405
517911880	-0.098322
2310494503	0.361040
2293131060	0.383660
218357036	0.119308
558831200	-0.519138
402190452	-0.518015
97239626	0.377723
11883722	0.023418
394303189	0.226994
110420252	0.252540
61842393	-0.595440
357580948	0.290268
1496512904	-0.227736
425889480	-0.338590
168830539	-0.346508
15710384	0.128039
23109966	-0.047500
34773320	0.314939
1469869638	0.350283
198323147	-0.029894
29584150	-0.615154
322781751	-0.649748
976969338	-0.471515
748531489	0.078934
886946899	0.343223
397584127	-0.355756
234057152	-0.313147
26083271	0.078586
26144769	-0.526654
287811065	0.343979
52763281	0.069080
27048645	-0.028797
28336822	-0.516680
131791939	-0.629200
81919296	0.174388
306001688	0.096614
125984383	-0.080059
1262557194	0.290320
506462653	-0.371551
85396297	-0.634717
233557728	-0.517227
252819323	0.170154
238314303	-0.283362
296068607	-0.201239
1058807868	0.248040
49986081	-0.203558
14081659	0.281165
452700445	-0.187715
207116000	0.160361
1356966632	0.012431
49171436	-0.021089
855057596	0.210043
1340326969	0.001148
598123678	-0.175627
966442267	0.037778
326210627	-0.077473
108617810	-0.428031
221508042	0.131326
39322371	0.165162
31285825	0.366830
97298155	0.110654
98910693	-0.525120
1912048351	0.113138
547416793	0.371355
868637460	0.023000
189904289	-0.059669
584012853	-0.629328
176134825	-0.089764
606101503	-0.056687
1469528666	-0.620852
543635294	-0.419148
360436349	-0.275892
481000411	0.345824
326196796	0.301481
1120550322	-0.011619
192441406	-0.106404
272542662	-0.284503
904655414	-0.071020
1060370282	0.092497
121469977	-0.009431
73931897	0.391363
46004597	0.050542
1447399590	-0.417125
1201824876	0.161488
359222643	-0.436475
384111224	-0.046223
80958602	-0.061736
1658898042	-0.513680
439049326	0.336302
195193469	-0.223801
209787354	0.091885
362688424	-0.364962
432676344	0.232269
55581437	-0.257164
147487756	0.407321
11856892	0.282403
108689270	-0.669692
97931967	0.128556
1644734071	-0.560410
198526130	-0.062552
475294870	-0.638527
399170640	0.229259
76163900	0.331488
998576058	-0.648764
430292078	-0.499278
823801824	-0.608361
1974399272	0.025962
402719755	-0.530523
456032135	-0.627438
743694942	0.119098
51943611	-0.052197
1350118422	-0.295733
30864583	-0.232011
39510422	0.156671
353834752	-0.149760
2260579802	-0.170482
15392139	-0.334173
26977568	-0.106755
47892311	0.021868
20517132	0.299269
324403737	-0.286443
42913132	0.275005
573495038	-0.657044
208692908	-0.643181
425286290	-0.416313
452344217	0.022754
220249920	-0.121462
267854863	-0.524236
582875320	-0.605915
791967744	0.370648
1548079500	0.028907
288963206	-0.380542
239964750	-0.153810
2314375189	-0.402152
1729693597	-0.612730
89193992	-0.046829
1083448909	0.133918
963480595	0.059557
221528389	-0.542286
1058460818	-0.036163
26637348	-0.511602
5988062	-0.206640
221162525	-0.606409
1964821772	-0.281059
278145569	-0.078812
387225200	-0.134981
435983624	-0.028469
17005219	-0.653681
90518536	-0.449881
17633159	0.299455
1355805258	0.202364
14579415	0.222073
267339368	-0.439383
75578498	-0.039268
717905080	0.281119
24183358	-0.278337
2318080736	-0.235953
1405337395	0.182276
73833569	0.159343
1646054551	0.040633
245451804	-0.132431
887385018	0.209375
15987296	0.316398
54446722	-0.232591
467787311	0.168543
78387677	-0.553224
1138688364	0.327073
224391627	0.277073
318095351	0.204604
44177383	-0.152717
178229698	0.221120
36117128	-0.390536
240812994	0.060952
1080509366	-0.385029
1480654033	0.171802
22242298	-0.384428
171693939	-0.079699
285737815	-0.401058
1055685948	-0.325854
25956294	0.111988
1058051748	-0.684803
1092248911	-0.140988
18205674	0.384574
245419752	-0.626109
7597712	-0.260466
418078050	0.088430
472587512	-0.614058
379815077	-0.230867
516880804	0.317892
14764240	-0.101570
115733549	-0.669408
1674501806	-0.431843
1058917562	0.079872
16348437	-0.159687
277363853	-0.579813
260807192	-0.349081
20245031	-0.424612
337785530	0.294648
333663029	-0.422935
65433355	-0.274601
28423263	0.347685
2312501226	0.371148
585441089	-0.513115
126171100	-0.403244
349979682	0.096307
841342315	0.130138
525736608	-0.290339
557050706	0.207525
334965470	-0.646650
249814580	0.060355
274255909	-0.094651
310347243	0.095983
1730532331	-0.089889
867444085	-0.578221
297498647	-0.605520
85476251	-0.344572
154699063	-0.251375
93761782	0.340522
1090009730	-0.420819
360080772	0.043971
16631939	-0.597614
376064104	-0.050210
619964159	-0.337057
20468251	0.201631
26513860	-0.678347
168502762	0.220316
258900199	0.245063
488297851	-0.070850
21269970	-0.139627
24735461	-0.624208
384538886	0.291946
376946273	0.374489
1331884178	-0.206791
377534571	0.197322
2227361208	-0.208918
17544524	0.021324
24298528	0.071920
37982748	-0.281385
195790079	-0.554348
411765271	0.069662
254032655	0.185965
995193054	-0.432291
175131510	-0.090579
2412155161	-0.166412
1691191704	-0.032744
21797269	-0.166712
1228070911	-0.284296
123999551	-0.642091
7402662	0.231550
2268031692	0.024433
703301119	0.115075
2385644521	-0.620243
190328374	0.212187
240385577	0.165043
18732816	0.113338
976404032	-0.329731
613404995	-0.600395
239871673	-0.375384
1897447471	0.169226
55677432	-0.287120
22545491	-0.288356
156212602	-0.469216
305818200	-0.565775
2205545306	0.220598
234837632	0.345020
18822612	0.353500
345491974	-0.123915
2308777399	-0.668270
18030431	-0.321797
2207375216	-0.224615
70799357	-0.323716
148021006	-0.326344
23578274	-0.251986
296925880	0.325022
903320070	-0.629373
15639642	0.246907
161329769	0.033147
22055226	-0.115712
213634439	-0.563296
8162322	-0.454963
1564956584	0.360631
22509548	-0.678600
14129299	-0.526424
34238458	-0.493619
511079500	-0.314391
377591325	0.118082
2252607128	0.148383
1015802058	-0.008506
756285384	-0.543453
264494662	0.200363
90490354	-0.179801
14774189	0.224001
34069014	0.082501
1222684418	-0.345032
25755336	0.229535
240840748	-0.397311
15160884	0.211759
472263579	-0.259347
7900962	0.261501
27302870	0.033210
1074101017	-0.517512
22028039	0.269334
214209081	0.340023
1601370486	-0.278236
2191060944	0.213044
199510192	-0.149666
968650362	0.311432
22523087	-0.647721
753647880	-0.661090
408105171	0.268353
404132211	-0.435913
176896268	0.006044
114756202	-0.376085
47468096	-0.364060
1431823160	0.215150
40750860	-0.224363
358302508	0.084938
347395654	-0.457746
65146567	-0.612994
31744825	0.347059
136682183	-0.458074
33530012	0.367921
2322307531	-0.202748
546176922	-0.461411
237019973	-0.578122
1031845399	0.138516
346813911	-0.611850
189986982	-0.396010
777390745	0.271859
59704563	-0.477128
234053893	-0.516444
41445718	0.249833
19670455	-0.620337
1132232611	-0.529742
194720228	-0.495005
308852834	-0.113340
21144715	0.328495
376527578	-0.526375
22669526	-0.395216
794546882	-0.572934
26818986	0.254397
19576571	-0.564670
615537104	0.166577
2352119654	-0.246115
21542518	0.282780
494114249	0.042610
1117326481	-0.138148
14354562	-0.685967
1023294366	0.372047
336699225	0.015347
360338075	-0.248987
265639238	0.246051
402029058	-0.345801
535181994	0.131209
18170310	-0.341669
1068470480	-0.652500
109355585	-0.209551
1510311302	-0.117824
372315769	0.354486
21333396	0.085520
616965232	-0.427908
1516670166	0.264460
233601728	-0.284357
114299101	-0.176742
61046743	0.218192
177974542	-0.642846
300013543	0.203740
254226686	-0.637269
14857525	0.375540
237853147	0.251881
300430043	-0.463023
121171657	0.290535
37836873	-0.563848
187108150	0.057790
36738199	-0.591966
1710292866	0.308688
248735463	0.355407
40954486	-0.224733
284601302	-0.554884
1447467186	-0.321589
253281321	0.107739
15602331	-0.674133
577609337	-0.640485
43273533	-0.133199
26777550	-0.446056
30045475	-0.215861
58228306	-0.573150
874694125	0.068074
890904109	0.047642
470703779	-0.313531
122183484	-0.470796
589070172	0.196986
1075303104	0.054597
457733782	0.335253
117661549	-0.289903
20545793	0.132797
160919506	-0.349464
154233179	-0.432063
370467757	0.378561
216486007	-0.204466
438040565	-0.135606
216855513	0.245667
2264976900	-0.335697
378636572	0.128645
321234739	-0.088028
2278730858	0.188084
344525024	-0.234328
220765205	-0.612342
16002085	-0.267917
1681848204	-0.122596
123421771	-0.519063
831933780	-0.410984
1228652142	0.025423
1283908939	-0.432105
747876121	-0.485487
780383160	0.216465
531596035	0.200374
1410590874	-0.487562
16827173	0.281728
1625304829	-0.018389
429268149	-0.580072
110445334	0.158629
22528309	-0.193553
132345883	-0.588766
233693291	-0.660490
372506462	-0.158978
18863927	-0.197065
242873057	-0.070027
430235090	-0.640663
36564017	-0.072428
304115290	-0.084173
1901018683	-0.066235
1037321378	-0.159048
278433367	-0.433337
302113333	0.332954
1609169504	-0.011745
17997831	0.052507
1531521632	-0.358847
291551843	-0.413987
14669951	-0.336785
368914608	0.219294
1375871708	0.269211
17340186	-0.182473
432766911	-0.631801
68281948	0.193516
127963931	-0.085709
18646108	0.120002
549438299	-0.475664
16336478	-0.416999
83195396	-0.596507
467636108	0.384000
231898286	0.339785
70590748	-0.437742
441040701	-0.417161
137084996	0.353316
912598626	-0.026870
230720547	-0.487359
41861272	-0.264608
416644656	-0.490908
2317625354	-0.504189
28176898	-0.203939
401989810	-0.112495
581275783	-0.161460
91935208	-0.564707
18791763	-0.202170
27688281	-0.308681
1853114688	-0.427133
14246001	0.225470
1486445498	0.334890
977560500	-0.395909
15715665	0.042611
235279028	-0.505048
805188312	-0.652035
64507817	-0.273951
277193651	0.097755
21910246	-0.610770
156763824	-0.335838
1045110018	-0.016027
614706394	0.167641
36686040	-0.001795
1917731	-0.297301
280913598	0.278617
249787913	-0.025965
1242946140	-0.461113
1526488393	0.282441
28008943	-0.238118
2316393866	-0.088343
526750889	-0.530970
1849400233	-0.436663
125613253	0.226305
15380417	-0.309826
26051676	-0.278177
90250351	-0.427038
931024693	-0.021329
2245423891	-0.241866
73791927	0.001487
389357597	-0.103351
514749390	0.171986
1232484468	-0.155760
935033864	0.202513
27274887	-0.181003
952575223	-0.138229
414068004	0.057317
49057566	0.298105
702460382	0.230625
243413616	-0.384911
121537837	-0.553980
122174004	-0.114824
265329329	0.239710
237504609	0.019017
858111194	0.218233
246447524	-0.611682
20397563	0.231765
260479308	-0.157625
935987066	-0.519889
1051446626	0.011297
1428792126	0.122597
15007149	-0.523168
238264015	0.120122
237862972	-0.025328
265993392	-0.275216
15976697	0.260755
315992993	-0.621119
127919146	0.304334
403639485	0.054079
17120599	0.225396
1105408002	-0.172161
328679423	0.197763
130977700	-0.160685
70740010	-0.461988
894512114	0.213069
78408666	0.058673
2394285656	-0.390174
2292332720	-0.581705
21572351	0.120015
1157543414	-0.547888
130600206	0.170215
249219716	0.026952
346949527	-0.537547
337595668	0.377427
2155491151	-0.560847
51982954	0.140936
15224867	0.184571
27675227	0.240313
2236668625	-0.541462
108323434	0.089475
52052011	0.272067
2304223555	0.062929
538121732	-0.618079
50707364	-0.475121
470654192	-0.136016
1092757885	-0.383871
93950784	-0.170656
1360075950	-0.029646
19612749	0.035660
1382011333	-0.271195
55440365	0.080402
37497720	0.221037
117432541	-0.048539
1613159058	0.050894
103949895	-0.607842
399112142	-0.130275
22265452	0.311301
1120582274	-0.605064
1089334250	-0.495647
461301890	0.060671
198928268	-0.408759
12298112	-0.628269
240135871	0.110383
22507324	0.204003
117792965	-0.549708
381874511	-0.351873
741061716	-0.509453
325040651	-0.288400
294959299	0.363164
457276155	-0.099313
1237156340	-0.181576
21643972	0.072980
1362806395	-0.601587
136550204	-0.220426
18579364	-0.580214
1326498037	-0.402387
40510796	-0.016010
598853747	0.010939
573916220	-0.152372
3913931	0.100093
91346513	0.068452
2329092852	-0.339785
2176134116	0.083661
1461162020	0.213565
183212100	0.000374
15210284	-0.223621
133022865	-0.358505
171154131	-0.475595
18172905	0.361088
123150166	-0.410236
938657858	0.144224
191496735	-0.331861
252249233	0.191560
137794015	0.093299
220551206	0.329835
65082057	-0.524265
1553746556	-0.565305
749375898	0.239339
889786374	-0.585234
624927613	0.153248
158290255	0.369474
363540832	-0.343692
24509586	0.171699
447277172	-0.652158
14398250	-0.640843
287545295	-0.093736
84119348	0.136974
236541422	-0.634453
62387220	0.369350
2316645626	-0.116195
18622869	-0.326521
53725673	-0.118787
1422790478	-0.680648
1112972713	-0.538151
443265529	0.119356
335476450	-0.378238
1870463754	-0.407793
714409014	-0.121204
344516847	-0.319172
271007688	-0.250332
1387919042	-0.003942
627838899	0.036341
33205490	-0.168807
1328762540	-0.072217
284664892	-0.549853
1265860620	0.352629
619541619	-0.400677
249327401	-0.647419
1023872718	0.344755
138531540	-0.212999
22076537	-0.636235
49969221	0.259782
21346197	0.172656
1431454158	-0.139120
24745957	0.171427
626001129	0.171053
1345850192	-0.625909
243502423	-0.124238
414543577	-0.428052
59281449	-0.493167
270792742	-0.317744
325830217	0.307537
18496709	0.237336
1035443946	0.222672
286799590	-0.001595
1539064994	-0.496918
624753464	-0.330244
291756142	0.249018
35013862	-0.620961
1849074780	-0.418641
171598736	-0.091888
20209807	-0.471246
1431884516	0.384257
15923226	0.237330
1209417007	-0.114043
2161486428	-0.198205
215346722	-0.656331
562618381	-0.369345
125208664	0.183575
625296182	-0.571593
36691808	-0.539628
17680840	-0.523726
731524644	-0.429556
405785853	-0.282839
18566912	0.251821
1444416162	-0.295419
930009097	0.137712
836709230	-0.337836
432771620	-0.265611
50370046	-0.378624
287896740	-0.625782
193076432	-0.363869
216355557	0.314830
24448865	-0.456666
378547255	0.154047
24195214	-0.492766
41017380	0.310160
540241441	0.024679
39803436	-0.038124
271593651	-0.128917
232127685	-0.165725
148348430	-0.378514
1413602821	-0.184042
524724189	-0.133274
249288197	0.156029
63169388	-0.070912
19693903	0.374109
15769734	-0.270326
1884258127	-0.239697
158397501	-0.523207
25382456	-0.419403
628559456	0.273581
620708331	-0.606812
1872933859	-0.039523
23951197	0.305915
2185601035	-0.056844
85342505	0.299708
403539769	-0.371131
321380757	0.109194
422076926	-0.418367
20469722	-0.317325
776698136	-0.018473
1092750030	-0.654353
50552213	0.407515
19201438	-0.049286
157305077	-0.634178
213207055	0.231626
130274805	-0.050751
348522887	-0.247823
2309440500	0.080974
143489158	-0.407992
783749288	-0.428942
559073634	0.238691
562640547	0.189079
608902626	0.188383
49194495	-0.632865
20880535	-0.537779
1210072844	0.108990
54606494	0.034504
81021861	-0.319156
18277655	-0.253539
33537967	-0.051425
48354257	-0.060889
107620932	-0.442807
14540659	0.115547
1636639214	0.057344
365239637	-0.173656
15941955	-0.024111
1342502834	-0.629186
569212271	-0.065063
971412384	-0.302444
295685416	0.025205
1963246038	-0.463652
250736913	0.180000
1310708510	-0.388297
50634125	0.159453
1539300170	0.243514
1109679128	-0.389066
253654580	0.098401
19563355	0.029548
15458694	0.281635
230100284	-0.313474
10615232	-0.144635
1045853744	-0.193226
233949261	-0.302004
593718490	0.004638
1186810890	-0.130297
1186874899	-0.304655
288886063	0.090149
247517295	-0.268762
30437038	-0.391366
63796828	0.142852
915781920	-0.520481
18915145	-0.076239
76348185	-0.371070
1915018465	0.227383
22698090	0.386957
20608910	0.190163
87714473	-0.377232
1237704769	-0.367173
467823431	0.187383
249410485	0.011808
108052596	-0.623732
1316483802	0.308611
23365717	-0.464041
477583514	0.243256
200870788	-0.418099
33655490	-0.483066
14511951	0.221258
933487722	-0.581607
430343685	0.367715
24477294	0.118194
234812598	-0.185943
94103877	-0.077596
180197930	-0.527240
54207182	0.012401
318711662	-0.646056
1347830329	-0.686537
22812434	0.008937
14110710	0.276151
15918353	0.015317
15554922	0.055237
254174408	-0.469365
53420694	-0.168505
1979395855	-0.687730
462285708	0.141430
295805574	-0.291696
1072467470	0.055505
20621911	-0.271560
759316808	0.108656
1325640288	0.189300
109071031	-0.561223
2175130770	-0.583956
4389861	0.324912
231510077	0.258736
15764644	0.081539
15212187	0.035306
127074099	-0.234837
43963249	0.050547
27311044	0.092443
1183912596	-0.320287
1225410018	0.372284
2192362761	-0.537132
589869443	-0.110601
240376522	-0.243478
424522799	-0.501963
351133674	-0.068943
1692578893	-0.049518
18217624	0.244371
250462634	0.080806
134302187	-0.151069
303920466	0.265641
1346817602	-0.052883
1686565519	0.401324
61313751	0.220600
743167003	0.232259
39787282	-0.280155
118941676	0.067173
26305670	-0.564354
418269619	0.111975
1070943116	-0.497653
209151429	-0.003707
26820795	-0.128123
806186582	-0.306686
442610682	-0.601151
15584433	0.242453
703759688	-0.050550
631648466	-0.560378
127908221	0.151298
1551310284	0.176775
2294530717	0.043658
1176615978	0.182170
1465964245	0.018569
192041694	0.044811
74960018	-0.014362
584583739	-0.048078
2188340009	-0.396860
32537213	0.314751
121656624	0.040172
586730005	-0.418972
1007065914	-0.031334
417664241	-0.533054
16557756	-0.110400
788006827	-0.203619
46499643	0.026592
80612021	0.217779
2362779882	-0.504164
14345062	0.007536
146263776	0.208815
334127852	-0.077617
515898679	-0.309832
66209943	-0.531882
1673504017	-0.213266
224766531	-0.631043
2242638817	-0.660911
210926192	0.271738
1031118500	-0.213551
1602268826	0.297249
399502932	-0.117985
242761889	-0.144439
355881289	0.279344
48425512	0.343802
27242307	-0.140914
18137749	0.221365
21111098	0.184237
724658815	-0.550687
70587562	0.188892
112740986	0.144219
594582597	0.206304
1155212191	-0.205511
67776968	0.334443
50128726	0.172770
29898014	0.344305
28382250	-0.563165
39424870	-0.220460
1187949900	-0.122681
2340869731	-0.102203
53503202	0.233979
16930125	-0.508662
242892689	-0.486051
1430814439	-0.637541
118540429	-0.270187
2294105892	-0.363003
417393341	-0.684091
16739711	0.378835
312435184	0.380234
56864092	0.352089
221793778	-0.156207
17750784	-0.586175
427742683	-0.056967
1190825605	0.347359
26596727	-0.004246
569666511	-0.425315
1480218668	-0.182406
26424123	0.373022
29751942	-0.436058
497535334	-0.247157
20597460	0.056774
11651202	-0.596542
56440142	0.173740
492480327	-0.544988
935398104	-0.339275
323166438	-0.319119
16474026	0.046367
174369590	-0.193159
68888437	-0.612209
7350652	0.344587
133832049	0.259251
131149247	-0.333363
346045240	0.241362
1655093820	-0.154917
1080732656	-0.482182
119527861	0.138947
1611680690	0.387559
1620243926	-0.034545
237750442	-0.002113
38516217	-0.334371
1705042116	0.220232
422964271	0.381768
2364631970	-0.194142
1925431584	-0.155791
50731463	-0.221698
191688736	-0.097766
235190657	-0.090151
204881923	-0.637948
32265225	-0.016455
78569026	0.386354
397382646	-0.360932
407053599	0.070366
268007771	0.295394
2467791	-0.016150
22508473	0.159691
2435410690	-0.127869
1301606089	0.397624
218267731	-0.040304
18632666	-0.218588
22387804	-0.098355
6577802	0.253316
2288502470	-0.496482
1122064316	-0.520750
14925704	0.030745
156029105	0.223457
20113797	0.047136
79022250	0.239095
17033503	0.358310
484134207	0.339945
29793493	-0.286879
2161537962	-0.255101
718468320	0.148755
67738195	-0.295978
44215945	0.283226
221496713	0.275983
788081918	-0.380974
860733170	0.372543
23387115	0.245163
22812754	0.056538
98929990	-0.014871
297940478	-0.325352
264221149	0.266541
18056015	-0.287573
62770351	-0.112645
628760912	-0.004177
587783109	0.032797
58379000	-0.069448
121841737	-0.182619
39279393	0.231332
92071963	0.147626
127870840	0.359815
22012091	-0.114335
272019676	0.374694
346885718	-0.377880
148086041	0.168269
787373558	0.080507
520245212	0.255065
497546508	-0.610035
557806506	0.214059
186430550	0.076724
41377639	0.044653
49045755	-0.566967
798420806	0.083327
1006482620	-0.309463
154139987	0.101281
1915752144	-0.189730
1308601632	0.015909
1326751968	0.020549
242618658	0.219564
24045931	-0.628847
297532865	0.205987
24670782	-0.450107
59888738	-0.462212
71358042	-0.460870
46724483	0.083604
1468560242	-0.270596
1267462094	-0.634168
277750492	-0.375439
542842941	-0.143956
176135285	0.171343
36394602	-0.583827
76350004	-0.021951
50150341	-0.378815
233346654	-0.077063
109287731	-0.249972
1686107834	0.032396
1093441423	-0.593153
6092972	-0.624162
250719718	-0.409820
58492046	0.152386
308721230	-0.414384
29766367	-0.541434
759251	-0.439152
393821580	0.195215
77839894	-0.540014
1716914930	0.216877
10102032	-0.060679
82649553	-0.083238
1653370998	-0.399109
1362944844	-0.650563
61906286	-0.007235
1932803906	0.346334
221447516	-0.682530
1905156690	-0.644980
830918346	-0.283296
12788332	0.325077
33622411	-0.076302
62354707	-0.304402
1621009105	-0.212117
104727439	-0.046204
24913074	-0.125584
106591004	-0.153541
18221712	0.311408
5357812	-0.264094
103335794	-0.001646
905020056	0.038398
15603311	0.040411
15762842	0.272665
15555056	-0.477718
115979444	0.231878
2361890355	-0.255481
575344793	0.111333
157382927	0.126748
16062766	-0.135096
218779638	-0.052967
2302483196	0.294555
1655816936	-0.324576
454947269	0.162205
470366309	0.251245
16130949	-0.522872
2409239300	0.332532
270370405	-0.396550
29293808	0.360270
244268646	-0.552467
16742053	0.074251
942156122	-0.297200
703561088	0.155986
382534366	-0.393597
17065503	-0.553193
1296038210	-0.480947
359596838	-0.035270
227088228	-0.100024
813286	-0.453948
137571771	0.285467
1234286196	-0.209515
14849664	0.335977
140959145	-0.110151
148453195	0.151617
301090775	0.047307
14800483	0.113328
792608948	-0.588061
950783972	0.072354
220241174	0.253876
381413722	0.139818
119250381	-0.314685
24299006	-0.356226
389840566	-0.220138
36777778	-0.541069
88806753	0.383933
415780303	-0.216369
143779492	0.394229
614542142	-0.465422
333504114	0.032528
29848453	-0.024613
65919935	-0.075835
44682276	0.135629
593813785	0.042411
582931822	-0.213052
31801993	0.319575
94366606	0.142697
162784542	-0.051965
330816212	-0.458943
448923637	-0.239833
1096507650	-0.603099
15428227	0.111484
411997494	-0.180835
2252899873	-0.077901
14293310	0.033908
40402146	0.074146
18811140	0.017601
1365917090	-0.495904
273098660	-0.566354
88976164	-0.031052
23970171	0.103311
1347674623	-0.220912
223523798	-0.266347
15014405	-0.006891
1347436638	0.370852
2836421	-0.440816
15964588	0.221036
38254095	0.340194
37094727	0.207039
64161351	0.153113
372345957	0.113243
14672279	-0.536273
16030518	-0.033424
91137301	-0.569453
240663096	0.204782
247334603	-0.608153
20957491	-0.153613
26841582	-0.686086
28238988	-0.420545
30673492	-0.598222
35518656	-0.239827
322737879	-0.511152
1965801554	-0.617347
47614124	0.166292
71281860	-0.634369
721052064	-0.458181
1949611364	-0.118408
18008330	0.381301
148006729	0.354375
1301328822	-0.545609
1183811947	-0.528387
17906632	-0.232515
155680896	-0.082226
26111775	0.317769
349219528	0.329839
86364947	-0.060954
2181453624	-0.454948
26316100	-0.400588
1556756886	0.072570
20002401	-0.593930
19269183	0.117128
321119379	-0.252899
1300124792	0.300943
563844379	0.091774
751806494	-0.412030
33027306	-0.340827
23117388	0.239460
819528355	-0.327562
267217520	0.125483
886986138	0.250791
497551327	0.265469
59568948	0.091229
1716366295	-0.311599
1905833168	-0.261758
448169106	-0.421657
148333607	0.070880
289374103	-0.007297
360191435	-0.559891
450786176	0.378714
23617145	-0.093059
317193393	-0.450028
144189766	-0.485986
279964598	-0.489841
1120931132	-0.669877
1137600571	-0.416154
33060832	-0.230684
18480494	0.024350
292990703	-0.060156
1117009244	0.202562
33576489	-0.137914
17848544	0.231470
463918261	-0.198474
990635636	0.069510
18213420	-0.182006
214179002	0.251550
195070336	-0.112183
885789362	0.290478
22831059	0.348571
22081190	-0.513737
153486399	-0.429964
236480864	-0.155069
37202770	0.371598
374161639	-0.546364
1242109014	-0.085629
211530910	-0.447129
1606703838	0.231981
348857253	-0.216207
167856299	-0.238507
502440556	-0.207897
14529929	-0.654028
631876809	-0.513966
1902537799	0.115706
700126891	0.213160
20444702	-0.119838
32789881	0.040832
67906573	0.087036
1032703770	-0.146640
7334402	-0.615521
19245431	-0.063343
110924703	0.033070
198523967	0.001491
1058345042	0.216229
2296636404	0.265297
15471838	-0.612944
1702539968	0.324524
20376424	-0.677728
21509894	0.248472
1388590928	-0.258063
429181880	-0.425401
1073212812	0.193206
283657826	0.049923
460656473	0.412645
1277984012	0.312304
165533941	-0.166010
42638402	0.147707
337752039	-0.006994
1393599296	0.322600
114607567	-0.039959
1144145946	-0.432176
377702207	-0.215137
237814920	-0.617934
851621377	-0.171043
1487887076	0.039574
1852819452	-0.587325
109280446	-0.588409
1665719612	0.167295
537156670	-0.348419
411526571	0.133852
488127904	-0.303937
34270503	-0.386876
95602718	-0.256520
191208249	-0.540350
21351432	0.134048
592019654	0.188050
385429543	0.144391
234937222	-0.516785
26194384	-0.119647
47975734	-0.227869
1023320856	-0.546243
211901075	0.243445
271552521	-0.291629
1222283971	0.086345
2321129046	-0.606248
1722842137	-0.635430
1540496365	-0.394972
10025982	-0.516263
17530189	0.248232
123667924	0.341508
1962564906	0.264174
110893482	-0.655203
93575832	-0.415899
40750718	0.202745
960962340	-0.491710
222195455	0.354078
16056306	0.103442
1074129612	-0.274091
60801758	-0.466380
21426423	-0.551288
319529691	0.376951
161411080	-0.526630
161791703	-0.235169
939621458	0.176081
16703058	-0.151294
301081520	-0.383203
32010840	0.352389
834525002	0.377937
26809683	0.180485
202206694	0.380708
520778762	-0.547354
8775672	-0.618853
317608866	-0.109601
24184717	-0.506047
1356531588	0.093148
713463571	-0.181458
176260948	-0.500639
278005891	0.054209
36737855	0.162849
35758513	0.224567
17896154	-0.165463
217550862	-0.133535
1110920106	0.169181
1931992778	-0.479968
1128781184	-0.652019
29865139	0.241485
977369880	-0.317974
62330632	-0.609424
34340464	0.311616
1033532365	-0.172164
830430216	0.294177
155642785	0.006578
1154667132	0.080618
1080602371	0.227012
360605502	0.151633
63787812	-0.270883
30027177	-0.513142
2369234174	-0.204594
5741722	-0.284362
551698752	0.328434
545501375	-0.260344
1596947036	0.277615
1449407450	-0.292401
326551457	-0.627925
95509057	-0.083386
423688722	-0.324587
328258374	-0.546601
705661256	0.394173
496786334	-0.038030
1879871294	-0.132416
2374720591	0.061564
1954751917	-0.280399
550401754	-0.083195
370076582	0.097272
18820392	-0.147969
16298388	-0.510446
348861268	-0.631306
1623282788	-0.478151
14124614	-0.313944
36588739	-0.017608
88784440	0.384248
16804072	-0.234574
2356356972	-0.657889
1258312562	0.111596
43216755	0.268977
703640660	-0.333252
896620178	-0.496525
122473388	0.127564
234906311	0.138567
16018516	-0.465255
586045941	-0.499750
1115633996	0.051985
485139684	-0.378277
1352594924	-0.248541
1621076712	-0.303790
175102610	-0.525775
63749707	0.398908
20733972	-0.080270
17291452	0.182285
20906882	-0.384835
615181714	-0.515915
78966155	0.191856
1430524482	-0.525599
21669223	-0.534269
8870632	-0.186607
14730894	0.251228
1959864463	-0.599344
21321475	-0.487830
272520742	-0.382843
19918558	0.082866
1959387662	-0.473239
14216438	-0.566130
492378372	0.381701
1154894353	-0.276936
1463550048	-0.181368
24305421	-0.465149
26265640	-0.304201
382441782	-0.342345
856549532	-0.089178
235271965	-0.127715
314335929	0.070091
59969802	0.000960
74058012	-0.492314
347877928	-0.189780
30500021	-0.205657
716563918	0.267991
2255274860	-0.361637
411766612	-0.454546
39793438	-0.555026
41634520	-0.351791
51228911	-0.069624
247496974	0.281183
234374703	-0.357198
2168350939	0.026987
455037005	-0.215335
267781214	-0.027946
26324609	-0.150377
17487795	-0.128294
339852137	-0.503855
230761725	-0.316909
14616459	-0.375648
1556371026	-0.590864
199325935	0.226756
234927299	0.325608
109025212	0.010984
225326840	-0.333338
1363394484	-0.515787
75367781	0.132742
343171266	-0.455008
15600527	-0.116767
89526574	-0.154682
523397097	-0.027093
1092979962	0.259158
63804234	-0.024703
206716135	-0.194346
260841091	-0.178293
47470008	-0.669507
68198447	-0.547176
2377726519	-0.308321
1221321108	0.127640
205420257	-0.340184
1243902714	-0.484728
1049460835	-0.070234
49782398	0.113775
1246599554	-0.511176
113420831	-0.337757
62907908	0.142308
72874723	-0.650951
236899846	-0.654442
1891157910	0.259131
505932430	-0.662861
85778445	-0.481557
270067927	-0.543291
331268118	0.014972
1201520622	-0.092547
538416721	0.187715
359950567	0.245930
6794502	0.248830
1263944875	-0.258959
58287227	0.025134
338553588	-0.230875
213182436	-0.527380
46176168	-0.452927
142721190	-0.612823
943501040	-0.286411
71070614	-0.644131
18317325	-0.380744
1065995022	-0.227852
21941446	0.013367
87055347	-0.405146
259950795	0.201156
506091865	-0.404137
1581759588	0.094101
547839797	0.167742
1697235505	0.311842
932421955	0.371507
46016028	-0.375838
25768647	-0.322388
17074440	0.135242
1143929599	-0.625452
2254857197	-0.502488
631543401	-0.311405
959687432	-0.159520
97368029	-0.021528
32774989	0.340815
415981838	0.383442
180287231	-0.040836
472541504	-0.198325
1482327366	-0.459289
454953162	-0.279453
20552026	0.117729
180895768	0.297140
14275291	-0.120915
2324036732	-0.261893
346030501	-0.561871
14135426	-0.297809
191005134	-0.279863
14389132	0.149149
16472624	0.049889
286363562	-0.518394
163586067	-0.313887
390292636	0.135946
991821667	-0.566995
20449956	-0.441806
1693751167	-0.414592
1658254478	-0.636836
268496469	0.030954
1497383952	-0.359954
1313165581	-0.298802
1532014123	-0.072607
139574248	-0.234974
99157266	0.402083
83200882	0.193129
2317860566	-0.331527
216481299	0.100893
805777398	-0.465009
361365479	-0.257514
97171189	-0.640185
807095	0.315487
391413865	-0.025536
89820928	-0.130411
246499208	-0.033231
85606078	-0.675884
435877117	-0.615575
16385104	-0.271728
24135119	-0.269803
276763538	0.011001
207731256	0.303148
190699396	-0.092580
1870898497	0.228602
1104083418	0.112421
52992670	-0.012840
27676828	-0.241348
310912778	0.259171
47056405	-0.421377
352643501	0.341407
252115520	-0.346608
47402168	-0.216715
404542591	-0.681641
594870776	-0.481174
240327228	-0.645276
263975503	-0.459707
1068990122	-0.458876
261263905	0.178546
1357427004	-0.074436
19253918	-0.430288
586032653	0.331611
451967996	0.202273
18793575	0.317030
23712174	-0.428072
252819642	-0.113703
195019882	-0.274096
18244206	0.393111
8953122	-0.470395
33655512	-0.621664
19926675	-0.414171
287861586	-0.246474
323239103	0.061306
17439675	0.146318
18967498	-0.479464
29598035	-0.620662
796737758	-0.395440
180396181	0.217732
305389392	-0.533667
85353299	-0.253503
1423715941	-0.215391
17282256	-0.539682
1322558402	-0.260648
430830756	-0.471335
1733849666	0.007807
449959102	-0.437002
733751245	-0.118126
1558893368	0.106243
56653367	0.224245
39191258	-0.097997
498961346	-0.035383
300515560	0.368915
539866149	-0.476294
225988631	-0.391442
78431501	-0.438259
76392970	-0.471041
248791332	-0.320490
1117640744	-0.487223
118152495	-0.139963
15751083	-0.405658
22262553	-0.289782
1905298878	-0.105499
1443203875	0.176634
39308549	-0.107810
196147086	0.406355
47891535	-0.370499
15029174	-0.419713
273795671	0.210116
237944147	0.087463
1738425180	0.355579
758067224	-0.462191
424263083	0.378698
456911539	-0.544755
64022803	0.015667
262424195	-0.230146
1699808366	-0.677521
360427514	-0.301121
169472184	-0.686804
293254420	-0.126119
613725908	0.208900
485264526	-0.320022
778724700	-0.482837
427024774	-0.018486
1068626984	-0.109321
148565166	-0.176786
29896465	0.120752
15281676	-0.627172
20713061	-0.671812
193732179	0.356113
1043702834	-0.650398
398232779	-0.557308
1516830966	0.231622
864768235	-0.215211
2417754469	-0.108774
356390382	0.245838
712959254	-0.191734
180846791	0.075813
158495061	0.269443
64660952	-0.033019
221792092	0.093274
75785294	0.171873
242068532	-0.445600
619479855	-0.334995
48117116	-0.450691
443681123	-0.057764
380371286	-0.061992
30930019	0.022902
195955478	-0.643890
2192766368	-0.648068
30043495	0.278534
126644609	0.308840
76651617	-0.366365
386455581	-0.538591
49316020	-0.596852
236916916	0.176782
5558312	0.097749
80473367	0.275323
44117460	-0.097556
330001961	-0.289590
373311804	0.167476
1849261916	-0.416362
180100015	0.289399
234822928	-0.107210
269931179	0.192025
8128442	-0.682981
292935209	-0.680352
572317065	-0.439926
19553409	-0.602926
242555999	-0.380023
996565820	-0.227728
886042746	0.197296
98242752	-0.447396
28859894	-0.306014
16086967	-0.168591
1578519660	0.163117
283265252	-0.369037
350930593	-0.477751
1002313952	0.148317
2265167642	-0.022151
1076928920	-0.325137
1944510751	-0.335158
22417674	-0.605488
49697450	-0.342200
31350534	0.158883
1694503231	-0.480892
1571660059	-0.213215
161344057	-0.097042
1189735556	0.217140
809050796	0.139291
22819917	-0.541865
1602752804	-0.021736
14809189	-0.649837
578069877	-0.429616
311165745	0.274539
155669457	0.166518
1643415560	-0.076557
249339682	0.059117
416686487	-0.157127
22097192	-0.320111
1927804778	-0.542549
1077121945	-0.433020
33345380	-0.529892
287269659	0.222503
1955581326	0.336573
1860099558	-0.349191
137381495	-0.242205
1408518626	0.311117
317407076	0.290721
1117953943	0.270151
19726613	-0.133225
1935184730	-0.233222
201877444	-0.110198
7713202	-0.299679
57977498	-0.094541
87318108	-0.650309
9624742	0.213211
19891260	0.052647
254775647	-0.289977
15116570	-0.242547
1925654095	-0.360128
17643209	-0.175026
14344823	0.333997
308664726	-0.007106
558769636	0.106111
40024874	-0.569311
198963912	-0.146766
189910408	-0.691931
50839205	-0.655638
560117034	-0.017305
2363258587	-0.086226
19739126	-0.148744
338883349	-0.448791
48086014	0.321791
2282872260	-0.297061
33665393	-0.337170
205886080	0.242186
135931182	0.034411
800162478	-0.542117
373011304	-0.607243
7270292	0.033375
17976923	-0.623230
104797238	-0.220566
2337254448	0.381703
97150206	-0.039906
5561412	-0.562098
42760147	-0.293624
191923358	-0.185954
581141508	0.042635
223166587	0.068071
193614775	-0.500424
28599820	-0.455115
1001025787	-0.669685
972323274	-0.368773
9855382	0.099529
472632386	0.248368
2230533374	-0.467645
2704951	0.239032
1611064304	-0.294286
342601720	0.372140
224320485	-0.011536
121620626	0.225746
364564017	-0.452690
1469735982	-0.544921
17768436	0.256756
19543987	-0.306747
1374923180	-0.351737
234024969	0.175103
16031927	0.326947
755802794	-0.524976
29501253	-0.511150
1403429444	-0.352827
1071768498	-0.297849
313344689	-0.423050
2288373518	0.082214
250188760	0.164146
891678516	-0.245682
1920276091	-0.343078
16100318	-0.656595
49453870	-0.405572
10168082	0.311064
453698931	-0.660081
54598826	0.211094
165511812	0.314665
1599284149	-0.435644
237299871	0.057993
556000874	0.240045
156975310	-0.630307
96662959	0.388402
15297551	0.261605
17513304	-0.492678
364415553	0.215718
305145458	-0.419552
2366260580	-0.573748
394272456	0.302773
237129990	-0.300844
1020058453	-0.637890
317630465	-0.592281
39793961	-0.369498
377237995	-0.462228
133429379	0.230236
64651898	-0.316419
776664410	0.303673
235660311	0.241644
63753027	0.129074
1977097572	-0.529148
35829796	-0.112786
520950046	-0.441777
1521740594	-0.151025
1061486761	-0.546592
425565585	-0.497642
32135704	-0.383294
111635980	-0.267669
334320138	-0.342918
1262814457	-0.597852
137068935	-0.468252
237926856	-0.143296
48075643	-0.403411
919804596	-0.032390
244985138	-0.298520
77418275	0.094416
230981077	-0.022173
109274506	-0.427230
14634720	-0.106544
193872188	-0.545556
43955137	-0.173593
1878559962	-0.652535
2241120434	0.306100
209833543	0.248362
1434486529	-0.223585
254277011	0.043124
201453157	-0.664182
217137252	0.195871
31611298	0.273333
1517363570	-0.290571
51241574	-0.529595
162069635	-0.043901
356291170	-0.241549
474232856	0.208229
1931698346	-0.521575
245378929	-0.284266
159524468	-0.384581
15675138	0.240505
1602221707	0.040685
27088314	0.238747
2256726992	-0.218328
248852820	-0.100943
108671959	0.245981
136471166	0.293022
21220931	-0.290130
233238234	0.353873
557671006	-0.115768
1060860422	0.204401
2178681566	0.006644
1535579558	-0.585294
22731105	0.020996
260760840	-0.408641
72405094	-0.538579
18161620	-0.052446
338811841	0.213850
1385690448	0.189796
1898897300	-0.244430
621293247	-0.018271
128235400	0.096062
217912727	-0.072531
531481241	-0.016640
1399903849	0.205778
114887629	-0.376046
5392522	0.134339
269908647	-0.603728
339814337	0.291291
326208966	-0.237935
2162136865	-0.525623
80403646	0.096876
131036750	-0.662098
53643803	-0.476783
30216513	-0.530047
860154126	0.188704
19512725	-0.115272
405034710	-0.365833
16517357	0.346802
85916265	-0.542856
1337252017	0.104721
397430607	0.136335
15727317	-0.506951
15159913	-0.499013
275098108	-0.571031
38500956	0.019659
122770149	-0.143861
600991865	-0.628739
5496932	-0.512141
49649077	0.290477
1627252382	0.277123
260396714	0.022159
37461389	-0.184854
1279783315	0.285332
19808819	-0.613148
1305465990	0.150949
474451843	-0.072182
220580561	-0.152170
16102244	-0.503873
71328021	-0.133509
122146840	-0.148670
1827782569	-0.312544
15954997	-0.667792
754277773	-0.642396
1920537577	-0.059990
21419440	0.325777
381666107	-0.648681
25915690	-0.233973
17301179	-0.353112
19286569	-0.659031
1060487274	0.138226
582475251	0.222926
14984637	-0.496931
19257799	0.282407
138770045	0.014802
407744769	0.054644
57860368	-0.021393
16129920	-0.326925
23121519	-0.100995
24392175	-0.037312
15417358	-0.227200
240363117	-0.273955
1140648348	0.278244
167699332	-0.546050
1911335244	0.181866
1719880621	0.242559
74164455	-0.177629
151200240	-0.589657
22946355	-0.473961
833990756	-0.223741
3108351	-0.178323
234469322	-0.451346
1693373094	-0.322957
351109901	-0.560990
247420668	-0.102881
538646538	-0.166255
16583468	-0.191283
14763834	-0.304243
382791093	0.273491
322794665	0.360179
271985168	-0.081584
21636248	-0.115117
555593757	-0.022398
61250271	-0.581063
207317790	0.153096
575766234	-0.179338
1002244244	-0.336427
84984380	0.104949
1550794628	0.091031
958081542	0.082931
95978223	-0.345786
1305596696	-0.637506
15922214	-0.241481
15522251	0.317790
978690895	-0.656600
62090497	-0.356560
791002021	0.231822
2196576859	0.083117
34122899	0.100991
200400227	0.069070
23789790	0.090444
121990777	-0.191754
1469446608	0.238401
2178860358	-0.324803
470126084	-0.554370
615953866	-0.012752
15745368	-0.310837
42734224	0.387626
1503451620	0.323335
193794406	-0.317186
538185166	-0.286717
324171587	0.222890
1463325120	0.069175
15918708	0.408030
188194323	-0.629807
135653370	-0.569818
34402366	0.100337
24463788	-0.288644
2284159548	-0.089188
34932854	0.100294
48587305	-0.342227
302382660	0.315867
199286398	-0.618544
1462723416	-0.276528
359032147	-0.478050
400792588	-0.509529
572061403	0.014855
247066289	-0.256247
930234066	0.143586
34966987	-0.416988
2330410284	-0.244832
38067927	-0.426210
158398519	0.191733
325804079	-0.631394
18873711	-0.425731
78403308	-0.250281
568151409	0.288032
2311117897	-0.430139
110545675	-0.564127
24795163	0.225511
454060961	-0.658669
357253772	-0.153383
19028248	-0.614650
74895491	-0.296394
801084110	0.047646
16187637	-0.372282
1365881617	-0.436331
628018533	-0.546361
98017737	-0.398306
845711293	0.043790
593840334	0.221796
1380763326	0.134804
193978839	0.230702
115166212	0.158989
1009269193	-0.326401
2253990607	0.249007
105823136	-0.055707
287225290	-0.205747
137407124	-0.148565
426694458	0.026834
245905555	-0.531190
1545715382	-0.199952
20078009	0.370125
18060177	0.256623
28969421	-0.002243
145292853	-0.324109
92055121	-0.108014
46263050	-0.353924
1736053987	-0.386220
2238098360	-0.346728
11379362	0.200543
240760644	0.339831
301416337	-0.145374
965142457	-0.463340
1374780043	-0.183549
24260994	-0.612762
265529710	-0.511793
448077090	-0.449257
1157424444	-0.125911
218206502	0.155813
25162697	-0.432071
1350864440	0.320336
204905640	0.262668
71036272	-0.066697
19658173	-0.533462
15008539	-0.141706
124335509	-0.484598
66774077	-0.140643
770554297	0.028675
1671690367	-0.230948
36654245	0.029439
2250858631	-0.348665
15985455	0.139420
1396846357	0.031515
385188446	0.266144
1055730738	-0.425288
716984711	-0.536091
38039087	-0.136926
248252582	-0.441119
163570705	-0.464058
191728014	-0.324225
299802435	-0.192591
468601121	-0.402709
740417436	-0.313616
15856366	-0.242051
1665514478	-0.635938
11650762	0.007273
270017791	0.346057
31128529	-0.589655
27385174	-0.463971
393585626	0.177233
296361085	-0.105872
293131808	0.030599
976579933	0.365221
228784853	0.287726
332040130	-0.268361
309267226	-0.577201
41750998	-0.398695
68917738	-0.108776
1874140452	-0.363256
159609651	-0.383945
458393298	-0.243821
403353373	-0.557352
249674727	-0.198917
2286252732	-0.364140
1080844782	-0.407955
1372288434	-0.123325
255876732	-0.046778
49541291	-0.613603
784971582	0.078945
22527499	-0.426424
21693764	-0.044229
16473577	-0.137888
159977219	0.207422
140519774	0.352206
27633572	0.336425
31122582	0.014163
32506723	-0.207590
1655680988	-0.322182
2245220154	-0.306270
15075753	0.124172
588237779	0.137401
1468203217	0.251874
188019606	-0.647522
242836537	0.299363
193632778	-0.625483
19865528	0.244473
351149827	-0.590216
18166778	-0.105302
303861808	-0.390491
343830557	-0.602079
17353658	-0.302440
1541893820	0.211192
195271137	-0.625405
362597648	0.182438
249219490	-0.590812
26122639	-0.530001
46557945	0.289256
398269985	-0.265561
48263046	-0.464933
1128514404	-0.075492
1262936000	0.192859
537063930	-0.631272
305620929	0.337676
15012486	-0.491234
156300451	0.361343
305216911	0.203760
757372008	-0.513319
32393576	-0.639436
1711193490	-0.622544
19151741	0.374197
16814879	-0.323728
27705441	0.362412
385288144	0.231663
235251868	0.141677
431990191	-0.012110
236118432	-0.454062
91032815	0.111938
2367536538	0.005299
452004245	-0.664792
135297032	-0.521293
166536928	-0.544859
1476337592	-0.084673
32379396	-0.403267
589425352	-0.351339
633855519	-0.393244
17800215	0.341472
235312723	0.078505
123934875	-0.242258
983813816	0.299019
359133002	-0.392443
246769138	-0.198749
602997805	-0.152246
30619527	0.076212
2203931420	-0.469731
126980084	0.270634
222721984	-0.060947
167507135	0.248279
459446627	0.312083
284744912	0.169719
59771400	0.151461
1096059529	-0.296128
1385871187	0.102848
1022263688	-0.300837
271958454	0.351991
1540360435	0.135843
765038167	-0.632808
16803651	0.315668
18029328	-0.232754
2361531690	0.217188
60984835	-0.575294
112236901	0.354680
404226735	-0.005630
1911879768	-0.364901
50452197	0.063005
55896443	0.003847
159292313	0.341869
1883356866	-0.643730
314761332	0.247423
26607712	-0.623222
21786287	-0.608620
15356407	-0.112945
2739461	-0.048454
161743731	-0.355393
270182385	0.204348
349379430	-0.624981
57751453	-0.197298
1265207760	-0.448419
27886115	0.361771
16441318	0.318162
96800896	0.020282
23976316	-0.496413
21762137	-0.437249
350927143	-0.633815
539485640	-0.261867
407323365	0.060196
275725571	0.023433
77308668	0.108410
30095477	-0.593878
330650569	-0.209773
108083058	-0.179193
1644805254	-0.595240
7356562	-0.512727
2305315345	0.365865
360804642	-0.615221
919927722	0.159969
15207668	-0.402593
1214475872	-0.579646
44478497	-0.435111
16099657	-0.473344
857748156	0.285832
1678290240	-0.590541
76381104	0.041096
407039290	-0.694160
344109654	0.095065
15035209	-0.569178
254805061	0.034936
9300262	-0.115219
242426145	-0.690098
1902563203	0.075885
1909542326	-0.586380
185684821	-0.310030
21157904	0.303958
253100055	-0.451706
396794501	-0.086905
30050899	-0.202567
47736933	0.086833
209792690	0.242698
11134252	-0.458481
480056408	-0.228165
14125897	-0.459785
1075843532	0.034546
174847410	-0.669432
1173237842	-0.571902
610415617	0.374098
30823752	0.339202
14597351	-0.619899
316819997	-0.440800
32007346	-0.185772
356881780	-0.523421
323511585	-0.500387
43108099	-0.100388
49675523	-0.446337
299883942	0.251165
1214026033	-0.382761
293459696	0.276515
793992	-0.378710
2236741645	-0.595088
16469463	-0.650348
1462357878	0.203585
1852444146	-0.080892
288295387	-0.095695
63502107	0.349610
323863880	-0.472844
93723445	-0.515193
85418520	0.357358
405134921	0.083873
2301967142	-0.211238
148041415	0.358080
284296658	-0.563500
1898624934	-0.652917
1444380402	-0.094648
554109268	-0.674658
2297176518	0.017206
1071900114	-0.085996
254189414	0.126841
469674025	-0.234640
1422126799	0.233598
327798242	-0.009798
80958505	-0.610798
393603441	-0.405132
181101417	-0.562104
52989817	-0.012764
818586175	-0.483067
2277763242	0.163898
31120881	-0.009349
1025653922	-0.329751
54686639	-0.289632
185049728	-0.360666
530864692	-0.268791
44195577	0.180533
281162551	-0.057401
954172328	-0.243940
34850480	0.117286
17750110	-0.409775
38036372	-0.140825
48115928	0.176059
514929629	-0.491139
251656840	0.094557
14173315	-0.007382
1884324084	-0.632845
281540744	-0.458898
18891923	0.057723
257658885	-0.145187
1246366651	0.050896
330938673	0.214554
1059240924	0.376880
194536303	-0.211526
1339931490	0.249464
518644221	-0.391839
431266828	0.080832
432092458	-0.223875
234022257	-0.534801
47747074	-0.329079
73925960	0.006272
450108691	-0.587330
278124059	-0.603900
473199911	-0.326968
196619213	0.239064
227036687	-0.532945
1630446259	-0.174826
16669075	-0.576802
75843152	0.087670
1510065122	0.165726
392998644	-0.484035
78130610	-0.192365
2203399435	0.098985
1906353372	-0.162716
56763589	-0.420424
116534252	-0.681286
15324851	-0.020493
209598477	-0.316761
244526889	-0.253443
1488969002	-0.066655
232992031	0.183548
15394954	-0.084919
18805303	-0.086896
224285242	-0.260772
883557414	-0.187343
43050282	-0.336321
18548136	0.218250
267938462	-0.570178
585206397	-0.437814
291676686	-0.536348
1939381628	-0.258624
309605202	-0.418700
77017567	0.273696
779118265	0.108860
751212379	-0.654782
245136682	-0.400950
115488968	0.133121
2253968388	-0.249226
1075666608	-0.395622
555473643	-0.386735
51267980	-0.276105
176646411	0.094471
728565668	0.243956
487067075	-0.172126
16054728	0.386486
1055362014	-0.471742
47412499	-0.258559
337122716	0.352814
870670477	0.101797
1572830660	-0.257703
391814356	0.106902
13218102	0.407800
1418013151	-0.273723
71294756	-0.090832
5660532	-0.378890
398165004	-0.643808
516642662	-0.323203
14587949	0.097172
17992453	-0.597847
485842327	0.150234
2234105580	-0.386480
19929362	0.394735
151589736	0.315830
45151382	-0.312175
381152398	-0.261000
21950364	-0.603583
326043489	0.108409
233724961	-0.523695
462033343	0.352997
186506052	0.183337
75347500	-0.666735
449795350	-0.203992
701303623	0.396101
1439879557	-0.641139
246341769	-0.491935
186291444	-0.162257
378738565	-0.620128
219429281	0.227198
1932363210	-0.360698
308276891	0.165084
1580451673	-0.192211
74302172	0.042755
360893245	-0.421680
1375646822	-0.595528
237312687	-0.469411
119162694	-0.157983
21619519	-0.521350
490535112	0.380312
224297637	-0.276551
1497534576	-0.515574
14308987	0.043470
345261756	0.350115
1255785854	0.209025
18216752	0.119509
2184765932	-0.173271
1525086182	-0.217939
56538228	-0.195803
95166404	0.253600
342945847	0.022326
630802892	0.017705
15350894	0.304971
19616327	0.390309
390522985	0.382048
2287788476	-0.263241
624186253	-0.038380
621500066	0.124232
24300215	-0.248542
1624698122	-0.046270
236479311	0.304280
594060392	-0.281051
1072453910	-0.647646
538086333	-0.556027
342780479	0.281961
178419778	-0.030247
280206584	-0.059907
345555778	-0.525009
1125409915	-0.399035
93936388	-0.622249
234014087	0.069023
473401390	-0.586121
993153006	-0.185154
19139963	-0.220924
41464356	-0.534365
506033683	0.236174
590696606	0.068816
1652541	0.249878
235217558	-0.337813
425489816	0.307001
235591153	0.063702
22903983	-0.556593
344033052	0.175390
946114207	-0.085762
770448248	-0.467277
19407835	-0.501513
26778110	0.249366
1327675195	-0.125675
169588591	-0.064462
78673043	-0.383559
15496979	-0.525462
801523267	-0.141406
45340027	-0.331825
399432469	-0.090092
125397444	-0.409534
72198806	-0.097961
197307435	-0.182089
1134292500	-0.292431
20563979	-0.129331
164707575	0.357846
14617444	-0.295446
263414131	-0.170608
31006603	0.299150
201079432	-0.097181
1149312193	0.305863
117974827	-0.419959
89814216	-0.669541
238861711	-0.632892
253149069	-0.659481
34666990	-0.092955
555845120	0.355149
80111837	-0.640945
1406277577	0.002356
529973619	-0.634523
950328072	-0.545656
153944899	-0.609066
1335517206	-0.023223
242376736	-0.283277
584351142	-0.389137
1183865954	0.002061
368977925	-0.419882
75398827	-0.204536
224294785	-0.133849
173363468	-0.225841
388958868	0.089977
133864713	-0.342981
91179070	-0.459357
289530036	-0.055221
143889472	0.136040
51284800	-0.105036
233601235	-0.253307
250710495	-0.444085
15434632	0.371452
36183582	0.316761
441425863	-0.365918
221614578	0.150111
439596778	-0.309544
20841089	-0.292826
575385464	-0.187816
40526985	-0.246285
248850174	0.150812
37920978	0.166525
15939889	-0.225927
1490306108	-0.317745
433079096	0.199979
463132556	-0.254051
2312281051	0.101791
1458461443	-0.168137
19877680	-0.109657
377773483	0.167157
180142423	0.152058
13067732	0.070076
38787045	-0.176348
1143060714	-0.670561
452413225	-0.302983
18043103	0.064125
1282568923	-0.461573
339172700	0.334087
112604826	-0.009527
1229226714	-0.110967
249834165	-0.443545
2305350474	-0.579166
2377621136	-0.085728
18289929	0.082794
366228554	-0.627282
24742936	0.073351
85634199	0.179079
93288759	-0.317084
1051127714	-0.617521
197290856	0.366687
20071932	-0.343411
48807726	0.017075
486380694	-0.680988
168666357	-0.316530
215909539	-0.439850
168673083	-0.662719
47632905	-0.679224
1069918782	0.026341
28252475	-0.529650
1123683068	-0.327503
2314336918	0.064982
84129740	-0.004522
229197216	0.162177
247850985	0.361007
2369496272	0.364009
85970738	-0.027771
15715842	0.383602
153919023	-0.452180
499978095	-0.286643
1365631760	0.213521
389759292	-0.615035
38465240	-0.040997
1512666349	0.212267
1656055824	-0.595218
1662929678	0.235070
117197307	0.115839
991357832	0.163651
34438002	-0.154451
104631905	-0.631830
1262623074	-0.311649
132278386	-0.090772
15948219	-0.650864
1011705054	0.234110
251728316	-0.609508
20495104	0.353210
612716532	-0.494718
110050273	-0.463156
113214730	0.088815
237770636	-0.341744
247596046	-0.611826
62543872	-0.519443
123282266	-0.188318
133439172	-0.333566
1037084538	-0.125216
111632324	-0.076630
534405915	-0.107125
276197098	0.008523
77664666	-0.640637
1394549060	-0.556682
2199888721	0.088717
225921757	0.129908
91744236	-0.378213
428333	-0.024200
85634177	0.166056
255829884	-0.618302
1328123624	-0.450104
325717986	-0.617237
266830495	0.414337
611834439	-0.210902
960696949	-0.007494
15572155	0.268917
433791263	-0.361631
1636291356	-0.518110
19912734	-0.277859
337932925	-0.383491
543822491	0.224740
49634881	0.273324
468930111	0.334116
620298978	-0.323371
349947276	-0.147111
60638933	0.389692
282775291	-0.114212
26677801	-0.133194
23035691	-0.093213
534599939	-0.282680
195042501	0.390208
50325797	0.240801
65453528	-0.123263
2321775476	0.177551
229592356	-0.655299
1071764281	0.212595
2340967118	-0.588690
1223102983	-0.613596
122719755	-0.069985
124196924	-0.609921
17525171	-0.579471
52503751	-0.089297
76452765	-0.639237
1634852712	0.279828
1172636797	0.214097
33977070	-0.146467
21048033	-0.074331
217543151	-0.299597
1726999796	-0.227221
401955731	0.134970
948491592	-0.634741
267583652	-0.332365
225242868	0.070821
487906127	-0.628142
286898862	0.181499
605098090	-0.196006
1071102246	-0.315331
1075551668	-0.504186
1441675236	0.332490
206428391	-0.604468
325298865	-0.413254
1626115357	-0.309351
600737301	0.253278
43476440	0.312496
1061385474	-0.414527
362052555	0.142306
281509650	0.013870
1228818295	-0.656851
516131688	0.305069
1222257180	-0.105297
158205177	-0.080770
28889556	-0.389471
248004920	-0.496998
23632545	-0.401103
1023236538	-0.360144
24737755	-0.504374
41406567	0.103979
117197740	0.295476
69715433	0.164716
74198348	-0.054088
463606038	-0.665836
1061006802	-0.576431
575749942	0.128201
115754120	-0.358124
15448332	-0.538328
1131203611	0.209301
298059168	0.359279
610325685	-0.336173
241207373	0.329388
1332628436	-0.017318
1925656796	0.361260
211254250	0.421810
851120473	-0.593450
108619944	-0.369227
95070642	-0.241642
450708486	0.263832
257170128	-0.119758
154648736	-0.040630
442824717	0.094021
1571215884	-0.429991
308563367	-0.505283
1440997712	-0.305765
19793648	-0.348120
1536065244	-0.638003
122207745	-0.381873
362654346	-0.353896
78369108	-0.381280
14859559	-0.666114
318464838	-0.187066
425527664	0.191462
286034058	-0.213245
1552818054	0.112609
37766935	-0.014880
266772387	-0.461348
986188543	0.364400
1372431026	-0.007017
282233418	-0.486927
308748838	-0.061992
256178459	0.155602
70156027	-0.317903
407584834	0.322330
633131271	-0.308201
1072382221	-0.315494
1437466362	-0.248462
373883896	0.080338
1901113928	-0.276526
1484301392	-0.042994
799658150	0.088435
1198766904	-0.002082
785414496	-0.215252
84677520	0.203592
1797991	-0.354698
608182396	-0.436804
170767454	-0.334457
15361570	-0.292361
9508922	-0.190964
376477453	-0.300915
190160433	-0.673316
373326597	-0.150082
122212010	0.355489
44127294	-0.297265
22797378	-0.181187
1592481150	-0.123662
233842454	-0.643077
265155317	-0.351450
564225302	0.060991
2358445766	0.311710
127894579	-0.035524
30313925	-0.427567
1058717720	-0.180761
20641972	0.306081
1877628114	-0.329271
1412998502	-0.190837
40466049	0.092154
1008962922	0.215447
13383292	-0.037408
100330676	-0.662239
330583779	0.240157
5692662	-0.666962
1494474121	-0.303513
566631178	0.197482
237781383	-0.167787
2251095308	-0.007185
975200486	-0.286320
16712666	-0.138868
1656884071	-0.465951
1355831521	0.247116
279634424	0.142281
29610442	-0.353649
8542882	-0.113729
18724011	-0.198509
237348797	-0.238317
248699486	-0.473970
633825457	0.170981
29929730	-0.527100
18916432	0.099418
19518515	0.316345
52537790	-0.656671
455041792	-0.150423
253016264	0.103117
116518445	0.386764
533702418	0.132279
29710286	0.127899
26976860	0.028140
25086658	-0.492460
1969641703	-0.166317
189236855	-0.389604
23536035	0.083757
617382180	0.325778
2281176661	-0.478489
1917347892	-0.489060
1305481388	-0.270537
761840588	-0.633827
16560935	-0.309337
180032621	0.071355
294965312	0.225133
380001296	-0.444320
398990591	-0.017970
133448248	-0.172142
1608892718	-0.675408
409799018	0.291132
1622931326	-0.260515
36126319	-0.582078
156075520	0.051759
5031151	-0.486306
340296149	-0.250324
378096410	-0.078332
242993672	-0.380542
