14412533	0.495438
2163623972	0.499848
249222850	0.504488
1281503318	0.495391
387984038	0.504781
1206306506	0.504073
57931553	0.501660
2258783241	0.497428
63160932	0.504950
25198840	0.502380
15289825	0.503796
1452476780	0.503235
1086619808	0.492901
1623308912	0.497087
2194801027	0.505322
20467163	0.505595
19824430	0.508072
1739650556	0.502853
59558161	0.494370
1444015610	0.521936
804861259	0.495264
252254916	0.499981
40057701	0.502748
2375722164	0.495788
451032276	0.502414
1120298527	0.493867
16860684	0.498771
187414539	0.502410
479674626	0.496841
19394188	0.494262
1155335864	0.497143
20635633	0.495618
248718904	0.513085
252644673	0.505882
534680801	0.499067
932446728	0.493470
235373000	0.502397
1377700518	0.495137
437741704	0.506167
414516629	0.498047
46807181	0.502700
1691930744	0.494471
153694167	0.503246
16705010	0.504447
22509598	0.505296
31054788	0.490463
1545781357	0.505174
5990782	0.497040
239949176	0.501017
174879603	0.502979
547778460	0.506916
15993122	0.504269
44209472	0.491796
17811916	0.497433
37131103	0.499235
83932732	0.498142
22006412	0.493985
132201224	0.502985
1647266078	0.504443
126632552	0.501074
16789970	0.493241
1183998762	0.499078
317216233	0.500961
354493762	0.505915
24773493	0.511223
119899270	0.518396
414774285	0.503521
1252129242	0.496840
295868971	0.507423
19186003	0.519902
564908956	0.500113
528484792	0.495539
2291373043	0.499397
2260662498	0.494768
40523440	0.493015
471606410	0.505017
25668918	0.505026
320787415	0.505001
383393464	0.506374
463890972	0.506375
48366585	0.499930
239584537	0.506383
1357793240	0.495001
51535196	0.506726
22930392	0.500570
35137957	0.507189
199317006	0.499861
197628846	0.505598
223360975	0.505400
29157809	0.504766
776063954	0.502085
277107570	0.498873
873631776	0.494222
18943752	0.501852
492616846	0.503592
75927706	0.505447
1334517175	0.503881
29205600	0.510863
182815759	0.501528
54412900	0.492508
860696202	0.500415
171813900	0.497496
19312039	0.504597
1009921273	0.504663
717888988	0.501680
536281139	0.505744
474326839	0.506708
237763317	0.505373
164732631	0.496764
18890707	0.510326
18696134	0.496106
217454584	0.496191
25168293	0.496267
13491312	0.520618
311789873	0.504024
467801778	0.503999
216881337	0.496813
35998429	0.500410
16256269	0.514075
1226281657	0.495231
47127416	0.504047
598384016	0.498688
456986241	0.505094
9532402	0.495268
26459660	0.502905
35060071	0.505175
424122984	0.501694
164007407	0.500864
1127447660	0.503443
728708694	0.503244
40367637	0.501557
1367531	0.495665
89657363	0.500245
10375552	0.502447
28480805	0.506232
1328434170	0.503881
1055907624	0.491349
28856628	0.501693
1915916724	0.504371
708309848	0.497778
108052620	0.500657
11348282	0.491351
104615577	0.500276
15697940	0.500551
1925127612	0.504834
1222580420	0.503773
254310640	0.497628
201791908	0.503924
1189780298	0.502854
502184923	0.503933
25124372	0.501201
2237923975	0.505744
18909919	0.495525
384913290	0.495195
177028305	0.502535
266133081	0.525310
249348006	0.496421
96386080	0.504943
66369181	0.501671
277008614	0.501617
254859330	0.501484
237460752	0.504602
2360123726	0.498487
343588320	0.503702
22113371	0.503950
2221362486	0.500480
1025521	0.513294
79729138	0.499886
1060984272	0.494238
358606388	0.507683
23220731	0.503663
325691585	0.504748
1408162200	0.495070
274824692	0.500786
186299824	0.505653
612117635	0.491693
35762860	0.505729
19216998	0.505768
409522947	0.500101
112765894	0.504052
3135241	0.493606
280346878	0.503882
220208804	0.507756
116141817	0.502911
611886875	0.505224
73303753	0.496351
25226477	0.506268
331678866	0.506777
261918703	0.511833
561628839	0.504529
47544979	0.501467
790097610	0.500400
1718400349	0.500523
15092872	0.509653
1676771268	0.500436
28785486	0.493643
183637495	0.505929
521926535	0.504266
124062781	0.505199
241771567	0.505487
31210583	0.494558
379378754	0.492170
576268700	0.503882
163209579	0.506066
1066076640	0.500174
93189203	0.500737
939091	0.491425
254557147	0.507227
63506775	0.505746
240839950	0.505817
172662933	0.504576
618586017	0.506704
85616770	0.501649
1091456496	0.499966
267889663	0.502845
160647819	0.496121
510516465	0.491691
18678924	0.506488
35081819	0.506655
15980436	0.505614
20618764	0.502072
1689821791	0.493343
356199275	0.502252
2205359364	0.497864
211420609	0.510592
21631487	0.512998
722800129	0.496918
547174027	0.498928
116748080	0.510445
1057859527	0.491334
27136225	0.496017
269893425	0.499974
1921776680	0.496057
2196548623	0.502494
124224165	0.512648
519728645	0.503465
25214807	0.500349
85898279	0.504939
961520071	0.505732
310608280	0.506121
558895964	0.503325
72831557	0.492356
622198206	0.505950
1027156464	0.493614
18294521	0.492350
1725039222	0.506850
222320264	0.505140
251408532	0.505191
1542493423	0.497473
543154345	0.502125
259834782	0.500072
21873714	0.496845
108376246	0.493508
16614802	0.501868
371887563	0.504459
1090002997	0.494659
93552029	0.502184
17111550	0.500056
372503594	0.502418
20015903	0.505722
934933188	0.502595
332340557	0.505518
944917346	0.491233
2370786962	0.505539
78941245	0.503665
103727818	0.502567
351266014	0.501020
1607546875	0.505227
99949940	0.507330
1713542732	0.500300
237600102	0.503939
72129678	0.504554
180389279	0.509752
2179040628	0.494535
517911880	0.501820
2310494503	0.505736
2293131060	0.501219
218357036	0.505493
558831200	0.494230
402190452	0.499935
97239626	0.508643
11883722	0.503984
394303189	0.502218
110420252	0.508107
61842393	0.504647
357580948	0.507721
1496512904	0.506464
425889480	0.499666
168830539	0.502952
15710384	0.500487
23109966	0.496498
34773320	0.505112
1469869638	0.504025
198323147	0.504428
29584150	0.500678
322781751	0.501025
976969338	0.506550
748531489	0.508650
886946899	0.505432
397584127	0.506002
234057152	0.505023
26083271	0.501260
26144769	0.498382
287811065	0.497063
52763281	0.506825
27048645	0.494840
28336822	0.498402
131791939	0.497754
81919296	0.500510
306001688	0.503568
125984383	0.504813
1262557194	0.504772
506462653	0.501881
85396297	0.515735
233557728	0.502899
252819323	0.496439
238314303	0.506346
296068607	0.503367
1058807868	0.510518
49986081	0.504803
14081659	0.502127
452700445	0.507250
207116000	0.503019
1356966632	0.505485
49171436	0.501503
855057596	0.505483
1340326969	0.503093
598123678	0.504558
966442267	0.496939
326210627	0.501797
108617810	0.503306
221508042	0.503590
39322371	0.502392
31285825	0.499695
97298155	0.505412
98910693	0.495398
1912048351	0.503891
547416793	0.502668
868637460	0.500821
189904289	0.505989
584012853	0.503527
176134825	0.504658
606101503	0.492886
1469528666	0.505611
543635294	0.505108
360436349	0.502869
481000411	0.504653
326196796	0.500254
1120550322	0.501911
192441406	0.493767
272542662	0.517363
904655414	0.499680
1060370282	0.493762
121469977	0.505206
73931897	0.500107
46004597	0.501667
1447399590	0.506405
1201824876	0.496021
359222643	0.500709
384111224	0.502761
80958602	0.496132
1658898042	0.505029
439049326	0.498477
195193469	0.504649
209787354	0.502622
362688424	0.505459
432676344	0.495648
55581437	0.505959
147487756	0.499612
11856892	0.491973
108689270	0.503213
97931967	0.505415
1644734071	0.503221
198526130	0.494776
475294870	0.498491
399170640	0.505801
76163900	0.505179
998576058	0.500961
430292078	0.502885
823801824	0.506384
1974399272	0.502169
402719755	0.500122
456032135	0.505679
743694942	0.502360
51943611	0.503553
1350118422	0.499859
30864583	0.528842
39510422	0.502894
353834752	0.505659
2260579802	0.498245
15392139	0.500173
26977568	0.500145
47892311	0.500129
20517132	0.502124
324403737	0.499835
42913132	0.503322
573495038	0.492797
208692908	0.496680
425286290	0.493184
452344217	0.499895
220249920	0.497671
267854863	0.493137
582875320	0.500770
791967744	0.503156
1548079500	0.500415
288963206	0.502152
239964750	0.504288
2314375189	0.498759
1729693597	0.493710
89193992	0.491743
1083448909	0.492873
963480595	0.522687
221528389	0.508877
1058460818	0.505930
26637348	0.493824
5988062	0.493060
221162525	0.501979
1964821772	0.503583
278145569	0.514827
387225200	0.505400
435983624	0.505217
17005219	0.499176
90518536	0.501333
17633159	0.492695
1355805258	0.505596
14579415	0.500075
267339368	0.499950
75578498	0.497395
717905080	0.501956
24183358	0.502237
2318080736	0.499900
1405337395	0.494652
73833569	0.500954
1646054551	0.502099
245451804	0.494065
887385018	0.505162
15987296	0.488806
54446722	0.503843
467787311	0.504473
78387677	0.493224
1138688364	0.500053
224391627	0.513904
318095351	0.506823
44177383	0.503668
178229698	0.501465
36117128	0.506293
240812994	0.524521
1080509366	0.498579
1480654033	0.499388
22242298	0.503665
171693939	0.503786
285737815	0.500420
1055685948	0.501415
25956294	0.494879
1058051748	0.496333
1092248911	0.506355
18205674	0.501593
245419752	0.506316
7597712	0.531021
418078050	0.503707
472587512	0.501110
379815077	0.493150
516880804	0.492354
14764240	0.499355
115733549	0.491548
1674501806	0.501990
1058917562	0.491130
16348437	0.513886
277363853	0.507348
260807192	0.506189
20245031	0.492428
337785530	0.501975
333663029	0.505847
65433355	0.507563
28423263	0.495714
2312501226	0.491838
585441089	0.506666
126171100	0.502562
349979682	0.502065
841342315	0.504186
525736608	0.502549
557050706	0.502185
334965470	0.504333
249814580	0.499223
274255909	0.500623
310347243	0.506054
1730532331	0.498682
867444085	0.499208
297498647	0.500716
85476251	0.506394
154699063	0.508022
93761782	0.491495
1090009730	0.503638
360080772	0.501846
16631939	0.498450
376064104	0.504198
619964159	0.498791
20468251	0.503376
26513860	0.503560
168502762	0.512503
258900199	0.518753
488297851	0.503531
21269970	0.502236
24735461	0.510772
384538886	0.507559
376946273	0.505207
1331884178	0.493799
377534571	0.493651
2227361208	0.497355
17544524	0.511462
24298528	0.506011
37982748	0.504932
195790079	0.502151
411765271	0.502998
254032655	0.507846
995193054	0.491952
175131510	0.498958
2412155161	0.504818
1691191704	0.493436
21797269	0.505194
1228070911	0.500484
123999551	0.503713
7402662	0.492194
2268031692	0.505319
703301119	0.501036
2385644521	0.494101
190328374	0.525720
240385577	0.510389
18732816	0.499588
976404032	0.502108
613404995	0.499852
239871673	0.526618
1897447471	0.503939
55677432	0.498542
22545491	0.494015
156212602	0.494428
305818200	0.503010
2205545306	0.506934
234837632	0.512266
18822612	0.501237
345491974	0.499356
2308777399	0.502951
18030431	0.517987
2207375216	0.505347
70799357	0.507369
148021006	0.497090
23578274	0.503525
296925880	0.501964
903320070	0.503964
15639642	0.500267
161329769	0.508039
22055226	0.498053
213634439	0.516566
8162322	0.502519
1564956584	0.497320
22509548	0.519258
14129299	0.501954
34238458	0.501880
511079500	0.502847
377591325	0.503170
2252607128	0.504437
1015802058	0.506366
756285384	0.503462
264494662	0.504294
90490354	0.506747
14774189	0.504991
34069014	0.499854
1222684418	0.502281
25755336	0.501511
240840748	0.504450
15160884	0.524071
472263579	0.504039
7900962	0.498932
27302870	0.500121
1074101017	0.493271
22028039	0.502698
214209081	0.502431
1601370486	0.504123
2191060944	0.497288
199510192	0.502620
968650362	0.494213
22523087	0.491846
753647880	0.496021
408105171	0.503958
404132211	0.494795
176896268	0.497563
114756202	0.522145
47468096	0.495227
1431823160	0.505171
40750860	0.497744
358302508	0.497918
347395654	0.506641
65146567	0.525034
31744825	0.505195
136682183	0.506183
33530012	0.517191
2322307531	0.500334
546176922	0.506056
237019973	0.501722
1031845399	0.506035
346813911	0.506439
189986982	0.499027
777390745	0.497588
59704563	0.505996
234053893	0.504511
41445718	0.545562
19670455	0.496581
1132232611	0.500676
194720228	0.494893
308852834	0.500405
21144715	0.505644
376527578	0.500057
22669526	0.498224
794546882	0.496546
26818986	0.495714
19576571	0.504650
615537104	0.500156
2352119654	0.505041
21542518	0.499934
494114249	0.498916
1117326481	0.505900
14354562	0.491286
1023294366	0.504300
336699225	0.503763
360338075	0.502833
265639238	0.500607
402029058	0.519653
535181994	0.506303
18170310	0.501638
1068470480	0.491221
109355585	0.494356
1510311302	0.498949
372315769	0.505884
21333396	0.506845
616965232	0.498906
1516670166	0.500714
233601728	0.506336
114299101	0.506143
61046743	0.501412
177974542	0.506701
300013543	0.505976
254226686	0.497853
14857525	0.511950
237853147	0.504551
300430043	0.505220
121171657	0.501816
37836873	0.499999
187108150	0.498454
36738199	0.495988
1710292866	0.491754
248735463	0.501109
40954486	0.496953
284601302	0.502782
1447467186	0.503369
253281321	0.507137
15602331	0.506364
577609337	0.506244
43273533	0.500923
26777550	0.499032
30045475	0.497444
58228306	0.502945
874694125	0.501816
890904109	0.507022
470703779	0.498608
122183484	0.496957
589070172	0.505499
1075303104	0.504630
457733782	0.505055
117661549	0.502689
20545793	0.501804
160919506	0.503548
154233179	0.502844
370467757	0.502028
216486007	0.492102
438040565	0.502325
216855513	0.506892
2264976900	0.503508
378636572	0.497937
321234739	0.504929
2278730858	0.494497
344525024	0.504532
220765205	0.502031
16002085	0.498151
1681848204	0.495011
123421771	0.504604
831933780	0.504405
1228652142	0.493045
1283908939	0.500875
747876121	0.502429
780383160	0.502705
531596035	0.505849
1410590874	0.501421
16827173	0.506464
1625304829	0.498670
429268149	0.498823
110445334	0.514050
22528309	0.521581
132345883	0.503052
233693291	0.519703
372506462	0.504852
18863927	0.491772
242873057	0.503919
430235090	0.501636
36564017	0.501827
304115290	0.498538
1901018683	0.499237
1037321378	0.493217
278433367	0.500088
302113333	0.500371
1609169504	0.505801
17997831	0.505671
1531521632	0.498613
291551843	0.506871
14669951	0.491189
368914608	0.506207
1375871708	0.498320
17340186	0.499651
432766911	0.498267
68281948	0.503510
127963931	0.503362
18646108	0.534462
549438299	0.505911
16336478	0.505164
83195396	0.503518
467636108	0.501363
231898286	0.506681
70590748	0.497792
441040701	0.498189
137084996	0.498052
912598626	0.501296
230720547	0.505023
41861272	0.503745
416644656	0.495588
2317625354	0.494209
28176898	0.511561
401989810	0.503348
581275783	0.502244
91935208	0.505258
18791763	0.493160
27688281	0.497644
1853114688	0.500815
14246001	0.492402
1486445498	0.506417
977560500	0.499101
15715665	0.504644
235279028	0.502990
805188312	0.492855
64507817	0.498244
277193651	0.503491
21910246	0.499116
156763824	0.503134
1045110018	0.491906
614706394	0.502665
36686040	0.503857
1917731	0.491437
280913598	0.503903
249787913	0.494927
1242946140	0.507025
1526488393	0.498790
28008943	0.506567
2316393866	0.508368
526750889	0.504087
1849400233	0.500377
125613253	0.501277
15380417	0.505518
26051676	0.511030
90250351	0.500615
931024693	0.501490
2245423891	0.507731
73791927	0.503571
389357597	0.500288
514749390	0.494919
1232484468	0.497684
935033864	0.499417
27274887	0.501435
952575223	0.499447
414068004	0.507637
49057566	0.507139
702460382	0.502167
243413616	0.496931
121537837	0.500910
122174004	0.493109
265329329	0.505367
237504609	0.506256
858111194	0.500870
246447524	0.503707
20397563	0.500891
260479308	0.503892
935987066	0.507567
1051446626	0.518612
1428792126	0.500226
15007149	0.492719
238264015	0.507867
237862972	0.510281
265993392	0.499408
15976697	0.496580
315992993	0.506433
127919146	0.503160
403639485	0.507918
17120599	0.507243
1105408002	0.495063
328679423	0.491072
130977700	0.498398
70740010	0.494040
894512114	0.505672
78408666	0.494985
2394285656	0.504256
2292332720	0.503664
21572351	0.497305
1157543414	0.506691
130600206	0.522121
249219716	0.513782
346949527	0.509174
337595668	0.496225
2155491151	0.497133
51982954	0.505425
15224867	0.492204
27675227	0.503764
2236668625	0.502252
108323434	0.506457
52052011	0.491745
2304223555	0.503371
538121732	0.508634
50707364	0.503627
470654192	0.507365
1092757885	0.493608
93950784	0.503451
1360075950	0.506940
19612749	0.505710
1382011333	0.491821
55440365	0.504586
37497720	0.496590
117432541	0.494466
1613159058	0.491183
103949895	0.499640
399112142	0.499899
22265452	0.498356
1120582274	0.500047
1089334250	0.511572
461301890	0.502931
198928268	0.503320
12298112	0.493870
240135871	0.506734
22507324	0.499101
117792965	0.506709
381874511	0.492549
741061716	0.499960
325040651	0.508591
294959299	0.502917
457276155	0.504743
1237156340	0.501882
21643972	0.496366
1362806395	0.506908
136550204	0.538291
18579364	0.504862
1326498037	0.503772
40510796	0.502371
598853747	0.499328
573916220	0.492432
3913931	0.500049
91346513	0.505867
2329092852	0.500089
2176134116	0.500472
1461162020	0.505804
183212100	0.501504
15210284	0.532034
133022865	0.500419
171154131	0.519122
18172905	0.524603
123150166	0.500510
938657858	0.500120
191496735	0.502132
252249233	0.496619
137794015	0.494943
220551206	0.505458
65082057	0.501928
1553746556	0.500286
749375898	0.505949
889786374	0.494834
624927613	0.502616
158290255	0.500465
363540832	0.505506
24509586	0.503970
447277172	0.506378
14398250	0.504640
287545295	0.492007
84119348	0.492469
236541422	0.511856
62387220	0.502677
2316645626	0.498810
18622869	0.493194
53725673	0.506813
1422790478	0.496641
1112972713	0.500155
443265529	0.507065
335476450	0.501137
1870463754	0.499969
714409014	0.503443
344516847	0.506899
271007688	0.504737
1387919042	0.501545
627838899	0.497203
33205490	0.501029
1328762540	0.507014
284664892	0.505089
1265860620	0.504235
619541619	0.505161
249327401	0.507196
1023872718	0.495595
138531540	0.504889
22076537	0.495694
49969221	0.503677
21346197	0.497896
1431454158	0.501509
24745957	0.496175
626001129	0.497351
1345850192	0.504668
243502423	0.505149
414543577	0.506058
59281449	0.498705
270792742	0.500462
325830217	0.492637
18496709	0.503605
1035443946	0.497281
286799590	0.506275
1539064994	0.505758
624753464	0.502645
291756142	0.498456
35013862	0.497372
1849074780	0.506312
171598736	0.497074
20209807	0.494390
1431884516	0.505848
15923226	0.542139
1209417007	0.509694
2161486428	0.496763
215346722	0.505393
562618381	0.503791
125208664	0.504740
625296182	0.501280
36691808	0.502653
17680840	0.500349
731524644	0.495209
405785853	0.505175
18566912	0.498236
1444416162	0.505410
930009097	0.498407
836709230	0.495397
432771620	0.491627
50370046	0.499124
287896740	0.495448
193076432	0.504181
216355557	0.496900
24448865	0.505374
378547255	0.504676
24195214	0.504399
41017380	0.492108
540241441	0.506901
39803436	0.501030
271593651	0.492995
232127685	0.503218
148348430	0.497254
1413602821	0.499863
524724189	0.502893
249288197	0.498060
63169388	0.501365
19693903	0.502993
15769734	0.501405
1884258127	0.500271
158397501	0.496241
25382456	0.500218
628559456	0.504967
620708331	0.502284
1872933859	0.496611
23951197	0.505126
2185601035	0.496294
85342505	0.503866
403539769	0.505921
321380757	0.501770
422076926	0.505731
20469722	0.507971
776698136	0.500316
1092750030	0.507285
50552213	0.500880
19201438	0.501633
157305077	0.501276
213207055	0.502603
130274805	0.501496
348522887	0.502622
2309440500	0.500973
143489158	0.501637
783749288	0.500320
559073634	0.500015
562640547	0.502494
608902626	0.502816
49194495	0.494535
20880535	0.502318
1210072844	0.505006
54606494	0.507613
81021861	0.503654
18277655	0.494470
33537967	0.498183
48354257	0.497553
107620932	0.505732
14540659	0.499326
1636639214	0.499573
365239637	0.505400
15941955	0.492416
1342502834	0.501142
569212271	0.506137
971412384	0.504079
295685416	0.509420
1963246038	0.494749
250736913	0.495335
1310708510	0.493046
50634125	0.496373
1539300170	0.505794
1109679128	0.496330
253654580	0.505942
19563355	0.506611
15458694	0.503599
230100284	0.505037
10615232	0.497137
1045853744	0.494900
233949261	0.516511
593718490	0.504916
1186810890	0.497739
1186874899	0.500299
288886063	0.504283
247517295	0.498054
30437038	0.494369
63796828	0.499959
915781920	0.500052
18915145	0.494430
76348185	0.491758
1915018465	0.505372
22698090	0.501363
20608910	0.497135
87714473	0.500048
1237704769	0.503972
467823431	0.499347
249410485	0.502438
108052596	0.501445
1316483802	0.507418
23365717	0.505499
477583514	0.500234
200870788	0.497168
33655490	0.504959
14511951	0.507974
933487722	0.505161
430343685	0.507372
24477294	0.505543
234812598	0.510555
94103877	0.494563
180197930	0.507473
54207182	0.505710
318711662	0.507736
1347830329	0.496717
22812434	0.494191
14110710	0.505663
15918353	0.502911
15554922	0.516715
254174408	0.504754
53420694	0.500163
1979395855	0.492493
462285708	0.505817
295805574	0.498610
1072467470	0.493681
20621911	0.503885
759316808	0.505498
1325640288	0.502423
109071031	0.492832
2175130770	0.500362
4389861	0.498682
231510077	0.491601
15764644	0.498887
15212187	0.520035
127074099	0.501942
43963249	0.499818
27311044	0.498025
1183912596	0.498872
1225410018	0.492661
2192362761	0.505119
589869443	0.504808
240376522	0.509309
424522799	0.504579
351133674	0.500227
1692578893	0.507263
18217624	0.498976
250462634	0.506150
134302187	0.499765
303920466	0.506582
1346817602	0.502262
1686565519	0.499243
61313751	0.505550
743167003	0.507072
39787282	0.503452
118941676	0.501626
26305670	0.500602
418269619	0.507344
1070943116	0.501629
209151429	0.505626
26820795	0.505121
806186582	0.500146
442610682	0.504687
15584433	0.505193
703759688	0.503317
631648466	0.506599
127908221	0.504837
1551310284	0.505010
2294530717	0.501500
1176615978	0.499280
1465964245	0.505310
192041694	0.500909
74960018	0.502406
584583739	0.500273
2188340009	0.501532
32537213	0.501330
121656624	0.492960
586730005	0.500200
1007065914	0.502191
417664241	0.499849
16557756	0.504835
788006827	0.501755
46499643	0.500829
80612021	0.498626
2362779882	0.501289
14345062	0.516294
146263776	0.500643
334127852	0.498673
515898679	0.506051
66209943	0.499843
1673504017	0.504291
224766531	0.498508
2242638817	0.499764
210926192	0.504231
1031118500	0.495302
1602268826	0.500538
399502932	0.507119
242761889	0.497737
355881289	0.500943
48425512	0.503194
27242307	0.507035
18137749	0.500370
21111098	0.496404
724658815	0.494550
70587562	0.504463
112740986	0.497400
594582597	0.501804
1155212191	0.506168
67776968	0.501745
50128726	0.502757
29898014	0.500630
28382250	0.500310
39424870	0.505747
1187949900	0.493303
2340869731	0.497844
53503202	0.500970
16930125	0.503984
242892689	0.501870
1430814439	0.498081
118540429	0.505452
2294105892	0.489706
417393341	0.507191
16739711	0.503266
312435184	0.500172
56864092	0.496196
221793778	0.522602
17750784	0.504113
427742683	0.504806
1190825605	0.501777
26596727	0.513154
569666511	0.498793
1480218668	0.497689
26424123	0.492864
29751942	0.502431
497535334	0.505958
20597460	0.491289
11651202	0.509706
56440142	0.518644
492480327	0.505322
935398104	0.501711
323166438	0.496298
16474026	0.500964
174369590	0.500007
68888437	0.503823
7350652	0.500010
133832049	0.499676
131149247	0.503864
346045240	0.504756
1655093820	0.492413
1080732656	0.500995
119527861	0.505775
1611680690	0.495434
1620243926	0.503023
237750442	0.502774
38516217	0.500848
1705042116	0.504696
422964271	0.507164
2364631970	0.497173
1925431584	0.506194
50731463	0.499124
191688736	0.505802
235190657	0.502626
204881923	0.499129
32265225	0.503721
78569026	0.497058
397382646	0.492842
407053599	0.505417
268007771	0.506559
2467791	0.496614
22508473	0.533445
2435410690	0.500612
1301606089	0.493840
218267731	0.502450
18632666	0.498437
22387804	0.504550
6577802	0.516182
2288502470	0.501618
1122064316	0.503039
14925704	0.502297
156029105	0.502148
20113797	0.491341
79022250	0.506753
17033503	0.502383
484134207	0.501249
29793493	0.493174
2161537962	0.496334
718468320	0.500587
67738195	0.501374
44215945	0.503425
221496713	0.504696
788081918	0.506413
860733170	0.493452
23387115	0.497837
22812754	0.498071
98929990	0.503646
297940478	0.504730
264221149	0.496878
18056015	0.492498
62770351	0.504517
628760912	0.506580
587783109	0.501037
58379000	0.492509
121841737	0.503335
39279393	0.502165
92071963	0.504515
127870840	0.501823
22012091	0.501864
272019676	0.533802
346885718	0.508936
148086041	0.502888
787373558	0.496165
520245212	0.501893
497546508	0.500018
557806506	0.505618
186430550	0.500134
41377639	0.507974
49045755	0.502246
798420806	0.506055
1006482620	0.507683
154139987	0.493618
1915752144	0.500010
1308601632	0.499647
1326751968	0.502075
242618658	0.491160
24045931	0.497059
297532865	0.518803
24670782	0.504569
59888738	0.497615
71358042	0.504682
46724483	0.496431
1468560242	0.500952
1267462094	0.495237
277750492	0.508042
542842941	0.498169
176135285	0.505081
36394602	0.502992
76350004	0.508773
50150341	0.496121
233346654	0.499984
109287731	0.509737
1686107834	0.493583
1093441423	0.505156
6092972	0.502522
250719718	0.505264
58492046	0.501940
308721230	0.495132
29766367	0.512653
759251	0.492562
393821580	0.492007
77839894	0.494187
1716914930	0.501926
10102032	0.492107
82649553	0.493694
1653370998	0.506858
1362944844	0.503041
61906286	0.495180
1932803906	0.503330
221447516	0.521250
1905156690	0.496220
830918346	0.503674
12788332	0.512752
33622411	0.505108
62354707	0.503572
1621009105	0.493871
104727439	0.503349
24913074	0.503905
106591004	0.495278
18221712	0.500039
5357812	0.498175
103335794	0.503888
905020056	0.500237
15603311	0.499422
15762842	0.501596
15555056	0.502603
115979444	0.500541
2361890355	0.500595
575344793	0.502955
157382927	0.492458
16062766	0.502173
218779638	0.495290
2302483196	0.497809
1655816936	0.495600
454947269	0.500729
470366309	0.504335
16130949	0.501884
2409239300	0.496507
270370405	0.502865
29293808	0.496807
244268646	0.513670
16742053	0.507798
942156122	0.499889
703561088	0.499878
382534366	0.500211
17065503	0.504568
1296038210	0.494272
359596838	0.502411
227088228	0.496038
813286	0.493029
137571771	0.506277
1234286196	0.497531
14849664	0.495487
140959145	0.507810
148453195	0.494677
301090775	0.506266
14800483	0.499792
792608948	0.505256
950783972	0.492587
220241174	0.505062
381413722	0.503750
119250381	0.502357
24299006	0.498573
389840566	0.500708
36777778	0.505034
88806753	0.519491
415780303	0.509268
143779492	0.501228
614542142	0.503210
333504114	0.507340
29848453	0.501804
65919935	0.502617
44682276	0.507819
593813785	0.501158
582931822	0.503083
31801993	0.496125
94366606	0.502991
162784542	0.491504
330816212	0.503776
448923637	0.502076
1096507650	0.492778
15428227	0.508319
411997494	0.506881
2252899873	0.501903
14293310	0.494629
40402146	0.501673
18811140	0.502399
1365917090	0.503384
273098660	0.501821
88976164	0.506242
23970171	0.513462
1347674623	0.495916
223523798	0.504307
15014405	0.500424
1347436638	0.503187
2836421	0.495686
15964588	0.493651
38254095	0.502130
37094727	0.495192
64161351	0.505264
372345957	0.505247
14672279	0.501029
16030518	0.504403
91137301	0.501362
240663096	0.503006
247334603	0.501469
20957491	0.501271
26841582	0.500827
28238988	0.505706
30673492	0.500878
35518656	0.501108
322737879	0.506015
1965801554	0.501833
47614124	0.504642
71281860	0.522143
721052064	0.505192
1949611364	0.499219
18008330	0.500737
148006729	0.494061
1301328822	0.497958
1183811947	0.499429
17906632	0.493636
155680896	0.504736
26111775	0.501108
349219528	0.506129
86364947	0.518429
2181453624	0.499713
26316100	0.504618
1556756886	0.503089
20002401	0.493285
19269183	0.498883
321119379	0.497907
1300124792	0.507562
563844379	0.505059
751806494	0.502311
33027306	0.500526
23117388	0.507298
819528355	0.496461
267217520	0.505467
886986138	0.506896
497551327	0.497006
59568948	0.498761
1716366295	0.497223
1905833168	0.503572
448169106	0.506828
148333607	0.503669
289374103	0.504784
360191435	0.505298
450786176	0.498602
23617145	0.500956
317193393	0.504894
144189766	0.505070
279964598	0.507010
1120931132	0.501969
1137600571	0.510863
33060832	0.494213
18480494	0.507436
292990703	0.499992
1117009244	0.502405
33576489	0.495485
17848544	0.498080
463918261	0.501964
990635636	0.495880
18213420	0.506039
214179002	0.504877
195070336	0.503154
885789362	0.503913
22831059	0.507914
22081190	0.504398
153486399	0.499221
236480864	0.500426
37202770	0.501471
374161639	0.498147
1242109014	0.491799
211530910	0.509344
1606703838	0.502175
348857253	0.504690
167856299	0.504267
502440556	0.502762
14529929	0.504803
631876809	0.492849
1902537799	0.491169
700126891	0.503162
20444702	0.492221
32789881	0.502393
67906573	0.507769
1032703770	0.499103
7334402	0.496992
19245431	0.500552
110924703	0.503908
198523967	0.501778
1058345042	0.506563
2296636404	0.497051
15471838	0.504485
1702539968	0.499246
20376424	0.499201
21509894	0.500799
1388590928	0.499980
429181880	0.501218
1073212812	0.492668
283657826	0.503766
460656473	0.497683
1277984012	0.495887
165533941	0.506392
42638402	0.505501
337752039	0.507447
1393599296	0.501529
114607567	0.493428
1144145946	0.503678
377702207	0.491580
237814920	0.524062
851621377	0.493021
1487887076	0.491503
1852819452	0.499008
109280446	0.520945
1665719612	0.503517
537156670	0.504970
411526571	0.498270
488127904	0.487377
34270503	0.503730
95602718	0.494420
191208249	0.502927
21351432	0.503372
592019654	0.499557
385429543	0.495746
234937222	0.499264
26194384	0.495212
47975734	0.491487
1023320856	0.499135
211901075	0.500755
271552521	0.503501
1222283971	0.502220
2321129046	0.500454
1722842137	0.494094
1540496365	0.505899
10025982	0.503411
17530189	0.499079
123667924	0.503661
1962564906	0.492030
110893482	0.500536
93575832	0.505174
40750718	0.504701
960962340	0.496987
222195455	0.502163
16056306	0.493261
1074129612	0.494890
60801758	0.494296
21426423	0.516845
319529691	0.500300
161411080	0.496221
161791703	0.503321
939621458	0.504887
16703058	0.491533
301081520	0.495923
32010840	0.499761
834525002	0.500766
26809683	0.491458
202206694	0.496702
520778762	0.500444
8775672	0.493649
317608866	0.506024
24184717	0.503086
1356531588	0.503733
713463571	0.500226
176260948	0.498347
278005891	0.492741
36737855	0.500377
35758513	0.507680
17896154	0.499111
217550862	0.495793
1110920106	0.499772
1931992778	0.493401
1128781184	0.491238
29865139	0.503192
977369880	0.504866
62330632	0.497997
34340464	0.511752
1033532365	0.501462
830430216	0.509137
155642785	0.494206
1154667132	0.497693
1080602371	0.494409
360605502	0.505127
63787812	0.499888
30027177	0.506465
2369234174	0.507369
5741722	0.494995
551698752	0.499344
545501375	0.502679
1596947036	0.495614
1449407450	0.498307
326551457	0.501797
95509057	0.506328
423688722	0.500634
328258374	0.505944
705661256	0.499656
496786334	0.492173
1879871294	0.495650
2374720591	0.495238
1954751917	0.496503
550401754	0.503197
370076582	0.506359
18820392	0.499995
16298388	0.499718
348861268	0.508816
1623282788	0.495709
14124614	0.505713
36588739	0.502237
88784440	0.501024
16804072	0.494142
2356356972	0.503383
1258312562	0.509669
43216755	0.502306
703640660	0.501726
896620178	0.498789
122473388	0.505790
234906311	0.497303
16018516	0.505680
586045941	0.505426
1115633996	0.497905
485139684	0.499737
1352594924	0.504375
1621076712	0.494335
175102610	0.502308
63749707	0.506357
20733972	0.496645
17291452	0.499669
20906882	0.503645
615181714	0.504586
78966155	0.505762
1430524482	0.500148
21669223	0.500719
8870632	0.498544
14730894	0.520503
1959864463	0.499782
21321475	0.500072
272520742	0.500260
19918558	0.491757
1959387662	0.501704
14216438	0.500232
492378372	0.508177
1154894353	0.493907
1463550048	0.501511
24305421	0.502147
26265640	0.503472
382441782	0.504047
856549532	0.504451
235271965	0.512440
314335929	0.503067
59969802	0.500308
74058012	0.500659
347877928	0.505425
30500021	0.499944
716563918	0.500047
2255274860	0.497238
411766612	0.504935
39793438	0.500055
41634520	0.499349
51228911	0.500167
247496974	0.499885
234374703	0.498155
2168350939	0.498470
455037005	0.505810
267781214	0.502229
26324609	0.506913
17487795	0.495513
339852137	0.508144
230761725	0.504797
14616459	0.504715
1556371026	0.499840
199325935	0.500720
234927299	0.505071
109025212	0.502608
225326840	0.494075
1363394484	0.500749
75367781	0.528752
343171266	0.518925
15600527	0.521083
89526574	0.501065
523397097	0.505614
1092979962	0.511814
63804234	0.506740
206716135	0.498526
260841091	0.503077
47470008	0.500537
68198447	0.504593
2377726519	0.502484
1221321108	0.495600
205420257	0.504972
1243902714	0.495157
1049460835	0.503143
49782398	0.501456
1246599554	0.502525
113420831	0.498106
62907908	0.499857
72874723	0.507832
236899846	0.497998
1891157910	0.501137
505932430	0.505083
85778445	0.494379
270067927	0.499405
331268118	0.501834
1201520622	0.492329
538416721	0.505223
359950567	0.497352
6794502	0.507852
1263944875	0.495224
58287227	0.501930
338553588	0.505241
213182436	0.503415
46176168	0.499498
142721190	0.522018
943501040	0.507668
71070614	0.499146
18317325	0.511139
1065995022	0.519973
21941446	0.502174
87055347	0.496402
259950795	0.507628
506091865	0.502304
1581759588	0.501950
547839797	0.499423
1697235505	0.505944
932421955	0.497090
46016028	0.491577
25768647	0.503762
17074440	0.508485
1143929599	0.502172
2254857197	0.497239
631543401	0.498304
959687432	0.501425
97368029	0.503114
32774989	0.492113
415981838	0.502251
180287231	0.506092
472541504	0.506547
1482327366	0.494791
454953162	0.500606
20552026	0.492373
180895768	0.499843
14275291	0.497833
2324036732	0.500901
346030501	0.491086
14135426	0.500326
191005134	0.501252
14389132	0.500524
16472624	0.499233
286363562	0.505402
163586067	0.500702
390292636	0.505533
991821667	0.494615
20449956	0.500293
1693751167	0.504782
1658254478	0.500543
268496469	0.502125
1497383952	0.505492
1313165581	0.503070
1532014123	0.504161
139574248	0.502395
99157266	0.506865
83200882	0.495507
2317860566	0.499812
216481299	0.492102
805777398	0.499477
361365479	0.501961
97171189	0.503138
807095	0.491356
391413865	0.508262
89820928	0.498953
246499208	0.507426
85606078	0.505967
435877117	0.498142
16385104	0.501236
24135119	0.502732
276763538	0.506699
207731256	0.501642
190699396	0.505318
1870898497	0.491803
1104083418	0.503285
52992670	0.505202
27676828	0.502403
310912778	0.495516
47056405	0.501578
352643501	0.506037
252115520	0.502507
47402168	0.505670
404542591	0.506771
594870776	0.494193
240327228	0.501196
263975503	0.505142
1068990122	0.507915
261263905	0.505382
1357427004	0.501156
19253918	0.506193
586032653	0.500109
451967996	0.500291
18793575	0.504985
23712174	0.510531
252819642	0.530925
195019882	0.505323
18244206	0.503354
8953122	0.534243
33655512	0.507383
19926675	0.496782
287861586	0.502315
323239103	0.497886
17439675	0.502203
18967498	0.506301
29598035	0.503280
796737758	0.506120
180396181	0.500931
305389392	0.504678
85353299	0.502942
1423715941	0.499572
17282256	0.500481
1322558402	0.500467
430830756	0.503942
1733849666	0.500144
449959102	0.500169
733751245	0.494439
1558893368	0.502042
56653367	0.503540
39191258	0.507727
498961346	0.496587
300515560	0.505769
539866149	0.504675
225988631	0.501020
78431501	0.491271
76392970	0.500581
248791332	0.505846
1117640744	0.500746
118152495	0.501194
15751083	0.495109
22262553	0.504659
1905298878	0.495413
1443203875	0.504399
39308549	0.538348
196147086	0.501781
47891535	0.501473
15029174	0.509969
273795671	0.502704
237944147	0.498576
1738425180	0.494580
758067224	0.497538
424263083	0.506443
456911539	0.494112
64022803	0.500248
262424195	0.500130
1699808366	0.501795
360427514	0.506148
169472184	0.504535
293254420	0.505111
613725908	0.505247
485264526	0.505931
778724700	0.502558
427024774	0.505019
1068626984	0.498477
148565166	0.499307
29896465	0.499818
15281676	0.509787
20713061	0.495825
193732179	0.496763
1043702834	0.503666
398232779	0.498659
1516830966	0.501411
864768235	0.495446
2417754469	0.497279
356390382	0.505736
712959254	0.501112
180846791	0.502838
158495061	0.505289
64660952	0.506777
221792092	0.499017
75785294	0.491101
242068532	0.497753
619479855	0.506143
48117116	0.493965
443681123	0.503969
380371286	0.506530
30930019	0.506180
195955478	0.497385
2192766368	0.500268
30043495	0.511542
126644609	0.507247
76651617	0.498604
386455581	0.507038
49316020	0.498798
236916916	0.511831
5558312	0.495338
80473367	0.496763
44117460	0.501043
330001961	0.505408
373311804	0.503273
1849261916	0.500204
180100015	0.506927
234822928	0.577067
269931179	0.505190
8128442	0.494652
292935209	0.496378
572317065	0.503638
19553409	0.492260
242555999	0.493817
996565820	0.501366
886042746	0.498128
98242752	0.497276
28859894	0.498299
16086967	0.502902
1578519660	0.499861
283265252	0.500116
350930593	0.505531
1002313952	0.501537
2265167642	0.506470
1076928920	0.498663
1944510751	0.501134
22417674	0.492975
49697450	0.504872
31350534	0.505341
1694503231	0.496538
1571660059	0.493953
161344057	0.492478
1189735556	0.505100
809050796	0.503421
22819917	0.507881
1602752804	0.502668
14809189	0.501592
578069877	0.494004
311165745	0.505118
155669457	0.515371
1643415560	0.497567
249339682	0.493509
416686487	0.505916
22097192	0.505158
1927804778	0.493860
1077121945	0.494812
33345380	0.504799
287269659	0.495991
1955581326	0.500409
1860099558	0.506155
137381495	0.501643
1408518626	0.500063
317407076	0.504008
1117953943	0.502029
19726613	0.498606
1935184730	0.501051
201877444	0.498981
7713202	0.508456
57977498	0.500132
87318108	0.505510
9624742	0.491993
19891260	0.504817
254775647	0.506481
15116570	0.496137
1925654095	0.506424
17643209	0.498612
14344823	0.504100
308664726	0.505854
558769636	0.493516
40024874	0.502437
198963912	0.505208
189910408	0.500144
50839205	0.506693
560117034	0.500259
2363258587	0.493436
19739126	0.513585
338883349	0.497601
48086014	0.497318
2282872260	0.496065
33665393	0.500701
205886080	0.495268
135931182	0.529882
800162478	0.501991
373011304	0.503045
7270292	0.491662
17976923	0.537925
104797238	0.491025
2337254448	0.507122
97150206	0.502751
5561412	0.491432
42760147	0.506042
191923358	0.507285
581141508	0.499896
223166587	0.499746
193614775	0.506019
28599820	0.501486
1001025787	0.506153
972323274	0.499623
9855382	0.491763
472632386	0.496689
2230533374	0.493337
2704951	0.494889
1611064304	0.496989
342601720	0.500063
224320485	0.520014
121620626	0.499369
364564017	0.506423
1469735982	0.500984
17768436	0.505048
19543987	0.507602
1374923180	0.506418
234024969	0.498610
16031927	0.505074
755802794	0.498116
29501253	0.496080
1403429444	0.505913
1071768498	0.498231
313344689	0.507307
2288373518	0.501468
250188760	0.492298
891678516	0.497063
1920276091	0.507894
16100318	0.505245
49453870	0.501330
10168082	0.502898
453698931	0.504357
54598826	0.509224
165511812	0.504931
1599284149	0.501921
237299871	0.494761
556000874	0.505923
156975310	0.509234
96662959	0.505399
15297551	0.504055
17513304	0.513886
364415553	0.492344
305145458	0.501701
2366260580	0.495126
394272456	0.505861
237129990	0.502435
1020058453	0.492159
317630465	0.506884
39793961	0.493774
377237995	0.506663
133429379	0.494773
64651898	0.504841
776664410	0.496389
235660311	0.499973
63753027	0.504850
1977097572	0.501131
35829796	0.510885
520950046	0.507619
1521740594	0.504259
1061486761	0.499036
425565585	0.502026
32135704	0.500008
111635980	0.495520
334320138	0.498273
1262814457	0.493932
137068935	0.499867
237926856	0.501181
48075643	0.502260
919804596	0.504961
244985138	0.502523
77418275	0.505081
230981077	0.505932
109274506	0.500878
14634720	0.500328
193872188	0.504260
43955137	0.508154
1878559962	0.505232
2241120434	0.503063
209833543	0.505152
1434486529	0.502768
254277011	0.500016
201453157	0.505001
217137252	0.502873
31611298	0.496378
1517363570	0.502130
51241574	0.492930
162069635	0.493342
356291170	0.500517
474232856	0.496601
1931698346	0.503952
245378929	0.504617
159524468	0.503400
15675138	0.534817
1602221707	0.499849
27088314	0.500788
2256726992	0.495887
248852820	0.502765
108671959	0.503875
136471166	0.504988
21220931	0.502494
233238234	0.499168
557671006	0.507192
1060860422	0.499400
2178681566	0.500230
1535579558	0.493622
22731105	0.500078
260760840	0.499495
72405094	0.498504
18161620	0.502276
338811841	0.505788
1385690448	0.503205
1898897300	0.497655
621293247	0.503370
128235400	0.500274
217912727	0.504765
531481241	0.498835
1399903849	0.500268
114887629	0.501825
5392522	0.492016
269908647	0.508450
339814337	0.505699
326208966	0.499815
2162136865	0.496516
80403646	0.505659
131036750	0.494650
53643803	0.502909
30216513	0.491927
860154126	0.495801
19512725	0.501403
405034710	0.507539
16517357	0.498469
85916265	0.505710
1337252017	0.504481
397430607	0.500746
15727317	0.512948
15159913	0.520493
275098108	0.504372
38500956	0.505462
122770149	0.500097
600991865	0.493447
5496932	0.515453
49649077	0.498349
1627252382	0.500281
260396714	0.493199
37461389	0.492315
1279783315	0.501087
19808819	0.509419
1305465990	0.501953
474451843	0.496419
220580561	0.499473
16102244	0.501853
71328021	0.502997
122146840	0.496038
1827782569	0.494626
15954997	0.492913
754277773	0.503932
1920537577	0.497635
21419440	0.499744
381666107	0.505014
25915690	0.500146
17301179	0.497092
19286569	0.505638
1060487274	0.505689
582475251	0.499541
14984637	0.501876
19257799	0.503449
138770045	0.501737
407744769	0.505832
57860368	0.500300
16129920	0.498235
23121519	0.498773
24392175	0.500656
15417358	0.500508
240363117	0.505425
1140648348	0.516135
167699332	0.500016
1911335244	0.502038
1719880621	0.500865
74164455	0.501701
151200240	0.506227
22946355	0.497235
833990756	0.502763
3108351	0.491595
234469322	0.512305
1693373094	0.503443
351109901	0.498503
247420668	0.500874
538646538	0.501476
16583468	0.495694
14763834	0.495560
382791093	0.494743
322794665	0.497314
271985168	0.506051
21636248	0.502729
555593757	0.490809
61250271	0.501192
207317790	0.498444
575766234	0.497828
1002244244	0.497549
84984380	0.504214
1550794628	0.497674
958081542	0.495546
95978223	0.504484
1305596696	0.509753
15922214	0.534524
15522251	0.502558
978690895	0.504121
62090497	0.504855
791002021	0.505131
2196576859	0.502733
34122899	0.504086
200400227	0.503912
23789790	0.503531
121990777	0.504316
1469446608	0.500963
2178860358	0.500887
470126084	0.505735
615953866	0.494863
15745368	0.491677
42734224	0.496099
1503451620	0.500576
193794406	0.505041
538185166	0.498105
324171587	0.500188
1463325120	0.496077
15918708	0.498588
188194323	0.503856
135653370	0.505274
34402366	0.496906
24463788	0.501421
2284159548	0.500218
34932854	0.502209
48587305	0.499783
302382660	0.499917
199286398	0.505693
1462723416	0.500084
359032147	0.502762
400792588	0.504373
572061403	0.503405
247066289	0.508241
930234066	0.502882
34966987	0.502205
2330410284	0.500143
38067927	0.502102
158398519	0.498925
325804079	0.506090
18873711	0.495319
78403308	0.497127
568151409	0.501084
2311117897	0.506095
110545675	0.514476
24795163	0.500070
454060961	0.503357
357253772	0.500035
19028248	0.506431
74895491	0.505640
801084110	0.504143
16187637	0.493657
1365881617	0.501648
628018533	0.501588
98017737	0.505919
845711293	0.505361
593840334	0.502728
1380763326	0.496505
193978839	0.505791
115166212	0.505394
1009269193	0.495467
2253990607	0.503817
105823136	0.507463
287225290	0.504843
137407124	0.512477
426694458	0.500682
245905555	0.502785
1545715382	0.500412
20078009	0.493651
18060177	0.501440
28969421	0.502716
145292853	0.500274
92055121	0.503838
46263050	0.505160
1736053987	0.503691
2238098360	0.502542
11379362	0.495968
240760644	0.507444
301416337	0.505654
965142457	0.500018
1374780043	0.497771
24260994	0.503826
265529710	0.502164
448077090	0.502988
1157424444	0.506665
218206502	0.501752
25162697	0.504246
1350864440	0.499626
204905640	0.494010
71036272	0.503653
19658173	0.505088
15008539	0.506073
124335509	0.504317
66774077	0.504860
770554297	0.497368
1671690367	0.498602
36654245	0.512800
2250858631	0.494391
15985455	0.495532
1396846357	0.506133
385188446	0.502781
1055730738	0.510532
716984711	0.501120
38039087	0.503988
248252582	0.504296
163570705	0.500182
191728014	0.504344
299802435	0.503318
468601121	0.504321
740417436	0.496520
15856366	0.502926
1665514478	0.493428
11650762	0.492031
270017791	0.499527
31128529	0.514601
27385174	0.501805
393585626	0.505750
296361085	0.496024
293131808	0.498782
976579933	0.500306
228784853	0.503929
332040130	0.490642
309267226	0.495384
41750998	0.500659
68917738	0.500276
1874140452	0.492724
159609651	0.492597
458393298	0.504079
403353373	0.501637
249674727	0.505716
2286252732	0.492777
1080844782	0.524752
1372288434	0.504143
255876732	0.505413
49541291	0.503042
784971582	0.497682
22527499	0.507473
21693764	0.506594
16473577	0.491547
159977219	0.505317
140519774	0.511869
27633572	0.505061
31122582	0.513927
32506723	0.508600
1655680988	0.501778
2245220154	0.496806
15075753	0.505824
588237779	0.496061
1468203217	0.501171
188019606	0.505775
242836537	0.492139
193632778	0.505132
19865528	0.504181
351149827	0.498754
18166778	0.503223
303861808	0.491689
343830557	0.493725
17353658	0.500272
1541893820	0.503122
195271137	0.500110
362597648	0.506084
249219490	0.502450
26122639	0.491914
46557945	0.520864
398269985	0.505711
48263046	0.495633
1128514404	0.492554
1262936000	0.500172
537063930	0.508015
305620929	0.494254
15012486	0.491515
156300451	0.503172
305216911	0.491839
757372008	0.505201
32393576	0.501449
1711193490	0.491455
19151741	0.504942
16814879	0.502931
27705441	0.494709
385288144	0.504660
235251868	0.503565
431990191	0.498479
236118432	0.503193
91032815	0.501914
2367536538	0.502298
452004245	0.504009
135297032	0.492000
166536928	0.506663
1476337592	0.498866
32379396	0.500923
589425352	0.502941
633855519	0.492132
17800215	0.513923
235312723	0.506889
123934875	0.496796
983813816	0.501929
359133002	0.504572
246769138	0.496804
602997805	0.502810
30619527	0.501567
2203931420	0.498833
126980084	0.501581
222721984	0.502537
167507135	0.507170
459446627	0.504834
284744912	0.504603
59771400	0.497096
1096059529	0.492210
1385871187	0.501381
1022263688	0.506089
271958454	0.497918
1540360435	0.491837
765038167	0.500033
16803651	0.503419
18029328	0.505975
2361531690	0.498967
60984835	0.522753
112236901	0.504905
404226735	0.506902
1911879768	0.502105
50452197	0.499603
55896443	0.501331
159292313	0.499082
1883356866	0.500707
314761332	0.502797
26607712	0.499808
21786287	0.498967
15356407	0.524156
2739461	0.503927
161743731	0.517338
270182385	0.494251
349379430	0.505930
57751453	0.504919
1265207760	0.504432
27886115	0.505282
16441318	0.505469
96800896	0.503996
23976316	0.513847
21762137	0.501941
350927143	0.499123
539485640	0.501989
407323365	0.506464
275725571	0.505541
77308668	0.500040
30095477	0.503750
330650569	0.504365
108083058	0.502689
1644805254	0.501479
7356562	0.509942
2305315345	0.494492
360804642	0.497804
919927722	0.503737
15207668	0.507424
1214475872	0.503669
44478497	0.505626
16099657	0.504554
857748156	0.505491
1678290240	0.498145
76381104	0.503873
407039290	0.500006
344109654	0.503146
15035209	0.494076
254805061	0.505804
9300262	0.536158
242426145	0.496298
1902563203	0.497763
1909542326	0.503262
185684821	0.507407
21157904	0.495837
253100055	0.501507
396794501	0.494936
30050899	0.532280
47736933	0.504807
209792690	0.518515
11134252	0.512489
480056408	0.492358
14125897	0.491625
1075843532	0.500926
174847410	0.499718
1173237842	0.500163
610415617	0.505614
30823752	0.505618
14597351	0.492929
316819997	0.504506
32007346	0.496452
356881780	0.505133
323511585	0.503425
43108099	0.494610
49675523	0.504026
299883942	0.507281
1214026033	0.494538
293459696	0.505306
793992	0.501884
2236741645	0.502870
16469463	0.501617
1462357878	0.505544
1852444146	0.505766
288295387	0.504990
63502107	0.497855
323863880	0.503078
93723445	0.493939
85418520	0.502333
405134921	0.507964
2301967142	0.505752
148041415	0.504327
284296658	0.494742
1898624934	0.495502
1444380402	0.505859
554109268	0.504241
2297176518	0.494664
1071900114	0.502360
254189414	0.507147
469674025	0.508954
1422126799	0.500237
327798242	0.504791
80958505	0.500968
393603441	0.500921
181101417	0.502354
52989817	0.503098
818586175	0.499103
2277763242	0.521772
31120881	0.501948
1025653922	0.500773
54686639	0.497623
185049728	0.504265
530864692	0.501428
44195577	0.492587
281162551	0.507354
954172328	0.505409
34850480	0.507240
17750110	0.500717
38036372	0.495531
48115928	0.537225
514929629	0.501774
251656840	0.498529
14173315	0.495041
1884324084	0.503443
281540744	0.496042
18891923	0.521497
257658885	0.502951
1246366651	0.496306
330938673	0.507536
1059240924	0.495978
194536303	0.498950
1339931490	0.498953
518644221	0.508121
431266828	0.502509
432092458	0.492982
234022257	0.514385
47747074	0.493309
73925960	0.506527
450108691	0.502195
278124059	0.494757
473199911	0.499645
196619213	0.504646
227036687	0.499882
1630446259	0.496028
16669075	0.492648
75843152	0.496901
1510065122	0.495753
392998644	0.504125
78130610	0.505887
2203399435	0.494685
1906353372	0.497245
56763589	0.503831
116534252	0.503642
15324851	0.496424
209598477	0.500867
244526889	0.500285
1488969002	0.505341
232992031	0.492217
15394954	0.511500
18805303	0.511683
224285242	0.492351
883557414	0.502358
43050282	0.505024
18548136	0.500020
267938462	0.492587
585206397	0.497073
291676686	0.504055
1939381628	0.498592
309605202	0.502340
77017567	0.501455
779118265	0.497445
751212379	0.502880
245136682	0.503650
115488968	0.504722
2253968388	0.515281
1075666608	0.499250
555473643	0.499963
51267980	0.505619
176646411	0.504596
728565668	0.505070
487067075	0.503602
16054728	0.498281
1055362014	0.503363
47412499	0.493275
337122716	0.499054
870670477	0.494680
1572830660	0.490467
391814356	0.500580
13218102	0.523021
1418013151	0.495029
71294756	0.501137
5660532	0.500422
398165004	0.498591
516642662	0.505622
14587949	0.521790
17992453	0.505564
485842327	0.501195
2234105580	0.500049
19929362	0.492555
151589736	0.505174
45151382	0.506047
381152398	0.516289
21950364	0.502752
326043489	0.505635
233724961	0.502328
462033343	0.500415
186506052	0.499398
75347500	0.507107
449795350	0.499386
701303623	0.504465
1439879557	0.495232
246341769	0.522277
186291444	0.505691
378738565	0.499687
219429281	0.494314
1932363210	0.505372
308276891	0.493101
1580451673	0.502514
74302172	0.502788
360893245	0.503693
1375646822	0.498449
237312687	0.510230
119162694	0.503355
21619519	0.495054
490535112	0.500262
224297637	0.506849
1497534576	0.495600
14308987	0.501166
345261756	0.507923
1255785854	0.503045
18216752	0.499734
2184765932	0.489470
1525086182	0.503193
56538228	0.503047
95166404	0.504767
342945847	0.507707
630802892	0.499798
15350894	0.501769
19616327	0.524325
390522985	0.503183
2287788476	0.495748
624186253	0.499839
621500066	0.501557
24300215	0.492425
1624698122	0.497849
236479311	0.502066
594060392	0.501419
1072453910	0.494775
538086333	0.498946
342780479	0.498681
178419778	0.499553
280206584	0.504066
345555778	0.496763
1125409915	0.499081
93936388	0.502882
234014087	0.502490
473401390	0.504816
993153006	0.497499
19139963	0.492060
41464356	0.493589
506033683	0.498415
590696606	0.505857
1652541	0.492748
235217558	0.496512
425489816	0.505186
235591153	0.501993
22903983	0.502426
344033052	0.496407
946114207	0.504331
770448248	0.494557
19407835	0.510761
26778110	0.496514
1327675195	0.501671
169588591	0.503929
78673043	0.504305
15496979	0.506730
801523267	0.504256
45340027	0.494639
399432469	0.507468
125397444	0.502825
72198806	0.495408
197307435	0.502809
1134292500	0.492886
20563979	0.493145
164707575	0.504511
14617444	0.506168
263414131	0.503598
31006603	0.504070
201079432	0.514055
1149312193	0.504978
117974827	0.498381
89814216	0.505828
238861711	0.496865
253149069	0.504671
34666990	0.504774
555845120	0.508027
80111837	0.500104
1406277577	0.506768
529973619	0.505258
950328072	0.520357
153944899	0.492251
1335517206	0.497934
242376736	0.499197
584351142	0.507431
1183865954	0.498748
368977925	0.507344
75398827	0.505973
224294785	0.510782
173363468	0.504835
388958868	0.506019
133864713	0.503214
91179070	0.504554
289530036	0.505889
143889472	0.505640
51284800	0.501735
233601235	0.505736
250710495	0.494322
15434632	0.496789
36183582	0.504572
441425863	0.505100
221614578	0.505352
439596778	0.505202
20841089	0.506679
575385464	0.490658
40526985	0.505404
248850174	0.510822
37920978	0.495999
15939889	0.492037
1490306108	0.495237
433079096	0.506588
463132556	0.507351
2312281051	0.509086
1458461443	0.495951
19877680	0.501441
377773483	0.493476
180142423	0.501973
13067732	0.506950
38787045	0.499754
1143060714	0.506955
452413225	0.502297
18043103	0.501181
1282568923	0.497024
339172700	0.507732
112604826	0.505587
1229226714	0.502769
249834165	0.504865
2305350474	0.503126
2377621136	0.501709
18289929	0.505915
366228554	0.498535
24742936	0.502349
85634199	0.505292
93288759	0.502042
1051127714	0.495301
197290856	0.501153
20071932	0.499289
48807726	0.500331
486380694	0.501060
168666357	0.503989
215909539	0.503855
168673083	0.500339
47632905	0.502993
1069918782	0.502707
28252475	0.501221
1123683068	0.495854
2314336918	0.500065
84129740	0.493846
229197216	0.518986
247850985	0.498778
2369496272	0.491268
85970738	0.500024
15715842	0.500867
153919023	0.497238
499978095	0.493172
1365631760	0.500463
389759292	0.490743
38465240	0.506120
1512666349	0.499466
1656055824	0.499518
1662929678	0.494368
117197307	0.499619
991357832	0.497027
34438002	0.493973
104631905	0.496562
1262623074	0.498771
132278386	0.491441
15948219	0.507580
1011705054	0.501075
251728316	0.504444
20495104	0.500019
612716532	0.503462
110050273	0.498899
113214730	0.504264
237770636	0.523819
247596046	0.506699
62543872	0.498233
123282266	0.502173
133439172	0.501525
1037084538	0.508721
111632324	0.493514
534405915	0.498400
276197098	0.503620
77664666	0.493405
1394549060	0.504472
2199888721	0.503067
225921757	0.507856
91744236	0.499473
428333	0.491688
85634177	0.495823
255829884	0.500646
1328123624	0.497561
325717986	0.505372
266830495	0.505001
611834439	0.504351
960696949	0.498248
15572155	0.491159
433791263	0.505452
1636291356	0.498215
19912734	0.516599
337932925	0.507350
543822491	0.501661
49634881	0.506318
468930111	0.501991
620298978	0.498593
349947276	0.498780
60638933	0.504528
282775291	0.497998
26677801	0.504640
23035691	0.506248
534599939	0.502722
195042501	0.491573
50325797	0.498482
65453528	0.493289
2321775476	0.501998
229592356	0.497883
1071764281	0.502034
2340967118	0.491760
1223102983	0.498375
122719755	0.500916
124196924	0.505516
17525171	0.500007
52503751	0.497426
76452765	0.492175
1634852712	0.495414
1172636797	0.493902
33977070	0.513287
21048033	0.492709
217543151	0.527367
1726999796	0.501199
401955731	0.505647
948491592	0.492158
267583652	0.504609
225242868	0.495796
487906127	0.505452
286898862	0.500878
605098090	0.495372
1071102246	0.497354
1075551668	0.501261
1441675236	0.505864
206428391	0.505940
325298865	0.506029
1626115357	0.503458
600737301	0.503862
43476440	0.506787
1061385474	0.500709
362052555	0.505339
281509650	0.504393
1228818295	0.503528
516131688	0.504980
1222257180	0.502227
158205177	0.501116
28889556	0.498970
248004920	0.492001
23632545	0.505984
1023236538	0.505925
24737755	0.506883
41406567	0.506761
117197740	0.501431
69715433	0.502198
74198348	0.502378
463606038	0.506669
1061006802	0.505932
575749942	0.492748
115754120	0.494510
15448332	0.493448
1131203611	0.502004
298059168	0.496185
610325685	0.502586
241207373	0.491807
1332628436	0.504202
1925656796	0.498452
211254250	0.502531
851120473	0.505562
108619944	0.497022
95070642	0.504211
450708486	0.501968
257170128	0.506087
154648736	0.497918
442824717	0.491718
1571215884	0.504540
308563367	0.504752
1440997712	0.508023
19793648	0.503492
1536065244	0.495371
122207745	0.516778
362654346	0.507965
78369108	0.523553
14859559	0.500586
318464838	0.504802
425527664	0.506023
286034058	0.506563
1552818054	0.502859
37766935	0.502564
266772387	0.505103
986188543	0.499652
1372431026	0.502940
282233418	0.505800
308748838	0.497022
256178459	0.506327
70156027	0.500079
407584834	0.507671
633131271	0.492133
1072382221	0.505849
1437466362	0.502818
373883896	0.505790
1901113928	0.500109
1484301392	0.496774
799658150	0.506525
1198766904	0.502264
785414496	0.496176
84677520	0.506890
1797991	0.500380
608182396	0.502077
170767454	0.502258
15361570	0.506835
9508922	0.497189
376477453	0.505273
190160433	0.507291
373326597	0.502776
122212010	0.501928
44127294	0.505053
22797378	0.506044
1592481150	0.500942
233842454	0.514770
265155317	0.505906
564225302	0.497029
2358445766	0.502198
127894579	0.503386
30313925	0.492009
1058717720	0.497527
20641972	0.503956
1877628114	0.505979
1412998502	0.499582
40466049	0.504680
1008962922	0.500039
13383292	0.503736
100330676	0.505265
330583779	0.497068
5692662	0.500135
1494474121	0.496756
566631178	0.496530
237781383	0.508876
2251095308	0.493517
975200486	0.498063
16712666	0.502994
1656884071	0.504255
1355831521	0.495272
279634424	0.503348
29610442	0.500018
8542882	0.518418
18724011	0.509011
237348797	0.501949
248699486	0.510180
633825457	0.506210
29929730	0.507185
18916432	0.491234
19518515	0.503461
52537790	0.503261
455041792	0.504762
253016264	0.500260
116518445	0.505118
533702418	0.504846
29710286	0.496611
26976860	0.499417
25086658	0.498829
1969641703	0.497317
189236855	0.500279
23536035	0.505151
617382180	0.497531
2281176661	0.500693
1917347892	0.495127
1305481388	0.502331
761840588	0.505275
16560935	0.501019
180032621	0.505139
294965312	0.497409
380001296	0.503658
398990591	0.506028
133448248	0.501434
1608892718	0.495373
409799018	0.507604
1622931326	0.503380
36126319	0.505425
156075520	0.505421
5031151	0.501455
340296149	0.503446
378096410	0.506294
242993672	0.494664
