14412533	0.034012
2163623972	0.025630
249222850	0.007729
1281503318	0.007020
387984038	0.005253
1206306506	0.003652
57931553	0.003793
2258783241	0.002139
63160932	0.005898
25198840	0.014241
15289825	0.004507
1452476780	0.000056
1086619808	0.002097
1623308912	0.076555
2194801027	0.001016
20467163	0.001122
19824430	0.027834
1739650556	0.004489
59558161	0.000375
1444015610	0.009990
804861259	0.011980
252254916	0.002002
40057701	0.015646
2375722164	0.002746
451032276	0.002423
1120298527	0.005772
16860684	0.003043
187414539	0.001382
479674626	0.006961
19394188	0.000013
1155335864	0.000091
20635633	0.113395
248718904	0.001738
252644673	0.000023
534680801	0.000843
932446728	0.003062
235373000	0.000082
1377700518	0.003961
437741704	0.000032
414516629	0.000415
46807181	0.001933
1691930744	0.001366
153694167	0.007590
16705010	0.002968
22509598	0.022688
31054788	0.003636
1545781357	0.000039
5990782	0.017862
239949176	0.000078
174879603	0.006257
547778460	0.008587
15993122	0.027822
44209472	0.176222
17811916	0.000041
37131103	0.101333
83932732	0.006745
22006412	0.000084
132201224	0.000045
1647266078	0.003323
126632552	0.003499
16789970	0.000098
1183998762	0.005809
317216233	0.009860
354493762	0.001318
24773493	0.000024
119899270	0.000211
414774285	0.005570
1252129242	0.000360
295868971	0.015749
19186003	0.008746
564908956	0.010335
528484792	0.000142
2291373043	0.001748
2260662498	0.008148
40523440	0.001012
471606410	0.000023
25668918	0.001586
320787415	0.003246
383393464	0.002414
463890972	0.000013
48366585	0.018426
239584537	0.005370
1357793240	0.001679
51535196	0.000378
22930392	0.002414
35137957	0.001618
199317006	0.108212
197628846	0.001952
223360975	0.003627
29157809	0.012896
776063954	0.002132
277107570	0.005759
873631776	0.000464
18943752	0.003240
492616846	0.010413
75927706	0.001877
1334517175	0.001492
29205600	0.010187
182815759	0.013605
54412900	0.000060
860696202	0.000004
171813900	0.008628
19312039	0.000020
1009921273	0.000861
717888988	0.001321
536281139	0.000033
474326839	0.000395
237763317	0.001032
164732631	0.007078
18890707	0.009641
18696134	0.000022
217454584	0.001453
25168293	0.005888
13491312	0.006196
311789873	0.006535
467801778	0.000521
216881337	0.000043
35998429	0.000817
16256269	0.000067
1226281657	0.013475
47127416	0.009502
598384016	0.000028
456986241	0.006334
9532402	0.024250
26459660	0.036131
35060071	0.001771
424122984	0.001209
164007407	0.000256
1127447660	0.002088
728708694	0.005988
40367637	0.000734
1367531	0.000022
89657363	0.019154
10375552	0.001831
28480805	0.007380
1328434170	0.001089
1055907624	0.000452
28856628	0.004822
1915916724	0.000013
708309848	0.003198
108052620	0.006357
11348282	0.000358
104615577	0.017593
15697940	0.000854
1925127612	0.000944
1222580420	0.006001
254310640	0.002970
201791908	0.001170
1189780298	0.000044
502184923	0.000036
25124372	0.000021
2237923975	0.000342
18909919	0.000080
384913290	0.000044
177028305	0.001437
266133081	0.000239
249348006	0.000075
96386080	0.004180
66369181	0.009454
277008614	0.003065
254859330	0.000799
237460752	0.004913
2360123726	0.008699
343588320	0.001444
22113371	0.006365
2221362486	0.000864
1025521	0.026163
79729138	0.002128
1060984272	0.002893
358606388	0.006971
23220731	0.026214
325691585	0.002730
1408162200	0.001755
274824692	0.006401
186299824	0.012173
612117635	0.000718
35762860	0.000920
19216998	0.002200
409522947	0.000809
112765894	0.004488
3135241	0.008846
280346878	0.000871
220208804	0.000384
116141817	0.011339
611886875	0.013593
73303753	0.000025
25226477	0.009429
331678866	0.003088
261918703	0.048327
561628839	0.003780
47544979	0.002426
790097610	0.000053
1718400349	0.010177
15092872	0.021633
1676771268	0.020910
28785486	0.008889
183637495	0.000011
521926535	0.000673
124062781	0.001657
241771567	0.001472
31210583	0.001832
379378754	0.003112
576268700	0.001121
163209579	0.006650
1066076640	0.044277
93189203	0.035424
939091	0.004477
254557147	0.001910
63506775	0.005996
240839950	0.000022
172662933	0.004576
618586017	0.004492
85616770	0.019717
1091456496	0.000035
267889663	0.006618
160647819	0.003818
510516465	0.000035
18678924	0.028099
35081819	0.022012
15980436	0.003282
20618764	0.011667
1689821791	0.001572
356199275	0.108613
2205359364	0.002065
211420609	0.000036
21631487	0.078746
722800129	0.005188
547174027	0.002847
116748080	0.015813
1057859527	0.000002
27136225	0.004384
269893425	0.000037
1921776680	0.000408
2196548623	0.004748
124224165	0.000083
519728645	0.000388
25214807	0.009897
85898279	0.000021
961520071	0.008325
310608280	0.005787
558895964	0.000670
72831557	0.010605
622198206	0.000022
1027156464	0.000134
18294521	0.171794
1725039222	0.005987
222320264	0.000026
251408532	0.000015
1542493423	0.004942
543154345	0.004306
259834782	0.097643
21873714	0.003434
108376246	0.000081
16614802	0.000811
371887563	0.001495
1090002997	0.004174
93552029	0.006902
17111550	0.050459
372503594	0.007491
20015903	0.000149
934933188	0.003573
332340557	0.001577
944917346	0.000000
2370786962	0.003987
78941245	0.009597
103727818	0.000013
351266014	0.001268
1607546875	0.001847
99949940	0.008237
1713542732	0.000008
237600102	0.002819
72129678	0.007077
180389279	0.035723
2179040628	0.000972
517911880	0.005042
2310494503	0.000019
2293131060	0.096995
218357036	0.009702
558831200	0.002995
402190452	0.001082
97239626	0.005759
11883722	0.012361
394303189	0.000014
110420252	0.001594
61842393	0.009280
357580948	0.000016
1496512904	0.000026
425889480	0.003493
168830539	0.011605
15710384	0.163385
23109966	0.000518
34773320	0.002108
1469869638	0.000466
198323147	0.003459
29584150	0.082655
322781751	0.009754
976969338	0.000496
748531489	0.000321
886946899	0.000035
397584127	0.000683
234057152	0.000060
26083271	0.044661
26144769	0.001647
287811065	0.000055
52763281	0.007492
27048645	0.000043
28336822	0.000234
131791939	0.003377
81919296	0.070934
306001688	0.002860
125984383	0.002253
1262557194	0.003535
506462653	0.000642
85396297	0.019377
233557728	0.000884
252819323	0.000039
238314303	0.000582
296068607	0.007167
1058807868	0.000061
49986081	0.006261
14081659	0.009221
452700445	0.000654
207116000	0.001649
1356966632	0.003159
49171436	0.010686
855057596	0.010235
1340326969	0.000035
598123678	0.002603
966442267	0.000026
326210627	0.007939
108617810	0.004302
221508042	0.004318
39322371	0.013403
31285825	0.000890
97298155	0.005342
98910693	0.011399
1912048351	0.017141
547416793	0.000720
868637460	0.135880
189904289	0.001841
584012853	0.000091
176134825	0.002466
606101503	0.004950
1469528666	0.001951
543635294	0.002683
360436349	0.000350
481000411	0.001369
326196796	0.040563
1120550322	0.006730
192441406	0.003393
272542662	0.000708
904655414	0.000440
1060370282	0.000067
121469977	0.010536
73931897	0.016140
46004597	0.009526
1447399590	0.010991
1201824876	0.003295
359222643	0.004823
384111224	0.003900
80958602	0.003440
1658898042	0.000022
439049326	0.002507
195193469	0.001649
209787354	0.008935
362688424	0.001503
432676344	0.000069
55581437	0.005807
147487756	0.000065
11856892	0.000007
108689270	0.002905
97931967	0.004737
1644734071	0.013789
198526130	0.000080
475294870	0.002269
399170640	0.011864
76163900	0.006211
998576058	0.050169
430292078	0.008079
823801824	0.000023
1974399272	0.000287
402719755	0.000012
456032135	0.005238
743694942	0.000036
51943611	0.000031
1350118422	0.000900
30864583	0.019620
39510422	0.096786
353834752	0.000914
2260579802	0.003250
15392139	0.000844
26977568	0.002209
47892311	0.089176
20517132	0.020518
324403737	0.002081
42913132	0.005791
573495038	0.003967
208692908	0.000007
425286290	0.004265
452344217	0.002167
220249920	0.006075
267854863	0.000034
582875320	0.097479
791967744	0.003266
1548079500	0.033957
288963206	0.000431
239964750	0.002196
2314375189	0.049996
1729693597	0.001928
89193992	0.044438
1083448909	0.000090
963480595	0.000025
221528389	0.002373
1058460818	0.000149
26637348	0.003397
5988062	0.000096
221162525	0.000036
1964821772	0.000038
278145569	0.000037
387225200	0.000510
435983624	0.002470
17005219	0.001836
90518536	0.001447
17633159	0.004177
1355805258	0.005865
14579415	0.000000
267339368	0.000024
75578498	0.001964
717905080	0.000055
24183358	0.002300
2318080736	0.001204
1405337395	0.000534
73833569	0.005513
1646054551	0.019307
245451804	0.000061
887385018	0.006593
15987296	0.001412
54446722	0.002361
467787311	0.000388
78387677	0.000082
1138688364	0.012906
224391627	0.000281
318095351	0.000025
44177383	0.115788
178229698	0.000057
36117128	0.001466
240812994	0.000328
1080509366	0.000077
1480654033	0.010959
22242298	0.006361
171693939	0.000043
285737815	0.001575
1055685948	0.000114
25956294	0.010479
1058051748	0.000059
1092248911	0.000019
18205674	0.029932
245419752	0.003929
7597712	0.010894
418078050	0.006334
472587512	0.002783
379815077	0.001819
516880804	0.000040
14764240	0.011089
115733549	0.000001
1674501806	0.000040
1058917562	0.000157
16348437	0.000084
277363853	0.000025
260807192	0.013791
20245031	0.079949
337785530	0.011972
333663029	0.016189
65433355	0.009141
28423263	0.000043
2312501226	0.001601
585441089	0.006271
126171100	0.005417
349979682	0.000025
841342315	0.006618
525736608	0.004620
557050706	0.004413
334965470	0.004529
249814580	0.008640
274255909	0.004206
310347243	0.006627
1730532331	0.000066
867444085	0.001058
297498647	0.037627
85476251	0.002152
154699063	0.005152
93761782	0.000047
1090009730	0.000029
360080772	0.007091
16631939	0.007693
376064104	0.027076
619964159	0.002207
20468251	0.000880
26513860	0.010100
168502762	0.022847
258900199	0.048975
488297851	0.000024
21269970	0.001846
24735461	0.000029
384538886	0.004592
376946273	0.000021
1331884178	0.000416
377534571	0.000024
2227361208	0.001509
17544524	0.000067
24298528	0.002449
37982748	0.002288
195790079	0.006493
411765271	0.013421
254032655	0.004980
995193054	0.000110
175131510	0.001476
2412155161	0.002068
1691191704	0.000435
21797269	0.000010
1228070911	0.000842
123999551	0.002992
7402662	0.000019
2268031692	0.000013
703301119	0.000099
2385644521	0.002528
190328374	0.000374
240385577	0.000097
18732816	0.000006
976404032	0.005354
613404995	0.007673
239871673	0.000017
1897447471	0.000017
55677432	0.000014
22545491	0.000179
156212602	0.005187
305818200	0.002307
2205545306	0.011727
234837632	0.000096
18822612	0.049799
345491974	0.000496
2308777399	0.002330
18030431	0.036413
2207375216	0.001732
70799357	0.002437
148021006	0.000084
23578274	0.006210
296925880	0.000684
903320070	0.001728
15639642	0.065761
161329769	0.013538
22055226	0.000049
213634439	0.000065
8162322	0.012367
1564956584	0.000093
22509548	0.002183
14129299	0.046428
34238458	0.005981
511079500	0.001535
377591325	0.000026
2252607128	0.005492
1015802058	0.000020
756285384	0.007047
264494662	0.005789
90490354	0.005960
14774189	0.000270
34069014	0.006893
1222684418	0.000366
25755336	0.012116
240840748	0.008044
15160884	0.000856
472263579	0.003278
7900962	0.023875
27302870	0.009631
1074101017	0.000173
22028039	0.002210
214209081	0.000060
1601370486	0.002233
2191060944	0.001493
199510192	0.000047
968650362	0.000085
22523087	0.000228
753647880	0.013046
408105171	0.005714
404132211	0.000057
176896268	0.000480
114756202	0.020919
47468096	0.000940
1431823160	0.000024
40750860	0.000511
358302508	0.005645
347395654	0.015318
65146567	0.016571
31744825	0.001117
136682183	0.001828
33530012	0.009234
2322307531	0.082971
546176922	0.001114
237019973	0.003262
1031845399	0.000191
346813911	0.000038
189986982	0.019068
777390745	0.000923
59704563	0.002406
234053893	0.000059
41445718	0.018286
19670455	0.007408
1132232611	0.004036
194720228	0.000052
308852834	0.008153
21144715	0.005003
376527578	0.000127
22669526	0.000147
794546882	0.003064
26818986	0.003130
19576571	0.007222
615537104	0.002878
2352119654	0.001780
21542518	0.038079
494114249	0.005791
1117326481	0.002697
14354562	0.000000
1023294366	0.000025
336699225	0.009174
360338075	0.000033
265639238	0.007123
402029058	0.000061
535181994	0.003157
18170310	0.000068
1068470480	0.000000
109355585	0.000664
1510311302	0.001182
372315769	0.000033
21333396	0.009102
616965232	0.002142
1516670166	0.006354
233601728	0.020158
114299101	0.004932
61046743	0.000032
177974542	0.017628
300013543	0.003663
254226686	0.005114
14857525	0.021413
237853147	0.008076
300430043	0.006962
121171657	0.006349
37836873	0.000000
187108150	0.003431
36738199	0.015962
1710292866	0.004774
248735463	0.000046
40954486	0.000018
284601302	0.003422
1447467186	0.000725
253281321	0.003556
15602331	0.002777
577609337	0.001158
43273533	0.003180
26777550	0.006413
30045475	0.001763
58228306	0.005294
874694125	0.007298
890904109	0.000007
470703779	0.002757
122183484	0.002439
589070172	0.004758
1075303104	0.000054
457733782	0.005040
117661549	0.003221
20545793	0.000057
160919506	0.001782
154233179	0.000011
370467757	0.001945
216486007	0.000512
438040565	0.004620
216855513	0.000032
2264976900	0.001835
378636572	0.011785
321234739	0.000031
2278730858	0.001178
344525024	0.003347
220765205	0.004943
16002085	0.016858
1681848204	0.001206
123421771	0.004950
831933780	0.001215
1228652142	0.004288
1283908939	0.006571
747876121	0.080995
780383160	0.007221
531596035	0.000020
1410590874	0.000045
16827173	0.019081
1625304829	0.000093
429268149	0.003937
110445334	0.000404
22528309	0.005259
132345883	0.011547
233693291	0.014274
372506462	0.000821
18863927	0.184613
242873057	0.000016
430235090	0.016067
36564017	0.018961
304115290	0.004748
1901018683	0.000356
1037321378	0.000020
278433367	0.000246
302113333	0.000094
1609169504	0.000015
17997831	0.005096
1531521632	0.000661
291551843	0.002152
14669951	0.000000
368914608	0.000015
1375871708	0.000891
17340186	0.003639
432766911	0.010087
68281948	0.004835
127963931	0.007846
18646108	0.012083
549438299	0.000018
16336478	0.023835
83195396	0.001858
467636108	0.010250
231898286	0.000021
70590748	0.006510
441040701	0.007322
137084996	0.001986
912598626	0.119315
230720547	0.004714
41861272	0.004424
416644656	0.000053
2317625354	0.000581
28176898	0.000476
401989810	0.008885
581275783	0.022620
91935208	0.000023
18791763	0.130686
27688281	0.011001
1853114688	0.081737
14246001	0.182532
1486445498	0.003275
977560500	0.005222
15715665	0.002936
235279028	0.001891
805188312	0.001667
64507817	0.052157
277193651	0.008457
21910246	0.003885
156763824	0.015185
1045110018	0.000225
614706394	0.001095
36686040	0.000026
1917731	0.662286
280913598	0.002193
249787913	0.000006
1242946140	0.000012
1526488393	0.005710
28008943	0.006184
2316393866	0.000017
526750889	0.003958
1849400233	0.002131
125613253	0.000257
15380417	0.012162
26051676	0.000030
90250351	0.001947
931024693	0.002714
2245423891	0.003570
73791927	0.012711
389357597	0.000015
514749390	0.003868
1232484468	0.007023
935033864	0.000040
27274887	0.007282
952575223	0.000099
414068004	0.000370
49057566	0.003392
702460382	0.005331
243413616	0.000031
121537837	0.007642
122174004	0.000077
265329329	0.007181
237504609	0.000029
858111194	0.002961
246447524	0.010808
20397563	0.003878
260479308	0.008171
935987066	0.001451
1051446626	0.000166
1428792126	0.000049
15007149	0.000025
238264015	0.002844
237862972	0.000032
265993392	0.000055
15976697	0.064589
315992993	0.000401
127919146	0.006477
403639485	0.002796
17120599	0.010175
1105408002	0.000054
328679423	0.000008
130977700	0.002158
70740010	0.008064
894512114	0.000038
78408666	0.001752
2394285656	0.004301
2292332720	0.002727
21572351	0.004047
1157543414	0.012169
130600206	0.021741
249219716	0.000042
346949527	0.007167
337595668	0.002108
2155491151	0.004785
51982954	0.009854
15224867	0.000031
27675227	0.000818
2236668625	0.014150
108323434	0.000048
52052011	0.000771
2304223555	0.008172
538121732	0.012823
50707364	0.007448
470654192	0.000233
1092757885	0.000020
93950784	0.002391
1360075950	0.007946
19612749	0.027050
1382011333	0.000410
55440365	0.005410
37497720	0.004932
117432541	0.003224
1613159058	0.004058
103949895	0.002141
399112142	0.006036
22265452	0.000058
1120582274	0.000081
1089334250	0.000104
461301890	0.020413
198928268	0.000009
12298112	0.000041
240135871	0.024280
22507324	0.003942
117792965	0.005730
381874511	0.008470
741061716	0.000686
325040651	0.000008
294959299	0.000307
457276155	0.004365
1237156340	0.017074
21643972	0.000858
1362806395	0.000457
136550204	0.006986
18579364	0.000028
1326498037	0.000025
40510796	0.015953
598853747	0.007165
573916220	0.002328
3913931	0.000000
91346513	0.012710
2329092852	0.000000
2176134116	0.000810
1461162020	0.001600
183212100	0.001885
15210284	0.001889
133022865	0.128750
171154131	0.006342
18172905	0.020906
123150166	0.010955
938657858	0.218601
191496735	0.000033
252249233	0.000104
137794015	0.006711
220551206	0.001034
65082057	0.001277
1553746556	0.014242
749375898	0.013465
889786374	0.000818
624927613	0.007293
158290255	0.007942
363540832	0.000011
24509586	0.004153
447277172	0.000027
14398250	0.004206
287545295	0.007131
84119348	0.000634
236541422	0.000026
62387220	0.006790
2316645626	0.000052
18622869	0.008139
53725673	0.000676
1422790478	0.000175
1112972713	0.000146
443265529	0.012807
335476450	0.006429
1870463754	0.000017
714409014	0.015311
344516847	0.010382
271007688	0.006474
1387919042	0.007616
627838899	0.001984
33205490	0.002327
1328762540	0.003512
284664892	0.007461
1265860620	0.000036
619541619	0.002341
249327401	0.000645
1023872718	0.005546
138531540	0.003274
22076537	0.006042
49969221	0.000802
21346197	0.001082
1431454158	0.000024
24745957	0.000024
626001129	0.000357
1345850192	0.000016
243502423	0.002486
414543577	0.003749
59281449	0.000826
270792742	0.042075
325830217	0.000660
18496709	0.095986
1035443946	0.002096
286799590	0.000014
1539064994	0.001132
624753464	0.001451
291756142	0.002937
35013862	0.008832
1849074780	0.000514
171598736	0.000077
20209807	0.000037
1431884516	0.002741
15923226	0.010920
1209417007	0.000368
2161486428	0.005571
215346722	0.000026
562618381	0.000020
125208664	0.002383
625296182	0.000925
36691808	0.003589
17680840	0.268403
731524644	0.007536
405785853	0.006168
18566912	0.000040
1444416162	0.000035
930009097	0.014259
836709230	0.002519
432771620	0.000003
50370046	0.012160
287896740	0.014559
193076432	0.005883
216355557	0.004364
24448865	0.005495
378547255	0.000046
24195214	0.000077
41017380	0.000030
540241441	0.012026
39803436	0.004753
271593651	0.003312
232127685	0.003263
148348430	0.000434
1413602821	0.000217
524724189	0.007774
249288197	0.000031
63169388	0.000114
19693903	0.002693
15769734	0.012373
1884258127	0.000052
158397501	0.004624
25382456	0.000043
628559456	0.004000
620708331	0.000806
1872933859	0.012538
23951197	0.002013
2185601035	0.000498
85342505	0.000031
403539769	0.003874
321380757	0.003336
422076926	0.010847
20469722	0.003633
776698136	0.000041
1092750030	0.000020
50552213	0.008312
19201438	0.004021
157305077	0.002814
213207055	0.002108
130274805	0.011098
348522887	0.001669
2309440500	0.001795
143489158	0.065634
783749288	0.008421
559073634	0.000000
562640547	0.011925
608902626	0.000373
49194495	0.000552
20880535	0.006008
1210072844	0.000027
54606494	0.000024
81021861	0.005305
18277655	0.005880
33537967	0.001771
48354257	0.002015
107620932	0.001633
14540659	0.091740
1636639214	0.000069
365239637	0.006207
15941955	0.153754
1342502834	0.000048
569212271	0.009062
971412384	0.001748
295685416	0.001199
1963246038	0.000065
250736913	0.004867
1310708510	0.000499
50634125	0.004603
1539300170	0.001198
1109679128	0.000077
253654580	0.004309
19563355	0.006242
15458694	0.012206
230100284	0.000012
10615232	0.000042
1045853744	0.000099
233949261	0.000483
593718490	0.000584
1186810890	0.000618
1186874899	0.007929
288886063	0.000035
247517295	0.001743
30437038	0.001731
63796828	0.092887
915781920	0.000000
18915145	0.008997
76348185	0.200347
1915018465	0.009982
22698090	0.003025
20608910	0.000065
87714473	0.000000
1237704769	0.009938
467823431	0.000669
249410485	0.000184
108052596	0.008706
1316483802	0.000030
23365717	0.006598
477583514	0.291014
200870788	0.003185
33655490	0.000035
14511951	0.034712
933487722	0.004539
430343685	0.000013
24477294	0.000606
234812598	0.000059
94103877	0.004677
180197930	0.000719
54207182	0.005970
318711662	0.000148
1347830329	0.000397
22812434	0.000061
14110710	0.026321
15918353	0.011203
15554922	0.015802
254174408	0.002089
53420694	0.086906
1979395855	0.004482
462285708	0.000029
295805574	0.006775
1072467470	0.000153
20621911	0.012483
759316808	0.000014
1325640288	0.000821
109071031	0.000055
2175130770	0.000843
4389861	0.022907
231510077	0.000164
15764644	0.000301
15212187	0.008376
127074099	0.003603
43963249	0.001388
27311044	0.048811
1183912596	0.003719
1225410018	0.000976
2192362761	0.004845
589869443	0.006085
240376522	0.000117
424522799	0.003925
351133674	0.006411
1692578893	0.000035
18217624	0.000094
250462634	0.000740
134302187	0.001654
303920466	0.010357
1346817602	0.023614
1686565519	0.001050
61313751	0.014610
743167003	0.000020
39787282	0.006930
118941676	0.002191
26305670	0.017053
418269619	0.000012
1070943116	0.003661
209151429	0.006712
26820795	0.005995
806186582	0.005872
442610682	0.000057
15584433	0.001278
703759688	0.009083
631648466	0.006465
127908221	0.003355
1551310284	0.000020
2294530717	0.002138
1176615978	0.003453
1465964245	0.000022
192041694	0.007655
74960018	0.000085
584583739	0.000080
2188340009	0.015948
32537213	0.004250
121656624	0.180294
586730005	0.019354
1007065914	0.000031
417664241	0.033925
16557756	0.002854
788006827	0.000036
46499643	0.151077
80612021	0.000069
2362779882	0.002090
14345062	0.008178
146263776	0.000056
334127852	0.002195
515898679	0.000015
66209943	0.002694
1673504017	0.000025
224766531	0.005764
2242638817	0.000023
210926192	0.000069
1031118500	0.000035
1602268826	0.000043
399502932	0.003510
242761889	0.000038
355881289	0.148628
48425512	0.003171
27242307	0.006062
18137749	0.000023
21111098	0.000010
724658815	0.002812
70587562	0.000222
112740986	0.000071
594582597	0.000620
1155212191	0.000032
67776968	0.003464
50128726	0.007968
29898014	0.000017
28382250	0.030423
39424870	0.012928
1187949900	0.007879
2340869731	0.000079
53503202	0.100150
16930125	0.043872
242892689	0.000058
1430814439	0.007636
118540429	0.008800
2294105892	0.006247
417393341	0.005674
16739711	0.156610
312435184	0.007202
56864092	0.006445
221793778	0.000100
17750784	0.001745
427742683	0.000623
1190825605	0.004079
26596727	0.002878
569666511	0.006611
1480218668	0.000361
26424123	0.000074
29751942	0.000047
497535334	0.000019
20597460	0.000000
11651202	0.000060
56440142	0.015958
492480327	0.000347
935398104	0.000013
323166438	0.008183
16474026	0.004312
174369590	0.003179
68888437	0.003689
7350652	0.000000
133832049	0.000088
131149247	0.000039
346045240	0.001653
1655093820	0.000068
1080732656	0.001279
119527861	0.000018
1611680690	0.000378
1620243926	0.000316
237750442	0.001421
38516217	0.103850
1705042116	0.001018
422964271	0.000011
2364631970	0.004657
1925431584	0.003483
50731463	0.005360
191688736	0.005035
235190657	0.000020
204881923	0.002405
32265225	0.000307
78569026	0.119697
397382646	0.004408
407053599	0.009955
268007771	0.001130
2467791	0.000051
22508473	0.060221
2435410690	0.000762
1301606089	0.010258
218267731	0.004560
18632666	0.000144
22387804	0.003206
6577802	0.025069
2288502470	0.000032
1122064316	0.007164
14925704	0.004129
156029105	0.010391
20113797	0.001431
79022250	0.021148
17033503	0.003260
484134207	0.000993
29793493	0.000198
2161537962	0.001648
718468320	0.000043
67738195	0.008687
44215945	0.004523
221496713	0.000047
788081918	0.000015
860733170	0.002643
23387115	0.000801
22812754	0.003076
98929990	0.008946
297940478	0.000035
264221149	0.006948
18056015	0.000030
62770351	0.005959
628760912	0.000262
587783109	0.003251
58379000	0.000004
121841737	0.007310
39279393	0.017771
92071963	0.002138
127870840	0.173105
22012091	0.001055
272019676	0.003091
346885718	0.004745
148086041	0.010545
787373558	0.002676
520245212	0.007038
497546508	0.000071
557806506	0.008184
186430550	0.000024
41377639	0.009578
49045755	0.008000
798420806	0.001657
1006482620	0.002287
154139987	0.000045
1915752144	0.004738
1308601632	0.000973
1326751968	0.001897
242618658	0.000000
24045931	0.001040
297532865	0.001770
24670782	0.005175
59888738	0.000038
71358042	0.010079
46724483	0.003539
1468560242	0.031272
1267462094	0.000079
277750492	0.000011
542842941	0.000053
176135285	0.000808
36394602	0.001089
76350004	0.000032
50150341	0.001515
233346654	0.000000
109287731	0.042011
1686107834	0.001098
1093441423	0.015680
6092972	0.091547
250719718	0.009562
58492046	0.004255
308721230	0.004209
29766367	0.039188
759251	0.040574
393821580	0.002032
77839894	0.014338
1716914930	0.001745
10102032	0.000022
82649553	0.007640
1653370998	0.003630
1362944844	0.001123
61906286	0.003212
1932803906	0.000051
221447516	0.010616
1905156690	0.000606
830918346	0.010867
12788332	0.010757
33622411	0.000625
62354707	0.000592
1621009105	0.000205
104727439	0.004726
24913074	0.000077
106591004	0.001661
18221712	0.000026
5357812	0.000033
103335794	0.001610
905020056	0.243766
15603311	0.023841
15762842	0.005022
15555056	0.001418
115979444	0.000024
2361890355	0.002623
575344793	0.002721
157382927	0.000467
16062766	0.002676
218779638	0.049636
2302483196	0.007677
1655816936	0.002996
454947269	0.000070
470366309	0.002705
16130949	0.005988
2409239300	0.003004
270370405	0.014971
29293808	0.000010
244268646	0.000045
16742053	0.006185
942156122	0.000602
703561088	0.064486
382534366	0.000014
17065503	0.004166
1296038210	0.000177
359596838	0.006143
227088228	0.000190
813286	0.047119
137571771	0.005262
1234286196	0.000057
14849664	0.006840
140959145	0.004934
148453195	0.000024
301090775	0.007942
14800483	0.002395
792608948	0.000022
950783972	0.000090
220241174	0.009159
381413722	0.002378
119250381	0.000025
24299006	0.002117
389840566	0.000117
36777778	0.010015
88806753	0.000244
415780303	0.000019
143779492	0.004125
614542142	0.008137
333504114	0.001879
29848453	0.002247
65919935	0.009293
44682276	0.009193
593813785	0.005794
582931822	0.060636
31801993	0.000010
94366606	0.010831
162784542	0.009334
330816212	0.005848
448923637	0.000020
1096507650	0.000070
15428227	0.029008
411997494	0.000032
2252899873	0.000041
14293310	0.009394
40402146	0.006393
18811140	0.000036
1365917090	0.003345
273098660	0.004783
88976164	0.019132
23970171	0.000054
1347674623	0.002772
223523798	0.000353
15014405	0.014275
1347436638	0.000068
2836421	0.014510
15964588	0.005474
38254095	0.001570
37094727	0.000071
64161351	0.007957
372345957	0.001518
14672279	0.000399
16030518	0.002244
91137301	0.009888
240663096	0.002679
247334603	0.000068
20957491	0.019268
26841582	0.001513
28238988	0.001449
30673492	0.100870
35518656	0.004541
322737879	0.004753
1965801554	0.000074
47614124	0.003424
71281860	0.032790
721052064	0.000704
1949611364	0.000452
18008330	0.033079
148006729	0.000018
1301328822	0.002619
1183811947	0.003697
17906632	0.000172
155680896	0.006124
26111775	0.012434
349219528	0.000313
86364947	0.012060
2181453624	0.000008
26316100	0.007844
1556756886	0.001056
20002401	0.000042
19269183	0.000015
321119379	0.000101
1300124792	0.000760
563844379	0.002475
751806494	0.000265
33027306	0.000334
23117388	0.001595
819528355	0.000376
267217520	0.005309
886986138	0.002874
497551327	0.000530
59568948	0.007562
1716366295	0.001143
1905833168	0.000473
448169106	0.000026
148333607	0.001695
289374103	0.000227
360191435	0.000427
450786176	0.007088
23617145	0.022294
317193393	0.000021
144189766	0.002470
279964598	0.005884
1120931132	0.000018
1137600571	0.000412
33060832	0.001711
18480494	0.006088
292990703	0.001775
1117009244	0.004268
33576489	0.000113
17848544	0.019628
463918261	0.001927
990635636	0.000777
18213420	0.002316
214179002	0.000027
195070336	0.006826
885789362	0.001129
22831059	0.000954
22081190	0.001337
153486399	0.000066
236480864	0.006575
37202770	0.000032
374161639	0.004593
1242109014	0.000913
211530910	0.000620
1606703838	0.001251
348857253	0.018365
167856299	0.003314
502440556	0.003831
14529929	0.005661
631876809	0.003992
1902537799	0.004734
700126891	0.007291
20444702	0.000410
32789881	0.005992
67906573	0.000014
1032703770	0.004718
7334402	0.000092
19245431	0.015266
110924703	0.007581
198523967	0.004273
1058345042	0.000029
2296636404	0.000114
15471838	0.002885
1702539968	0.011072
20376424	0.001875
21509894	0.000005
1388590928	0.000098
429181880	0.006070
1073212812	0.008366
283657826	0.003161
460656473	0.003890
1277984012	0.001079
165533941	0.024233
42638402	0.009481
337752039	0.000023
1393599296	0.000056
114607567	0.000107
1144145946	0.009999
377702207	0.011576
237814920	0.020958
851621377	0.000005
1487887076	0.003037
1852819452	0.001792
109280446	0.004205
1665719612	0.011215
537156670	0.003869
411526571	0.000069
488127904	0.001399
34270503	0.008095
95602718	0.000271
191208249	0.000434
21351432	0.006075
592019654	0.000075
385429543	0.000061
234937222	0.000056
26194384	0.000937
47975734	0.003087
1023320856	0.002128
211901075	0.000019
271552521	0.000035
1222283971	0.016926
2321129046	0.000049
1722842137	0.002322
1540496365	0.010287
10025982	0.005085
17530189	0.009850
123667924	0.002587
1962564906	0.003954
110893482	0.000037
93575832	0.017912
40750718	0.000036
960962340	0.000015
222195455	0.008781
16056306	0.000091
1074129612	0.000108
60801758	0.001092
21426423	0.035182
319529691	0.079372
161411080	0.000133
161791703	0.000060
939621458	0.011802
16703058	0.158009
301081520	0.000096
32010840	0.000056
834525002	0.000028
26809683	0.000000
202206694	0.000040
520778762	0.001454
8775672	0.020030
317608866	0.000712
24184717	0.005569
1356531588	0.000560
713463571	0.099116
176260948	0.008200
278005891	0.000008
36737855	0.006088
35758513	0.028629
17896154	0.000042
217550862	0.006789
1110920106	0.000068
1931992778	0.002073
1128781184	0.000000
29865139	0.002909
977369880	0.000493
62330632	0.002284
34340464	0.000530
1033532365	0.007826
830430216	0.015446
155642785	0.000252
1154667132	0.000102
1080602371	0.000068
360605502	0.000858
63787812	0.005214
30027177	0.022351
2369234174	0.000024
5741722	0.000058
551698752	0.005022
545501375	0.000042
1596947036	0.001347
1449407450	0.000066
326551457	0.002149
95509057	0.000417
423688722	0.000134
328258374	0.001367
705661256	0.005314
496786334	0.006302
1879871294	0.000857
2374720591	0.003724
1954751917	0.003762
550401754	0.000031
370076582	0.017785
18820392	0.000106
16298388	0.007347
348861268	0.000581
1623282788	0.012389
14124614	0.007865
36588739	0.002734
88784440	0.000036
16804072	0.013790
2356356972	0.000773
1258312562	0.002190
43216755	0.000051
703640660	0.000059
896620178	0.000024
122473388	0.006064
234906311	0.000063
16018516	0.015354
586045941	0.003743
1115633996	0.001314
485139684	0.089130
1352594924	0.004906
1621076712	0.001255
175102610	0.048671
63749707	0.004925
20733972	0.003125
17291452	0.000177
20906882	0.000016
615181714	0.000014
78966155	0.000039
1430524482	0.009171
21669223	0.000019
8870632	0.004733
14730894	0.012144
1959864463	0.000470
21321475	0.000000
272520742	0.000042
19918558	0.000009
1959387662	0.000041
14216438	0.003944
492378372	0.015734
1154894353	0.000021
1463550048	0.126421
24305421	0.000263
26265640	0.003787
382441782	0.002290
856549532	0.000032
235271965	0.000048
314335929	0.000015
59969802	0.000060
74058012	0.007265
347877928	0.001281
30500021	0.000000
716563918	0.000040
2255274860	0.003595
411766612	0.011767
39793438	0.000549
41634520	0.008332
51228911	0.000039
247496974	0.001258
234374703	0.000021
2168350939	0.002652
455037005	0.004871
267781214	0.002320
26324609	0.000334
17487795	0.000285
339852137	0.000065
230761725	0.006333
14616459	0.001424
1556371026	0.003770
199325935	0.000084
234927299	0.004539
109025212	0.001033
225326840	0.002181
1363394484	0.003100
75367781	0.016232
343171266	0.008950
15600527	0.000039
89526574	0.001194
523397097	0.001015
1092979962	0.000344
63804234	0.015384
206716135	0.000799
260841091	0.007919
47470008	0.006304
68198447	0.003078
2377726519	0.000873
1221321108	0.002061
205420257	0.000742
1243902714	0.000090
1049460835	0.000036
49782398	0.015457
1246599554	0.004056
113420831	0.001669
62907908	0.001254
72874723	0.001268
236899846	0.000112
1891157910	0.000030
505932430	0.005545
85778445	0.005119
270067927	0.000148
331268118	0.004836
1201520622	0.006620
538416721	0.000017
359950567	0.005188
6794502	0.006926
1263944875	0.003450
58287227	0.003946
338553588	0.016117
213182436	0.009081
46176168	0.006904
142721190	0.014745
943501040	0.000020
71070614	0.002054
18317325	0.000028
1065995022	0.000122
21941446	0.006271
87055347	0.000870
259950795	0.000016
506091865	0.000658
1581759588	0.083976
547839797	0.003458
1697235505	0.000022
932421955	0.000069
46016028	0.000295
25768647	0.004257
17074440	0.005055
1143929599	0.000916
2254857197	0.000992
631543401	0.002782
959687432	0.000046
97368029	0.006051
32774989	0.041173
415981838	0.004554
180287231	0.002552
472541504	0.000630
1482327366	0.000199
454953162	0.033544
20552026	0.000090
180895768	0.000006
14275291	0.000094
2324036732	0.004705
346030501	0.000883
14135426	0.000066
191005134	0.000017
14389132	0.193168
16472624	0.000440
286363562	0.002604
163586067	0.000043
390292636	0.000013
991821667	0.010618
20449956	0.000159
1693751167	0.000670
1658254478	0.002431
268496469	0.002644
1497383952	0.000014
1313165581	0.005971
1532014123	0.002046
139574248	0.003240
99157266	0.003529
83200882	0.001021
2317860566	0.000063
216481299	0.000005
805777398	0.004141
361365479	0.002705
97171189	0.007234
807095	0.105583
391413865	0.000363
89820928	0.000014
246499208	0.000025
85606078	0.016054
435877117	0.002061
16385104	0.004971
24135119	0.006720
276763538	0.000554
207731256	0.008547
190699396	0.001172
1870898497	0.002301
1104083418	0.001475
52992670	0.001393
27676828	0.001449
310912778	0.008362
47056405	0.000738
352643501	0.000574
252115520	0.015127
47402168	0.003264
404542591	0.015685
594870776	0.003832
240327228	0.000034
263975503	0.007336
1068990122	0.000025
261263905	0.000013
1357427004	0.000080
19253918	0.001326
586032653	0.000285
451967996	0.001194
18793575	0.003468
23712174	0.000046
252819642	0.018100
195019882	0.000477
18244206	0.068066
8953122	0.005367
33655512	0.009159
19926675	0.000046
287861586	0.109551
323239103	0.000070
17439675	0.002431
18967498	0.000057
29598035	0.028317
796737758	0.000018
180396181	0.135115
305389392	0.001614
85353299	0.006151
1423715941	0.001879
17282256	0.194981
1322558402	0.012119
430830756	0.002089
1733849666	0.000026
449959102	0.002779
733751245	0.000005
1558893368	0.005760
56653367	0.000085
39191258	0.000023
498961346	0.002564
300515560	0.001546
539866149	0.000570
225988631	0.030762
78431501	0.000000
76392970	0.009412
248791332	0.003267
1117640744	0.024100
118152495	0.207742
15751083	0.000116
22262553	0.002336
1905298878	0.000498
1443203875	0.000020
39308549	0.005698
196147086	0.001342
47891535	0.008471
15029174	0.021305
273795671	0.002031
237944147	0.000055
1738425180	0.000068
758067224	0.000076
424263083	0.002368
456911539	0.000508
64022803	0.000000
262424195	0.005800
1699808366	0.004025
360427514	0.000010
169472184	0.005124
293254420	0.000013
613725908	0.000036
485264526	0.007404
778724700	0.000035
427024774	0.004555
1068626984	0.001020
148565166	0.027049
29896465	0.007857
15281676	0.000048
20713061	0.029727
193732179	0.000051
1043702834	0.001236
398232779	0.015280
1516830966	0.000035
864768235	0.012356
2417754469	0.000055
356390382	0.006501
712959254	0.002151
180846791	0.000025
158495061	0.006018
64660952	0.000023
221792092	0.001655
75785294	0.000121
242068532	0.000067
619479855	0.002568
48117116	0.000019
443681123	0.000013
380371286	0.000024
30930019	0.002696
195955478	0.000818
2192766368	0.008884
30043495	0.005393
126644609	0.002951
76651617	0.000473
386455581	0.000029
49316020	0.008850
236916916	0.000043
5558312	0.000012
80473367	0.003115
44117460	0.000059
330001961	0.005157
373311804	0.009470
1849261916	0.000036
180100015	0.000288
234822928	0.114760
269931179	0.007436
8128442	0.007237
292935209	0.000034
572317065	0.001869
19553409	0.000013
242555999	0.000004
996565820	0.004118
886042746	0.002158
98242752	0.003034
28859894	0.002200
16086967	0.009573
1578519660	0.000055
283265252	0.000000
350930593	0.001680
1002313952	0.000031
2265167642	0.000028
1076928920	0.000617
1944510751	0.000039
22417674	0.000116
49697450	0.009183
31350534	0.005009
1694503231	0.000085
1571660059	0.009944
161344057	0.001999
1189735556	0.002041
809050796	0.002576
22819917	0.004130
1602752804	0.001220
14809189	0.002646
578069877	0.000945
311165745	0.001013
155669457	0.025584
1643415560	0.001649
249339682	0.010865
416686487	0.000023
22097192	0.021172
1927804778	0.000094
1077121945	0.000226
33345380	0.029181
287269659	0.001947
1955581326	0.000034
1860099558	0.000014
137381495	0.017289
1408518626	0.001646
317407076	0.002720
1117953943	0.000684
19726613	0.000088
1935184730	0.000045
201877444	0.000364
7713202	0.025034
57977498	0.090386
87318108	0.002230
9624742	0.020253
19891260	0.001883
254775647	0.000055
15116570	0.006500
1925654095	0.001470
17643209	0.001072
14344823	0.076890
308664726	0.015510
558769636	0.009037
40024874	0.000047
198963912	0.005906
189910408	0.000565
50839205	0.000020
560117034	0.016404
2363258587	0.004947
19739126	0.000460
338883349	0.002021
48086014	0.000017
2282872260	0.001594
33665393	0.008025
205886080	0.002660
135931182	0.000352
800162478	0.000021
373011304	0.000295
7270292	0.000125
17976923	0.045440
104797238	0.001595
2337254448	0.000026
97150206	0.008566
5561412	0.000497
42760147	0.000021
191923358	0.000015
581141508	0.000026
223166587	0.000549
193614775	0.003019
28599820	0.003447
1001025787	0.002427
972323274	0.000051
9855382	0.000047
472632386	0.000028
2230533374	0.000707
2704951	0.016354
1611064304	0.000495
342601720	0.000000
224320485	0.002690
121620626	0.004895
364564017	0.000768
1469735982	0.002609
17768436	0.004699
19543987	0.002207
1374923180	0.003181
234024969	0.069349
16031927	0.000438
755802794	0.005302
29501253	0.000120
1403429444	0.000492
1071768498	0.010170
313344689	0.000787
2288373518	0.001383
250188760	0.000217
891678516	0.008933
1920276091	0.000011
16100318	0.012382
49453870	0.011384
10168082	0.033800
453698931	0.002835
54598826	0.017341
165511812	0.006647
1599284149	0.002796
237299871	0.000062
556000874	0.000028
156975310	0.033630
96662959	0.004485
15297551	0.000582
17513304	0.000017
364415553	0.021264
305145458	0.003526
2366260580	0.002025
394272456	0.008792
237129990	0.006348
1020058453	0.004009
317630465	0.000478
39793961	0.004777
377237995	0.001123
133429379	0.004652
64651898	0.005083
776664410	0.004160
235660311	0.007456
63753027	0.005767
1977097572	0.001172
35829796	0.018132
520950046	0.001760
1521740594	0.000351
1061486761	0.002415
425565585	0.005757
32135704	0.000000
111635980	0.004548
334320138	0.005479
1262814457	0.000060
137068935	0.004359
237926856	0.004538
48075643	0.010024
919804596	0.001227
244985138	0.007268
77418275	0.000598
230981077	0.021357
109274506	0.004677
14634720	0.061186
193872188	0.000069
43955137	0.007346
1878559962	0.001164
2241120434	0.002184
209833543	0.000361
1434486529	0.012053
254277011	0.000003
201453157	0.004859
217137252	0.011760
31611298	0.000032
1517363570	0.001887
51241574	0.093121
162069635	0.000007
356291170	0.000029
474232856	0.022528
1931698346	0.004900
245378929	0.003823
159524468	0.021202
15675138	0.008774
1602221707	0.000040
27088314	0.000342
2256726992	0.000574
248852820	0.008937
108671959	0.001502
136471166	0.000754
21220931	0.015999
233238234	0.001183
557671006	0.000043
1060860422	0.002630
2178681566	0.000067
1535579558	0.000057
22731105	0.000000
260760840	0.006219
72405094	0.010221
18161620	0.173969
338811841	0.000024
1385690448	0.001011
1898897300	0.008131
621293247	0.000667
128235400	0.003558
217912727	0.016658
531481241	0.031155
1399903849	0.012024
114887629	0.011407
5392522	0.114792
269908647	0.000494
339814337	0.000031
326208966	0.013815
2162136865	0.000787
80403646	0.000372
131036750	0.005303
53643803	0.000026
30216513	0.000004
860154126	0.006221
19512725	0.011519
405034710	0.000014
16517357	0.000054
85916265	0.014612
1337252017	0.010794
397430607	0.024599
15727317	0.036419
15159913	0.006271
275098108	0.000030
38500956	0.001290
122770149	0.070516
600991865	0.000811
5496932	0.004646
49649077	0.000330
1627252382	0.003953
260396714	0.057900
37461389	0.004961
1279783315	0.022460
19808819	0.000138
1305465990	0.005381
474451843	0.008178
220580561	0.027195
16102244	0.001841
71328021	0.006596
122146840	0.001754
1827782569	0.000398
15954997	0.000043
754277773	0.000023
1920537577	0.000738
21419440	0.006202
381666107	0.000622
25915690	0.003693
17301179	0.004644
19286569	0.008553
1060487274	0.000037
582475251	0.015272
14984637	0.002198
19257799	0.002696
138770045	0.000122
407744769	0.000018
57860368	0.000122
16129920	0.009674
23121519	0.000095
24392175	0.003735
15417358	0.000061
240363117	0.000011
1140648348	0.019356
167699332	0.000001
1911335244	0.005600
1719880621	0.000040
74164455	0.014780
151200240	0.010025
22946355	0.027931
833990756	0.021853
3108351	0.097045
234469322	0.000024
1693373094	0.009157
351109901	0.001161
247420668	0.002977
538646538	0.005339
16583468	0.000256
14763834	0.002480
382791093	0.000035
322794665	0.000059
271985168	0.004089
21636248	0.010561
555593757	0.009745
61250271	0.000072
207317790	0.000406
575766234	0.003055
1002244244	0.003613
84984380	0.002797
1550794628	0.000069
958081542	0.004560
95978223	0.002154
1305596696	0.000036
15922214	0.004608
15522251	0.005235
978690895	0.006613
62090497	0.000021
791002021	0.000033
2196576859	0.001712
34122899	0.000720
200400227	0.001950
23789790	0.007669
121990777	0.008809
1469446608	0.005295
2178860358	0.008749
470126084	0.000012
615953866	0.002159
15745368	0.000004
42734224	0.000579
1503451620	0.018649
193794406	0.000022
538185166	0.000099
324171587	0.011901
1463325120	0.002990
15918708	0.025936
188194323	0.009370
135653370	0.002042
34402366	0.003209
24463788	0.001835
2284159548	0.009819
34932854	0.022636
48587305	0.005839
302382660	0.002481
199286398	0.000337
1462723416	0.000506
359032147	0.001389
400792588	0.011819
572061403	0.002892
247066289	0.001495
930234066	0.002426
34966987	0.004269
2330410284	0.000803
38067927	0.002824
158398519	0.000107
325804079	0.005491
18873711	0.009758
78403308	0.000022
568151409	0.062444
2311117897	0.000031
110545675	0.000027
24795163	0.000001
454060961	0.001346
357253772	0.011296
19028248	0.000035
74895491	0.001979
801084110	0.000015
16187637	0.068920
1365881617	0.000035
628018533	0.008817
98017737	0.015687
845711293	0.000564
593840334	0.001839
1380763326	0.000683
193978839	0.002179
115166212	0.001683
1009269193	0.000048
2253990607	0.000020
105823136	0.000016
287225290	0.000034
137407124	0.000048
426694458	0.000568
245905555	0.000024
1545715382	0.025288
20078009	0.010095
18060177	0.002824
28969421	0.007188
145292853	0.000035
92055121	0.007920
46263050	0.002485
1736053987	0.000243
2238098360	0.005405
11379362	0.005263
240760644	0.000046
301416337	0.004551
965142457	0.000000
1374780043	0.002475
24260994	0.003544
265529710	0.011455
448077090	0.000938
1157424444	0.004159
218206502	0.000708
25162697	0.001237
1350864440	0.012501
204905640	0.003348
71036272	0.008449
19658173	0.001092
15008539	0.013612
124335509	0.010712
66774077	0.001469
770554297	0.001091
1671690367	0.004385
36654245	0.000027
2250858631	0.001717
15985455	0.005485
1396846357	0.000023
385188446	0.009053
1055730738	0.000150
716984711	0.000301
38039087	0.000851
248252582	0.002751
163570705	0.000080
191728014	0.004209
299802435	0.015971
468601121	0.000020
740417436	0.001972
15856366	0.002381
1665514478	0.000099
11650762	0.000058
270017791	0.022538
31128529	0.024529
27385174	0.012414
393585626	0.000672
296361085	0.000087
293131808	0.000021
976579933	0.031894
228784853	0.000480
332040130	0.007034
309267226	0.000051
41750998	0.122001
68917738	0.003779
1874140452	0.000132
159609651	0.000125
458393298	0.015055
403353373	0.065419
249674727	0.015343
2286252732	0.001578
1080844782	0.000031
1372288434	0.005170
255876732	0.000031
49541291	0.002621
784971582	0.007369
22527499	0.000015
21693764	0.001261
16473577	0.000037
159977219	0.013636
140519774	0.018253
27633572	0.008207
31122582	0.126116
32506723	0.000026
1655680988	0.006175
2245220154	0.004547
15075753	0.081475
588237779	0.000060
1468203217	0.000047
188019606	0.007602
242836537	0.000083
193632778	0.000563
19865528	0.127701
351149827	0.001800
18166778	0.000021
303861808	0.000011
343830557	0.000113
17353658	0.028180
1541893820	0.000031
195271137	0.043374
362597648	0.000017
249219490	0.001636
26122639	0.173932
46557945	0.029314
398269985	0.009602
48263046	0.001820
1128514404	0.000176
1262936000	0.009784
537063930	0.004776
305620929	0.000021
15012486	0.002514
156300451	0.007861
305216911	0.000009
757372008	0.000025
32393576	0.004624
1711193490	0.005913
19151741	0.010172
16814879	0.012749
27705441	0.000046
385288144	0.000023
235251868	0.000043
431990191	0.000024
236118432	0.018771
91032815	0.003011
2367536538	0.000822
452004245	0.000687
135297032	0.000508
166536928	0.026194
1476337592	0.001581
32379396	0.006198
589425352	0.000461
633855519	0.005581
17800215	0.000662
235312723	0.000040
123934875	0.000663
983813816	0.004388
359133002	0.001869
246769138	0.000031
602997805	0.000035
30619527	0.004742
2203931420	0.000099
126980084	0.005212
222721984	0.001553
167507135	0.006379
459446627	0.005332
284744912	0.000356
59771400	0.002816
1096059529	0.000004
1385871187	0.000053
1022263688	0.008799
271958454	0.000088
1540360435	0.001549
765038167	0.000000
16803651	0.007315
18029328	0.020232
2361531690	0.000113
60984835	0.009133
112236901	0.003208
404226735	0.000430
1911879768	0.012790
50452197	0.000030
55896443	0.011673
159292313	0.007102
1883356866	0.000024
314761332	0.002779
26607712	0.015371
21786287	0.010094
15356407	0.000383
2739461	0.002448
161743731	0.000026
270182385	0.000064
349379430	0.000013
57751453	0.005062
1265207760	0.000023
27886115	0.009301
16441318	0.001564
96800896	0.000739
23976316	0.000047
21762137	0.006539
350927143	0.006359
539485640	0.002524
407323365	0.009144
275725571	0.010528
77308668	0.099738
30095477	0.007522
330650569	0.006501
108083058	0.002037
1644805254	0.140990
7356562	0.000063
2305315345	0.002356
360804642	0.000366
919927722	0.015115
15207668	0.043650
1214475872	0.000631
44478497	0.011144
16099657	0.003996
857748156	0.000021
1678290240	0.005051
76381104	0.012176
407039290	0.012508
344109654	0.000868
15035209	0.006487
254805061	0.008795
9300262	0.000579
242426145	0.000029
1902563203	0.004585
1909542326	0.001350
185684821	0.010553
21157904	0.000029
253100055	0.001291
396794501	0.004182
30050899	0.009268
47736933	0.004866
209792690	0.013238
11134252	0.002526
480056408	0.000504
14125897	0.000023
1075843532	0.003696
174847410	0.010159
1173237842	0.000484
610415617	0.001084
30823752	0.002929
14597351	0.013243
316819997	0.004643
32007346	0.019995
356881780	0.000026
323511585	0.006047
43108099	0.002469
49675523	0.006778
299883942	0.000085
1214026033	0.006963
293459696	0.000053
793992	0.008821
2236741645	0.002388
16469463	0.045084
1462357878	0.001925
1852444146	0.000011
288295387	0.000016
63502107	0.004246
323863880	0.003656
93723445	0.001816
85418520	0.002759
405134921	0.011683
2301967142	0.000030
148041415	0.011014
284296658	0.003128
1898624934	0.000047
1444380402	0.000019
554109268	0.000612
2297176518	0.000632
1071900114	0.000057
254189414	0.001872
469674025	0.003727
1422126799	0.145469
327798242	0.005735
80958505	0.002390
393603441	0.000063
181101417	0.003469
52989817	0.053132
818586175	0.002357
2277763242	0.060175
31120881	0.010734
1025653922	0.000334
54686639	0.004106
185049728	0.000028
530864692	0.002473
44195577	0.000067
281162551	0.006602
954172328	0.005225
34850480	0.000029
17750110	0.039561
38036372	0.004090
48115928	0.004875
514929629	0.009673
251656840	0.001412
14173315	0.026359
1884324084	0.000027
281540744	0.000021
18891923	0.026045
257658885	0.001747
1246366651	0.000039
330938673	0.001398
1059240924	0.000108
194536303	0.000245
1339931490	0.000101
518644221	0.000373
431266828	0.000654
432092458	0.003143
234022257	0.000024
47747074	0.000043
73925960	0.000031
450108691	0.011819
278124059	0.000020
473199911	0.091824
196619213	0.001027
227036687	0.004607
1630446259	0.000081
16669075	0.041583
75843152	0.003249
1510065122	0.000698
392998644	0.000943
78130610	0.000020
2203399435	0.000082
1906353372	0.004378
56763589	0.002991
116534252	0.010105
15324851	0.000023
209598477	0.017727
244526889	0.011186
1488969002	0.002895
232992031	0.000095
15394954	0.000052
18805303	0.000612
224285242	0.000070
883557414	0.001028
43050282	0.002002
18548136	0.000000
267938462	0.000030
585206397	0.001084
291676686	0.000334
1939381628	0.004603
309605202	0.004978
77017567	0.010262
779118265	0.003491
751212379	0.001497
245136682	0.009918
115488968	0.003703
2253968388	0.000203
1075666608	0.024654
555473643	0.007605
51267980	0.000032
176646411	0.003992
728565668	0.001395
487067075	0.003055
16054728	0.016016
1055362014	0.000217
47412499	0.014053
337122716	0.024939
870670477	0.000291
1572830660	0.005418
391814356	0.127728
13218102	0.037110
1418013151	0.001720
71294756	0.006403
5660532	0.000111
398165004	0.004730
516642662	0.004412
14587949	0.000788
17992453	0.008635
485842327	0.001090
2234105580	0.000902
19929362	0.000071
151589736	0.001889
45151382	0.000647
381152398	0.000440
21950364	0.009223
326043489	0.000035
233724961	0.005670
462033343	0.001514
186506052	0.004912
75347500	0.001597
449795350	0.005600
701303623	0.007656
1439879557	0.000094
246341769	0.002866
186291444	0.015797
378738565	0.000039
219429281	0.000071
1932363210	0.000029
308276891	0.003145
1580451673	0.004083
74302172	0.000031
360893245	0.000508
1375646822	0.002644
237312687	0.000071
119162694	0.014400
21619519	0.000039
490535112	0.002683
224297637	0.000520
1497534576	0.000092
14308987	0.005389
345261756	0.000020
1255785854	0.000659
18216752	0.000019
2184765932	0.002079
1525086182	0.002254
56538228	0.000757
95166404	0.001025
342945847	0.000512
630802892	0.004074
15350894	0.009038
19616327	0.023290
390522985	0.002757
2287788476	0.001319
624186253	0.000049
621500066	0.004923
24300215	0.003809
1624698122	0.007104
236479311	0.000052
594060392	0.006873
1072453910	0.000078
538086333	0.000484
342780479	0.002310
178419778	0.000658
280206584	0.000025
345555778	0.008140
1125409915	0.018750
93936388	0.001566
234014087	0.000098
473401390	0.002417
993153006	0.001791
19139963	0.000051
41464356	0.003262
506033683	0.009766
590696606	0.000013
1652541	0.011444
235217558	0.000077
425489816	0.002201
235591153	0.000870
22903983	0.000775
344033052	0.001872
946114207	0.000027
770448248	0.000935
19407835	0.000019
26778110	0.000025
1327675195	0.005828
169588591	0.002823
78673043	0.000898
15496979	0.017765
801523267	0.001992
45340027	0.001108
399432469	0.000014
125397444	0.003668
72198806	0.014213
197307435	0.005582
1134292500	0.008612
20563979	0.003366
164707575	0.001413
14617444	0.005433
263414131	0.001564
31006603	0.013787
201079432	0.000024
1149312193	0.010585
117974827	0.023907
89814216	0.005831
238861711	0.001983
253149069	0.000456
34666990	0.001571
555845120	0.006011
80111837	0.010153
1406277577	0.010283
529973619	0.003266
950328072	0.000071
153944899	0.000040
1335517206	0.003599
242376736	0.000077
584351142	0.000024
1183865954	0.005310
368977925	0.003181
75398827	0.016255
224294785	0.000698
173363468	0.008023
388958868	0.018496
133864713	0.005692
91179070	0.003172
289530036	0.004986
143889472	0.005692
51284800	0.003665
233601235	0.001672
250710495	0.000038
15434632	0.007712
36183582	0.002624
441425863	0.000012
221614578	0.006684
439596778	0.000035
20841089	0.000518
575385464	0.001522
40526985	0.002074
248850174	0.000051
37920978	0.000040
15939889	0.046703
1490306108	0.003867
433079096	0.000013
463132556	0.004972
2312281051	0.001286
1458461443	0.006515
19877680	0.066900
377773483	0.004013
180142423	0.007345
13067732	0.012007
38787045	0.006270
1143060714	0.000023
452413225	0.000422
18043103	0.006799
1282568923	0.000119
339172700	0.005785
112604826	0.016146
1229226714	0.001486
249834165	0.006812
2305350474	0.004792
2377621136	0.002033
18289929	0.014957
366228554	0.000858
24742936	0.012513
85634199	0.018927
93288759	0.010717
1051127714	0.004480
197290856	0.000377
20071932	0.013123
48807726	0.003547
486380694	0.001477
168666357	0.002917
215909539	0.000022
168673083	0.014935
47632905	0.008800
1069918782	0.000484
28252475	0.004914
1123683068	0.013303
2314336918	0.000000
84129740	0.000047
229197216	0.038252
247850985	0.001416
2369496272	0.002425
85970738	0.000000
15715842	0.010582
153919023	0.000017
499978095	0.004894
1365631760	0.003241
389759292	0.003756
38465240	0.000479
1512666349	0.003616
1656055824	0.001366
1662929678	0.000269
117197307	0.003552
991357832	0.001505
34438002	0.003811
104631905	0.002345
1262623074	0.001359
132278386	0.000002
15948219	0.000030
1011705054	0.040514
251728316	0.002703
20495104	0.000795
612716532	0.003225
110050273	0.000888
113214730	0.003497
237770636	0.011543
247596046	0.005196
62543872	0.007586
123282266	0.004421
133439172	0.000029
1037084538	0.018438
111632324	0.004818
534405915	0.002043
276197098	0.000018
77664666	0.006322
1394549060	0.003942
2199888721	0.000032
225921757	0.000056
91744236	0.024928
428333	0.000033
85634177	0.007408
255829884	0.001009
1328123624	0.001501
325717986	0.004758
266830495	0.027971
611834439	0.000015
960696949	0.002418
15572155	0.000000
433791263	0.020239
1636291356	0.000985
19912734	0.003598
337932925	0.003492
543822491	0.001826
49634881	0.004009
468930111	0.005228
620298978	0.015017
349947276	0.000061
60638933	0.001916
282775291	0.001400
26677801	0.006933
23035691	0.004115
534599939	0.002152
195042501	0.004972
50325797	0.007974
65453528	0.005203
2321775476	0.006167
229592356	0.002949
1071764281	0.002386
2340967118	0.000605
1223102983	0.005610
122719755	0.002061
124196924	0.000022
17525171	0.000000
52503751	0.000106
76452765	0.000388
1634852712	0.000340
1172636797	0.001427
33977070	0.000038
21048033	0.000024
217543151	0.012971
1726999796	0.000038
401955731	0.001819
948491592	0.002377
267583652	0.003594
225242868	0.007887
487906127	0.002013
286898862	0.003337
605098090	0.001267
1071102246	0.001452
1075551668	0.002175
1441675236	0.000010
206428391	0.002475
325298865	0.000994
1626115357	0.003703
600737301	0.001538
43476440	0.016806
1061385474	0.000046
362052555	0.000471
281509650	0.006912
1228818295	0.001694
516131688	0.001703
1222257180	0.000025
158205177	0.002538
28889556	0.011207
248004920	0.008691
23632545	0.000748
1023236538	0.004812
24737755	0.011644
41406567	0.005800
117197740	0.006344
69715433	0.011462
74198348	0.000038
463606038	0.000031
1061006802	0.000026
575749942	0.002805
115754120	0.003710
15448332	0.002244
1131203611	0.000996
298059168	0.011865
610325685	0.000872
241207373	0.000188
1332628436	0.000041
1925656796	0.000032
211254250	0.019905
851120473	0.002217
108619944	0.005909
95070642	0.000032
450708486	0.000031
257170128	0.000706
154648736	0.003753
442824717	0.000040
1571215884	0.001200
308563367	0.000023
1440997712	0.000015
19793648	0.002817
1536065244	0.000045
122207745	0.000046
362654346	0.005322
78369108	0.020266
14859559	0.027973
318464838	0.003701
425527664	0.004922
286034058	0.000040
1552818054	0.000378
37766935	0.001687
266772387	0.001781
986188543	0.009352
1372431026	0.001668
282233418	0.000021
308748838	0.002238
256178459	0.000655
70156027	0.075550
407584834	0.000018
633131271	0.008265
1072382221	0.000039
1437466362	0.000032
373883896	0.002321
1901113928	0.000436
1484301392	0.005570
799658150	0.001000
1198766904	0.003052
785414496	0.000029
84677520	0.006106
1797991	0.000022
608182396	0.004459
170767454	0.004834
15361570	0.031336
9508922	0.000022
376477453	0.009667
190160433	0.000313
373326597	0.000974
122212010	0.014297
44127294	0.000030
22797378	0.011745
1592481150	0.009086
233842454	0.000074
265155317	0.001781
564225302	0.001557
2358445766	0.000060
127894579	0.000025
30313925	0.000200
1058717720	0.005996
20641972	0.000026
1877628114	0.000038
1412998502	0.062117
40466049	0.000017
1008962922	0.000000
13383292	0.002027
100330676	0.005797
330583779	0.001477
5692662	0.000047
1494474121	0.000106
566631178	0.000767
237781383	0.000045
2251095308	0.001698
975200486	0.000060
16712666	0.005718
1656884071	0.008056
1355831521	0.000433
279634424	0.002965
29610442	0.000000
8542882	0.081984
18724011	0.000304
237348797	0.000031
248699486	0.000024
633825457	0.000014
29929730	0.000259
18916432	0.000287
19518515	0.004559
52537790	0.006465
455041792	0.000015
253016264	0.000059
116518445	0.011211
533702418	0.000017
29710286	0.002959
26976860	0.004287
25086658	0.000061
1969641703	0.001292
189236855	0.143605
23536035	0.006157
617382180	0.003313
2281176661	0.002332
1917347892	0.002472
1305481388	0.010008
761840588	0.000016
16560935	0.002221
180032621	0.007462
294965312	0.002274
380001296	0.000045
398990591	0.005023
133448248	0.005416
1608892718	0.000077
409799018	0.003013
1622931326	0.000052
36126319	0.002058
156075520	0.003729
5031151	0.021725
340296149	0.001613
378096410	0.005814
242993672	0.000617
