14412533	0.499117
2163623972	0.503912
249222850	0.499937
1281503318	0.492601
387984038	0.497175
1206306506	0.494881
57931553	0.488877
2258783241	0.494686
63160932	0.499989
25198840	0.497725
15289825	0.499771
1452476780	0.492053
1086619808	0.488440
1623308912	0.501856
2194801027	0.500754
20467163	0.505257
19824430	0.496821
1739650556	0.496309
59558161	0.485309
1444015610	0.500340
804861259	0.493542
252254916	0.490505
40057701	0.499772
2375722164	0.496600
451032276	0.493383
1120298527	0.488485
16860684	0.488904
187414539	0.500320
479674626	0.490330
19394188	0.495532
1155335864	0.504573
20635633	0.498993
248718904	0.513981
252644673	0.489831
534680801	0.492353
932446728	0.492386
235373000	0.501650
1377700518	0.490677
437741704	0.490467
414516629	0.487756
46807181	0.492133
1691930744	0.495958
153694167	0.497608
16705010	0.497056
22509598	0.501040
31054788	0.486563
1545781357	0.496190
5990782	0.498306
239949176	0.502460
174879603	0.499832
547778460	0.498053
15993122	0.500890
44209472	0.492574
17811916	0.491551
37131103	0.499647
83932732	0.493453
22006412	0.493396
132201224	0.500781
1647266078	0.495512
126632552	0.497621
16789970	0.495261
1183998762	0.499957
317216233	0.501959
354493762	0.491845
24773493	0.510181
119899270	0.497713
414774285	0.499486
1252129242	0.485228
295868971	0.502044
19186003	0.499578
564908956	0.497591
528484792	0.494399
2291373043	0.492388
2260662498	0.493375
40523440	0.488615
471606410	0.500507
25668918	0.497852
320787415	0.498318
383393464	0.492401
463890972	0.495132
48366585	0.500240
239584537	0.502981
1357793240	0.488629
51535196	0.497643
22930392	0.490181
35137957	0.497789
199317006	0.491873
197628846	0.500395
223360975	0.496713
29157809	0.499735
776063954	0.497616
277107570	0.492426
873631776	0.490028
18943752	0.499480
492616846	0.494706
75927706	0.499946
1334517175	0.496901
29205600	0.496654
182815759	0.494417
54412900	0.494299
860696202	0.493004
171813900	0.491592
19312039	0.494071
1009921273	0.498796
717888988	0.500685
536281139	0.497702
474326839	0.494560
237763317	0.507644
164732631	0.491215
18890707	0.496988
18696134	0.497518
217454584	0.491198
25168293	0.495132
13491312	0.520777
311789873	0.494124
467801778	0.498334
216881337	0.497852
35998429	0.497660
16256269	0.513495
1226281657	0.490178
47127416	0.497513
598384016	0.496907
456986241	0.497140
9532402	0.497769
26459660	0.503638
35060071	0.499289
424122984	0.500840
164007407	0.504227
1127447660	0.494710
728708694	0.497863
40367637	0.495580
1367531	0.496798
89657363	0.493995
10375552	0.492783
28480805	0.490029
1328434170	0.490735
1055907624	0.493785
28856628	0.487716
1915916724	0.499251
708309848	0.491480
108052620	0.495545
11348282	0.493316
104615577	0.498920
15697940	0.495987
1925127612	0.493486
1222580420	0.498730
254310640	0.494342
201791908	0.500791
1189780298	0.493081
502184923	0.499613
25124372	0.495554
2237923975	0.495321
18909919	0.496999
384913290	0.496104
177028305	0.496545
266133081	0.528395
249348006	0.496788
96386080	0.501657
66369181	0.501976
277008614	0.497830
254859330	0.490932
237460752	0.499088
2360123726	0.499773
343588320	0.497481
22113371	0.499523
2221362486	0.497890
1025521	0.505358
79729138	0.494132
1060984272	0.497554
358606388	0.496673
23220731	0.502700
325691585	0.498358
1408162200	0.488351
274824692	0.494895
186299824	0.503789
612117635	0.493706
35762860	0.499842
19216998	0.495808
409522947	0.491640
112765894	0.500353
3135241	0.495751
280346878	0.491317
220208804	0.498588
116141817	0.499139
611886875	0.501428
73303753	0.497159
25226477	0.501030
331678866	0.496194
261918703	0.509465
561628839	0.495759
47544979	0.498980
790097610	0.497241
1718400349	0.499921
15092872	0.499224
1676771268	0.498756
28785486	0.495372
183637495	0.498591
521926535	0.498538
124062781	0.492138
241771567	0.495815
31210583	0.489712
379378754	0.489253
576268700	0.490855
163209579	0.497283
1066076640	0.493139
93189203	0.497663
939091	0.493401
254557147	0.496312
63506775	0.500984
240839950	0.498810
172662933	0.493559
618586017	0.493145
85616770	0.502333
1091456496	0.500114
267889663	0.498909
160647819	0.488668
510516465	0.492871
18678924	0.507858
35081819	0.502599
15980436	0.498683
20618764	0.500977
1689821791	0.493051
356199275	0.498381
2205359364	0.494218
211420609	0.509878
21631487	0.512077
722800129	0.496940
547174027	0.493188
116748080	0.496641
1057859527	0.491670
27136225	0.489639
269893425	0.495296
1921776680	0.488881
2196548623	0.498774
124224165	0.515579
519728645	0.494408
25214807	0.501973
85898279	0.490635
961520071	0.495799
310608280	0.493886
558895964	0.498849
72831557	0.489845
622198206	0.493876
1027156464	0.496739
18294521	0.493044
1725039222	0.498760
222320264	0.500657
251408532	0.494514
1542493423	0.491506
543154345	0.496038
259834782	0.491986
21873714	0.485789
108376246	0.497961
16614802	0.494529
371887563	0.495345
1090002997	0.497057
93552029	0.496647
17111550	0.506965
372503594	0.496112
20015903	0.507118
934933188	0.497703
332340557	0.495267
944917346	0.491361
2370786962	0.495668
78941245	0.498875
103727818	0.497292
351266014	0.499657
1607546875	0.490240
99949940	0.498235
1713542732	0.492345
237600102	0.488648
72129678	0.497202
180389279	0.504568
2179040628	0.487471
517911880	0.490159
2310494503	0.498895
2293131060	0.495597
218357036	0.499880
558831200	0.486981
402190452	0.495270
97239626	0.496565
11883722	0.497681
394303189	0.499207
110420252	0.492048
61842393	0.500854
357580948	0.496215
1496512904	0.497371
425889480	0.495890
168830539	0.496253
15710384	0.491821
23109966	0.493166
34773320	0.497550
1469869638	0.494270
198323147	0.498325
29584150	0.493374
322781751	0.494304
976969338	0.516483
748531489	0.494241
886946899	0.491882
397584127	0.498300
234057152	0.504721
26083271	0.505033
26144769	0.489902
287811065	0.487621
52763281	0.497208
27048645	0.488672
28336822	0.484780
131791939	0.487307
81919296	0.492390
306001688	0.496343
125984383	0.493593
1262557194	0.494320
506462653	0.496729
85396297	0.515757
233557728	0.489274
252819323	0.498106
238314303	0.501482
296068607	0.497186
1058807868	0.510234
49986081	0.498402
14081659	0.500440
452700445	0.497159
207116000	0.498967
1356966632	0.497814
49171436	0.496817
855057596	0.498859
1340326969	0.499339
598123678	0.498696
966442267	0.501708
326210627	0.498585
108617810	0.501902
221508042	0.498846
39322371	0.501882
31285825	0.497920
97298155	0.500281
98910693	0.494085
1912048351	0.501441
547416793	0.499498
868637460	0.492213
189904289	0.497468
584012853	0.504592
176134825	0.496060
606101503	0.491103
1469528666	0.498274
543635294	0.496845
360436349	0.493437
481000411	0.497641
326196796	0.499825
1120550322	0.500343
192441406	0.489492
272542662	0.497916
904655414	0.492196
1060370282	0.496130
121469977	0.501502
73931897	0.500778
46004597	0.501564
1447399590	0.500784
1201824876	0.490756
359222643	0.496690
384111224	0.497363
80958602	0.499022
1658898042	0.500617
439049326	0.500142
195193469	0.489237
209787354	0.496947
362688424	0.497701
432676344	0.499318
55581437	0.499124
147487756	0.496639
11856892	0.493624
108689270	0.498258
97931967	0.500924
1644734071	0.499082
198526130	0.496026
475294870	0.494510
399170640	0.497247
76163900	0.499288
998576058	0.502829
430292078	0.496309
823801824	0.489899
1974399272	0.491802
402719755	0.500934
456032135	0.494536
743694942	0.498435
51943611	0.494413
1350118422	0.498104
30864583	0.497659
39510422	0.513252
353834752	0.491387
2260579802	0.494799
15392139	0.499745
26977568	0.493771
47892311	0.491824
20517132	0.498081
324403737	0.492562
42913132	0.499591
573495038	0.492327
208692908	0.497837
425286290	0.486650
452344217	0.490452
220249920	0.499981
267854863	0.494901
582875320	0.496803
791967744	0.500070
1548079500	0.498571
288963206	0.492037
239964750	0.500848
2314375189	0.499789
1729693597	0.495680
89193992	0.492157
1083448909	0.495026
963480595	0.535508
221528389	0.492114
1058460818	0.507410
26637348	0.498672
5988062	0.494539
221162525	0.502430
1964821772	0.498244
278145569	0.512618
387225200	0.491465
435983624	0.498606
17005219	0.489168
90518536	0.495395
17633159	0.495321
1355805258	0.494824
14579415	0.491379
267339368	0.492164
75578498	0.494368
717905080	0.500482
24183358	0.502838
2318080736	0.493645
1405337395	0.489949
73833569	0.498280
1646054551	0.500570
245451804	0.496546
887385018	0.497567
15987296	0.486063
54446722	0.491712
467787311	0.491833
78387677	0.493800
1138688364	0.501428
224391627	0.521853
318095351	0.498301
44177383	0.507773
178229698	0.492274
36117128	0.497942
240812994	0.527313
1080509366	0.509112
1480654033	0.497913
22242298	0.497470
171693939	0.499552
285737815	0.494504
1055685948	0.515312
25956294	0.494823
1058051748	0.499034
1092248911	0.499019
18205674	0.503384
245419752	0.495424
7597712	0.491964
418078050	0.498290
472587512	0.484773
379815077	0.492211
516880804	0.493798
14764240	0.496053
115733549	0.493731
1674501806	0.493227
1058917562	0.493329
16348437	0.512897
277363853	0.492789
260807192	0.498679
20245031	0.494244
337785530	0.498729
333663029	0.501869
65433355	0.498654
28423263	0.496874
2312501226	0.487864
585441089	0.496419
126171100	0.515756
349979682	0.485707
841342315	0.497319
525736608	0.494474
557050706	0.497496
334965470	0.499782
249814580	0.497221
274255909	0.500569
310347243	0.501243
1730532331	0.498129
867444085	0.493913
297498647	0.503025
85476251	0.500268
154699063	0.494584
93761782	0.493305
1090009730	0.489674
360080772	0.501223
16631939	0.491285
376064104	0.502793
619964159	0.493541
20468251	0.493690
26513860	0.501025
168502762	0.511532
258900199	0.521494
488297851	0.499294
21269970	0.502736
24735461	0.510349
384538886	0.494978
376946273	0.500893
1331884178	0.490776
377534571	0.494889
2227361208	0.494464
17544524	0.511136
24298528	0.496975
37982748	0.499285
195790079	0.492034
411765271	0.494205
254032655	0.502438
995193054	0.494001
175131510	0.495389
2412155161	0.499441
1691191704	0.489243
21797269	0.499162
1228070911	0.491646
123999551	0.500674
7402662	0.494259
2268031692	0.501177
703301119	0.498345
2385644521	0.490628
190328374	0.523796
240385577	0.509802
18732816	0.493315
976404032	0.496750
613404995	0.494759
239871673	0.521461
1897447471	0.499505
55677432	0.499568
22545491	0.495658
156212602	0.492434
305818200	0.499294
2205545306	0.500944
234837632	0.511278
18822612	0.511786
345491974	0.492324
2308777399	0.498348
18030431	0.520612
2207375216	0.498277
70799357	0.489038
148021006	0.491043
23578274	0.497247
296925880	0.495961
903320070	0.497855
15639642	0.491812
161329769	0.498867
22055226	0.499799
213634439	0.514832
8162322	0.490792
1564956584	0.490954
22509548	0.521677
14129299	0.507112
34238458	0.499269
511079500	0.494654
377591325	0.493135
2252607128	0.499702
1015802058	0.493448
756285384	0.498382
264494662	0.497507
90490354	0.494519
14774189	0.499091
34069014	0.496855
1222684418	0.490485
25755336	0.499195
240840748	0.492775
15160884	0.520149
472263579	0.498862
7900962	0.503245
27302870	0.500167
1074101017	0.495333
22028039	0.493868
214209081	0.492716
1601370486	0.496792
2191060944	0.493718
199510192	0.497725
968650362	0.495431
22523087	0.493791
753647880	0.494484
408105171	0.498354
404132211	0.497391
176896268	0.489356
114756202	0.526444
47468096	0.496458
1431823160	0.498551
40750860	0.492293
358302508	0.489083
347395654	0.501459
65146567	0.499496
31744825	0.495593
136682183	0.499363
33530012	0.538235
2322307531	0.494853
546176922	0.494823
237019973	0.497018
1031845399	0.490269
346813911	0.498943
189986982	0.496209
777390745	0.490453
59704563	0.496086
234053893	0.505313
41445718	0.467627
19670455	0.496629
1132232611	0.494133
194720228	0.496586
308852834	0.494830
21144715	0.499752
376527578	0.491667
22669526	0.500083
794546882	0.491906
26818986	0.490673
19576571	0.492215
615537104	0.491890
2352119654	0.498397
21542518	0.504522
494114249	0.491603
1117326481	0.497004
14354562	0.491475
1023294366	0.490640
336699225	0.500177
360338075	0.498280
265639238	0.502032
402029058	0.517243
535181994	0.497769
18170310	0.502670
1068470480	0.491480
109355585	0.493586
1510311302	0.494482
372315769	0.495838
21333396	0.500566
616965232	0.495027
1516670166	0.498463
233601728	0.501732
114299101	0.500207
61046743	0.497224
177974542	0.495768
300013543	0.496510
254226686	0.488246
14857525	0.500443
237853147	0.501388
300430043	0.489417
121171657	0.499862
37836873	0.491472
187108150	0.495629
36738199	0.495519
1710292866	0.483879
248735463	0.500422
40954486	0.498381
284601302	0.499138
1447467186	0.495661
253281321	0.496204
15602331	0.495822
577609337	0.492443
43273533	0.498227
26777550	0.488899
30045475	0.490419
58228306	0.493640
874694125	0.497460
890904109	0.495576
470703779	0.497271
122183484	0.486923
589070172	0.497906
1075303104	0.491812
457733782	0.500799
117661549	0.495385
20545793	0.499864
160919506	0.490551
154233179	0.501376
370467757	0.490021
216486007	0.488227
438040565	0.497881
216855513	0.493347
2264976900	0.496075
378636572	0.494762
321234739	0.500556
2278730858	0.491776
344525024	0.497434
220765205	0.494941
16002085	0.499871
1681848204	0.491935
123421771	0.499969
831933780	0.493253
1228652142	0.487992
1283908939	0.494756
747876121	0.503783
780383160	0.497378
531596035	0.496543
1410590874	0.500494
16827173	0.500883
1625304829	0.495155
429268149	0.500062
110445334	0.511707
22528309	0.523810
132345883	0.498400
233693291	0.519774
372506462	0.491959
18863927	0.491523
242873057	0.504173
430235090	0.500760
36564017	0.499578
304115290	0.495164
1901018683	0.492713
1037321378	0.495274
278433367	0.491662
302113333	0.499002
1609169504	0.492657
17997831	0.499826
1531521632	0.499389
291551843	0.499077
14669951	0.493242
368914608	0.495506
1375871708	0.494360
17340186	0.500498
432766911	0.494498
68281948	0.496097
127963931	0.494096
18646108	0.536115
549438299	0.498976
16336478	0.501458
83195396	0.497984
467636108	0.498658
231898286	0.500820
70590748	0.496672
441040701	0.495767
137084996	0.490816
912598626	0.492947
230720547	0.497938
41861272	0.494706
416644656	0.484281
2317625354	0.491579
28176898	0.510376
401989810	0.488835
581275783	0.499565
91935208	0.500740
18791763	0.494929
27688281	0.500384
1853114688	0.496621
14246001	0.494309
1486445498	0.493666
977560500	0.498756
15715665	0.497133
235279028	0.497769
805188312	0.490132
64507817	0.507807
277193651	0.499557
21910246	0.494029
156763824	0.496926
1045110018	0.492187
614706394	0.492896
36686040	0.501459
1917731	0.493313
280913598	0.490157
249787913	0.495903
1242946140	0.496468
1526488393	0.492117
28008943	0.499171
2316393866	0.498161
526750889	0.499380
1849400233	0.490671
125613253	0.490213
15380417	0.499968
26051676	0.511183
90250351	0.493845
931024693	0.488914
2245423891	0.497386
73791927	0.499641
389357597	0.499084
514749390	0.489786
1232484468	0.492376
935033864	0.501092
27274887	0.499146
952575223	0.499771
414068004	0.493362
49057566	0.496538
702460382	0.494427
243413616	0.494734
121537837	0.500626
122174004	0.495952
265329329	0.498807
237504609	0.493291
858111194	0.498473
246447524	0.500675
20397563	0.496391
260479308	0.492243
935987066	0.498904
1051446626	0.522685
1428792126	0.492922
15007149	0.494196
238264015	0.491586
237862972	0.509480
265993392	0.491447
15976697	0.499268
315992993	0.495057
127919146	0.503396
403639485	0.492454
17120599	0.495117
1105408002	0.486034
328679423	0.491665
130977700	0.488333
70740010	0.488418
894512114	0.494138
78408666	0.495924
2394285656	0.501321
2292332720	0.500410
21572351	0.498743
1157543414	0.497953
130600206	0.501717
249219716	0.512944
346949527	0.496687
337595668	0.487138
2155491151	0.498941
51982954	0.498614
15224867	0.493543
27675227	0.489489
2236668625	0.500704
108323434	0.500985
52052011	0.491223
2304223555	0.496855
538121732	0.500975
50707364	0.493430
470654192	0.493761
1092757885	0.495666
93950784	0.501018
1360075950	0.499715
19612749	0.502723
1382011333	0.492849
55440365	0.495476
37497720	0.495588
117432541	0.484425
1613159058	0.490152
103949895	0.501502
399112142	0.492551
22265452	0.489367
1120582274	0.501284
1089334250	0.511863
461301890	0.499491
198928268	0.493485
12298112	0.487441
240135871	0.503986
22507324	0.499365
117792965	0.490730
381874511	0.492350
741061716	0.493742
325040651	0.494880
294959299	0.489294
457276155	0.500208
1237156340	0.500563
21643972	0.487322
1362806395	0.499694
136550204	0.492479
18579364	0.500800
1326498037	0.495036
40510796	0.499215
598853747	0.499165
573916220	0.487965
3913931	0.491402
91346513	0.499914
2329092852	0.491825
2176134116	0.488551
1461162020	0.497677
183212100	0.497895
15210284	0.534229
133022865	0.492978
171154131	0.499735
18172905	0.547564
123150166	0.499329
938657858	0.491557
191496735	0.489651
252249233	0.499595
137794015	0.495698
220551206	0.500282
65082057	0.495759
1553746556	0.497248
749375898	0.498751
889786374	0.485714
624927613	0.496921
158290255	0.493833
363540832	0.499593
24509586	0.498770
447277172	0.495748
14398250	0.494681
287545295	0.495075
84119348	0.494947
236541422	0.510161
62387220	0.492970
2316645626	0.494176
18622869	0.495014
53725673	0.497181
1422790478	0.496369
1112972713	0.492565
443265529	0.501310
335476450	0.496499
1870463754	0.502390
714409014	0.498703
344516847	0.495768
271007688	0.491781
1387919042	0.496949
627838899	0.491587
33205490	0.487833
1328762540	0.500558
284664892	0.493272
1265860620	0.496330
619541619	0.496326
249327401	0.497430
1023872718	0.488656
138531540	0.497531
22076537	0.488326
49969221	0.492990
21346197	0.498653
1431454158	0.493729
24745957	0.496843
626001129	0.488675
1345850192	0.497612
243502423	0.495756
414543577	0.488769
59281449	0.498693
270792742	0.492292
325830217	0.494444
18496709	0.505894
1035443946	0.489824
286799590	0.494555
1539064994	0.501469
624753464	0.497816
291756142	0.499658
35013862	0.486716
1849074780	0.495012
171598736	0.498040
20209807	0.495805
1431884516	0.497445
15923226	0.493946
1209417007	0.511575
2161486428	0.487068
215346722	0.497919
562618381	0.495045
125208664	0.494636
625296182	0.493463
36691808	0.491809
17680840	0.491525
731524644	0.490806
405785853	0.495619
18566912	0.499564
1444416162	0.498544
930009097	0.491701
836709230	0.492529
432771620	0.492528
50370046	0.495195
287896740	0.497964
193076432	0.496700
216355557	0.490798
24448865	0.501074
378547255	0.493282
24195214	0.505317
41017380	0.493865
540241441	0.497810
39803436	0.495667
271593651	0.487723
232127685	0.495690
148348430	0.490064
1413602821	0.492652
524724189	0.499803
249288197	0.499785
63169388	0.504987
19693903	0.498968
15769734	0.500205
1884258127	0.491245
158397501	0.491511
25382456	0.491373
628559456	0.493421
620708331	0.488812
1872933859	0.498692
23951197	0.507959
2185601035	0.492751
85342505	0.499627
403539769	0.498518
321380757	0.496257
422076926	0.497970
20469722	0.500211
776698136	0.493709
1092750030	0.491596
50552213	0.493563
19201438	0.495817
157305077	0.497382
213207055	0.489689
130274805	0.498972
348522887	0.497319
2309440500	0.490289
143489158	0.497064
783749288	0.500166
559073634	0.491375
562640547	0.496291
608902626	0.493374
49194495	0.489350
20880535	0.498904
1210072844	0.495865
54606494	0.501633
81021861	0.496583
18277655	0.495975
33537967	0.500505
48354257	0.492988
107620932	0.496342
14540659	0.495095
1636639214	0.496074
365239637	0.499615
15941955	0.492768
1342502834	0.496327
569212271	0.500391
971412384	0.488416
295685416	0.509101
1963246038	0.490571
250736913	0.493024
1310708510	0.489569
50634125	0.494251
1539300170	0.496025
1109679128	0.490704
253654580	0.500271
19563355	0.494838
15458694	0.504639
230100284	0.499375
10615232	0.498372
1045853744	0.501672
233949261	0.517595
593718490	0.497043
1186810890	0.484603
1186874899	0.501348
288886063	0.490576
247517295	0.489560
30437038	0.489999
63796828	0.491771
915781920	0.491469
18915145	0.496242
76348185	0.493721
1915018465	0.501309
22698090	0.492008
20608910	0.497356
87714473	0.491460
1237704769	0.501796
467823431	0.509960
249410485	0.503241
108052596	0.498306
1316483802	0.499236
23365717	0.499282
477583514	0.491351
200870788	0.491726
33655490	0.505482
14511951	0.510600
933487722	0.494461
430343685	0.496229
24477294	0.501020
234812598	0.511211
94103877	0.490294
180197930	0.499939
54207182	0.497773
318711662	0.493546
1347830329	0.495258
22812434	0.495142
14110710	0.502485
15918353	0.493110
15554922	0.494655
254174408	0.496119
53420694	0.491487
1979395855	0.493342
462285708	0.496105
295805574	0.504416
1072467470	0.495574
20621911	0.499912
759316808	0.497499
1325640288	0.496411
109071031	0.495536
2175130770	0.496200
4389861	0.496702
231510077	0.492970
15764644	0.501742
15212187	0.496299
127074099	0.497362
43963249	0.502179
27311044	0.501473
1183912596	0.499941
1225410018	0.490339
2192362761	0.493769
589869443	0.495996
240376522	0.510743
424522799	0.499741
351133674	0.491129
1692578893	0.502007
18217624	0.501127
250462634	0.490366
134302187	0.489750
303920466	0.501214
1346817602	0.504574
1686565519	0.498641
61313751	0.500180
743167003	0.497975
39787282	0.498542
118941676	0.494324
26305670	0.493941
418269619	0.497571
1070943116	0.500709
209151429	0.497738
26820795	0.499418
806186582	0.497249
442610682	0.493041
15584433	0.491751
703759688	0.498394
631648466	0.499789
127908221	0.501096
1551310284	0.498309
2294530717	0.495141
1176615978	0.493659
1465964245	0.498806
192041694	0.495052
74960018	0.501708
584583739	0.497049
2188340009	0.497321
32537213	0.498053
121656624	0.493082
586730005	0.493670
1007065914	0.496571
417664241	0.492816
16557756	0.496259
788006827	0.495943
46499643	0.491846
80612021	0.501329
2362779882	0.499337
14345062	0.517937
146263776	0.496489
334127852	0.487405
515898679	0.491599
66209943	0.499161
1673504017	0.498115
224766531	0.493383
2242638817	0.493961
210926192	0.503080
1031118500	0.487158
1602268826	0.494773
399502932	0.501856
242761889	0.498993
355881289	0.492442
48425512	0.498281
27242307	0.492554
18137749	0.500587
21111098	0.497808
724658815	0.496259
70587562	0.487258
112740986	0.497776
594582597	0.494854
1155212191	0.502155
67776968	0.499075
50128726	0.499808
29898014	0.494758
28382250	0.496523
39424870	0.499360
1187949900	0.493034
2340869731	0.493177
53503202	0.495618
16930125	0.507349
242892689	0.500895
1430814439	0.489691
118540429	0.501692
2294105892	0.494419
417393341	0.492845
16739711	0.494229
312435184	0.488809
56864092	0.497491
221793778	0.524883
17750784	0.494545
427742683	0.496215
1190825605	0.497363
26596727	0.497791
569666511	0.487070
1480218668	0.486874
26424123	0.494874
29751942	0.498142
497535334	0.494659
20597460	0.493193
11651202	0.517625
56440142	0.502967
492480327	0.489830
935398104	0.497285
323166438	0.492089
16474026	0.491796
174369590	0.497233
68888437	0.498903
7350652	0.491353
133832049	0.503695
131149247	0.500233
346045240	0.492388
1655093820	0.485913
1080732656	0.495779
119527861	0.499964
1611680690	0.487641
1620243926	0.491253
237750442	0.504250
38516217	0.492960
1705042116	0.499461
422964271	0.491653
2364631970	0.490992
1925431584	0.501941
50731463	0.491122
191688736	0.495565
235190657	0.503057
204881923	0.493685
32265225	0.491475
78569026	0.500758
397382646	0.488954
407053599	0.498281
268007771	0.489590
2467791	0.497511
22508473	0.534275
2435410690	0.495294
1301606089	0.496898
218267731	0.499537
18632666	0.500385
22387804	0.489499
6577802	0.516736
2288502470	0.489472
1122064316	0.498979
14925704	0.495701
156029105	0.500887
20113797	0.493284
79022250	0.504841
17033503	0.497805
484134207	0.498270
29793493	0.495021
2161537962	0.488436
718468320	0.494595
67738195	0.501026
44215945	0.490855
221496713	0.500709
788081918	0.491411
860733170	0.490993
23387115	0.489183
22812754	0.498991
98929990	0.497221
297940478	0.493702
264221149	0.493808
18056015	0.492992
62770351	0.498824
628760912	0.490385
587783109	0.490934
58379000	0.494303
121841737	0.497256
39279393	0.502740
92071963	0.500292
127870840	0.492679
22012091	0.506405
272019676	0.493401
346885718	0.497283
148086041	0.497658
787373558	0.500183
520245212	0.493970
497546508	0.498611
557806506	0.496808
186430550	0.491772
41377639	0.496560
49045755	0.498789
798420806	0.497742
1006482620	0.501284
154139987	0.495373
1915752144	0.495057
1308601632	0.498155
1326751968	0.493461
242618658	0.491381
24045931	0.491495
297532865	0.500108
24670782	0.496491
59888738	0.496561
71358042	0.502890
46724483	0.487603
1468560242	0.498854
1267462094	0.491919
277750492	0.494056
542842941	0.495802
176135285	0.499601
36394602	0.492235
76350004	0.507801
50150341	0.491882
233346654	0.491428
109287731	0.511209
1686107834	0.484164
1093441423	0.500246
6092972	0.497969
250719718	0.493342
58492046	0.496553
308721230	0.497390
29766367	0.516440
759251	0.494294
393821580	0.492343
77839894	0.494891
1716914930	0.493003
10102032	0.494212
82649553	0.495849
1653370998	0.496032
1362944844	0.492030
61906286	0.496436
1932803906	0.496798
221447516	0.522151
1905156690	0.490514
830918346	0.500144
12788332	0.510890
33622411	0.500893
62354707	0.497300
1621009105	0.493535
104727439	0.485738
24913074	0.503258
106591004	0.490637
18221712	0.492081
5357812	0.499369
103335794	0.497230
905020056	0.491444
15603311	0.498971
15762842	0.489051
15555056	0.493346
115979444	0.499297
2361890355	0.492013
575344793	0.485652
157382927	0.488697
16062766	0.500336
218779638	0.498499
2302483196	0.500241
1655816936	0.491502
454947269	0.497375
470366309	0.496250
16130949	0.499451
2409239300	0.491336
270370405	0.498785
29293808	0.497378
244268646	0.512984
16742053	0.492246
942156122	0.514405
703561088	0.491541
382534366	0.493467
17065503	0.499034
1296038210	0.497301
359596838	0.499484
227088228	0.496830
813286	0.494818
137571771	0.489025
1234286196	0.489138
14849664	0.495045
140959145	0.491583
148453195	0.495947
301090775	0.490230
14800483	0.499292
792608948	0.495730
950783972	0.493870
220241174	0.496030
381413722	0.498251
119250381	0.500694
24299006	0.497245
389840566	0.515822
36777778	0.497039
88806753	0.522882
415780303	0.491226
143779492	0.495123
614542142	0.498830
333504114	0.490114
29848453	0.494185
65919935	0.497098
44682276	0.498571
593813785	0.495675
582931822	0.499101
31801993	0.496452
94366606	0.490330
162784542	0.495922
330816212	0.500113
448923637	0.491492
1096507650	0.489508
15428227	0.514096
411997494	0.495898
2252899873	0.497715
14293310	0.495301
40402146	0.492837
18811140	0.502741
1365917090	0.490428
273098660	0.495661
88976164	0.500441
23970171	0.512925
1347674623	0.492490
223523798	0.493404
15014405	0.494516
1347436638	0.499259
2836421	0.497652
15964588	0.485207
38254095	0.502302
37094727	0.496414
64161351	0.501306
372345957	0.488987
14672279	0.495779
16030518	0.497261
91137301	0.497396
240663096	0.497016
247334603	0.502943
20957491	0.496338
26841582	0.500612
28238988	0.489055
30673492	0.492740
35518656	0.497068
322737879	0.499262
1965801554	0.491728
47614124	0.501441
71281860	0.503252
721052064	0.497258
1949611364	0.489318
18008330	0.506186
148006729	0.494676
1301328822	0.495928
1183811947	0.500084
17906632	0.492263
155680896	0.498702
26111775	0.496138
349219528	0.491196
86364947	0.493901
2181453624	0.492767
26316100	0.498057
1556756886	0.499648
20002401	0.494594
19269183	0.500924
321119379	0.497663
1300124792	0.501134
563844379	0.498258
751806494	0.497951
33027306	0.491145
23117388	0.496445
819528355	0.488030
267217520	0.497543
886986138	0.493576
497551327	0.492480
59568948	0.493515
1716366295	0.490233
1905833168	0.494987
448169106	0.496602
148333607	0.495905
289374103	0.493679
360191435	0.492077
450786176	0.493790
23617145	0.500217
317193393	0.499931
144189766	0.489630
279964598	0.494860
1120931132	0.491845
1137600571	0.499801
33060832	0.487414
18480494	0.497131
292990703	0.501601
1117009244	0.496771
33576489	0.497013
17848544	0.502396
463918261	0.493523
990635636	0.490059
18213420	0.490861
214179002	0.498494
195070336	0.497729
885789362	0.499137
22831059	0.507304
22081190	0.483984
153486399	0.499622
236480864	0.496457
37202770	0.494422
374161639	0.493970
1242109014	0.483756
211530910	0.508222
1606703838	0.494752
348857253	0.503552
167856299	0.497452
502440556	0.489410
14529929	0.506868
631876809	0.493918
1902537799	0.487158
700126891	0.494722
20444702	0.492582
32789881	0.498546
67906573	0.493851
1032703770	0.499772
7334402	0.498400
19245431	0.501928
110924703	0.497934
198523967	0.496424
1058345042	0.506679
2296636404	0.496239
15471838	0.496747
1702539968	0.492877
20376424	0.492278
21509894	0.494217
1388590928	0.499966
429181880	0.495365
1073212812	0.494806
283657826	0.495711
460656473	0.497718
1277984012	0.491230
165533941	0.504349
42638402	0.499559
337752039	0.493318
1393599296	0.498499
114607567	0.495200
1144145946	0.502326
377702207	0.493081
237814920	0.522770
851621377	0.493549
1487887076	0.492099
1852819452	0.490966
109280446	0.500194
1665719612	0.498403
537156670	0.498036
411526571	0.495999
488127904	0.486092
34270503	0.499081
95602718	0.487445
191208249	0.494221
21351432	0.499175
592019654	0.501241
385429543	0.497683
234937222	0.500102
26194384	0.490572
47975734	0.493449
1023320856	0.491378
211901075	0.501576
271552521	0.486028
1222283971	0.499460
2321129046	0.491797
1722842137	0.487859
1540496365	0.497452
10025982	0.498564
17530189	0.496707
123667924	0.498680
1962564906	0.488685
110893482	0.492431
93575832	0.502981
40750718	0.493940
960962340	0.498375
222195455	0.492772
16056306	0.495549
1074129612	0.497916
60801758	0.494278
21426423	0.505442
319529691	0.491740
161411080	0.496587
161791703	0.505747
939621458	0.501538
16703058	0.491954
301081520	0.489282
32010840	0.500196
834525002	0.494895
26809683	0.491769
202206694	0.498174
520778762	0.497014
8775672	0.494833
317608866	0.495618
24184717	0.498435
1356531588	0.492941
713463571	0.491976
176260948	0.498249
278005891	0.494364
36737855	0.498067
35758513	0.502626
17896154	0.500595
217550862	0.494563
1110920106	0.490816
1931992778	0.485204
1128781184	0.491480
29865139	0.496897
977369880	0.493175
62330632	0.492826
34340464	0.512324
1033532365	0.498312
830430216	0.495389
155642785	0.496055
1154667132	0.497233
1080602371	0.487310
360605502	0.497989
63787812	0.493480
30027177	0.503662
2369234174	0.497946
5741722	0.497292
551698752	0.491018
545501375	0.494666
1596947036	0.489915
1449407450	0.494524
326551457	0.487877
95509057	0.499065
423688722	0.498938
328258374	0.490805
705661256	0.494611
496786334	0.493659
1879871294	0.493335
2374720591	0.490822
1954751917	0.489365
550401754	0.502289
370076582	0.500149
18820392	0.492525
16298388	0.500892
348861268	0.499128
1623282788	0.497672
14124614	0.500458
36588739	0.497665
88784440	0.501729
16804072	0.493931
2356356972	0.497892
1258312562	0.496334
43216755	0.495260
703640660	0.501215
896620178	0.494720
122473388	0.493689
234906311	0.498695
16018516	0.502124
586045941	0.491891
1115633996	0.487840
485139684	0.494550
1352594924	0.499409
1621076712	0.491634
175102610	0.504341
63749707	0.497833
20733972	0.498279
17291452	0.493305
20906882	0.499048
615181714	0.501440
78966155	0.502648
1430524482	0.498301
21669223	0.493630
8870632	0.493734
14730894	0.518489
1959864463	0.494401
21321475	0.491467
272520742	0.497659
19918558	0.493492
1959387662	0.499208
14216438	0.492217
492378372	0.496304
1154894353	0.495351
1463550048	0.493211
24305421	0.491106
26265640	0.499482
382441782	0.500525
856549532	0.493845
235271965	0.510974
314335929	0.503103
59969802	0.492586
74058012	0.496519
347877928	0.495954
30500021	0.491444
716563918	0.499942
2255274860	0.496210
411766612	0.503316
39793438	0.494203
41634520	0.501781
51228911	0.500789
247496974	0.500950
234374703	0.499607
2168350939	0.495847
455037005	0.491268
267781214	0.498780
26324609	0.501113
17487795	0.485700
339852137	0.507641
230761725	0.497023
14616459	0.500669
1556371026	0.500373
199325935	0.500426
234927299	0.498541
109025212	0.504756
225326840	0.493975
1363394484	0.489397
75367781	0.532717
343171266	0.500660
15600527	0.516210
89526574	0.495721
523397097	0.492344
1092979962	0.515672
63804234	0.496170
206716135	0.495509
260841091	0.495122
47470008	0.494290
68198447	0.500403
2377726519	0.494335
1221321108	0.488464
205420257	0.496531
1243902714	0.501825
1049460835	0.499984
49782398	0.495936
1246599554	0.496147
113420831	0.498858
62907908	0.492609
72874723	0.496235
236899846	0.498846
1891157910	0.494944
505932430	0.490250
85778445	0.494588
270067927	0.496413
331268118	0.493805
1201520622	0.493678
538416721	0.491995
359950567	0.497195
6794502	0.492297
1263944875	0.490266
58287227	0.496075
338553588	0.500597
213182436	0.499218
46176168	0.501739
142721190	0.496603
943501040	0.497784
71070614	0.488494
18317325	0.510355
1065995022	0.519928
21941446	0.499320
87055347	0.495064
259950795	0.497207
506091865	0.498540
1581759588	0.495133
547839797	0.500949
1697235505	0.500423
932421955	0.488903
46016028	0.493846
25768647	0.498812
17074440	0.507880
1143929599	0.491101
2254857197	0.491303
631543401	0.487326
959687432	0.501416
97368029	0.497517
32774989	0.493281
415981838	0.500538
180287231	0.497919
472541504	0.500575
1482327366	0.497036
454953162	0.492711
20552026	0.494120
180895768	0.491883
14275291	0.498851
2324036732	0.496052
346030501	0.487437
14135426	0.500418
191005134	0.499645
14389132	0.491773
16472624	0.491597
286363562	0.497867
163586067	0.497117
390292636	0.488482
991821667	0.493038
20449956	0.492588
1693751167	0.495976
1658254478	0.493439
268496469	0.495763
1497383952	0.495869
1313165581	0.497896
1532014123	0.497353
139574248	0.493829
99157266	0.497153
83200882	0.487670
2317860566	0.501505
216481299	0.493154
805777398	0.489038
361365479	0.498679
97171189	0.499278
807095	0.493338
391413865	0.495686
89820928	0.498552
246499208	0.492774
85606078	0.507818
435877117	0.490725
16385104	0.498629
24135119	0.496753
276763538	0.501264
207731256	0.500004
190699396	0.495917
1870898497	0.491956
1104083418	0.498542
52992670	0.490584
27676828	0.503813
310912778	0.494122
47056405	0.496545
352643501	0.495617
252115520	0.500243
47402168	0.491121
404542591	0.497710
594870776	0.498256
240327228	0.492840
263975503	0.501635
1068990122	0.494066
261263905	0.496659
1357427004	0.501305
19253918	0.497428
586032653	0.491718
451967996	0.498052
18793575	0.497235
23712174	0.511212
252819642	0.534080
195019882	0.494884
18244206	0.504441
8953122	0.487117
33655512	0.495695
19926675	0.499450
287861586	0.497928
323239103	0.494625
17439675	0.494098
18967498	0.506052
29598035	0.503311
796737758	0.490958
180396181	0.492617
305389392	0.490233
85353299	0.492136
1423715941	0.497097
17282256	0.492206
1322558402	0.500632
430830756	0.497621
1733849666	0.492468
449959102	0.490135
733751245	0.495880
1558893368	0.496674
56653367	0.501152
39191258	0.498214
498961346	0.490352
300515560	0.496277
539866149	0.499328
225988631	0.500073
78431501	0.493258
76392970	0.490990
248791332	0.499249
1117640744	0.500262
118152495	0.491780
15751083	0.497258
22262553	0.489318
1905298878	0.491753
1443203875	0.500270
39308549	0.466578
196147086	0.495407
47891535	0.498054
15029174	0.505195
273795671	0.495763
237944147	0.499396
1738425180	0.490231
758067224	0.495993
424263083	0.496050
456911539	0.489806
64022803	0.492195
262424195	0.493614
1699808366	0.500545
360427514	0.489745
169472184	0.497663
293254420	0.497173
613725908	0.510279
485264526	0.501418
778724700	0.497182
427024774	0.499475
1068626984	0.485631
148565166	0.495285
29896465	0.494958
15281676	0.509979
20713061	0.497186
193732179	0.496740
1043702834	0.493926
398232779	0.494260
1516830966	0.498588
864768235	0.495296
2417754469	0.489313
356390382	0.500061
712959254	0.498485
180846791	0.497683
158495061	0.490865
64660952	0.501547
221792092	0.502654
75785294	0.491490
242068532	0.490729
619479855	0.490574
48117116	0.495614
443681123	0.501323
380371286	0.493496
30930019	0.493502
195955478	0.495084
2192766368	0.494588
30043495	0.511455
126644609	0.492552
76651617	0.489341
386455581	0.494162
49316020	0.498923
236916916	0.511530
5558312	0.496611
80473367	0.497674
44117460	0.494088
330001961	0.489958
373311804	0.498674
1849261916	0.495788
180100015	0.492653
234822928	0.580685
269931179	0.502254
8128442	0.496341
292935209	0.497181
572317065	0.498003
19553409	0.493507
242555999	0.496018
996565820	0.497725
886042746	0.486726
98242752	0.491792
28859894	0.496005
16086967	0.493429
1578519660	0.491129
283265252	0.491658
350930593	0.496490
1002313952	0.497976
2265167642	0.493268
1076928920	0.492159
1944510751	0.500108
22417674	0.496043
49697450	0.493657
31350534	0.497661
1694503231	0.492258
1571660059	0.484752
161344057	0.489552
1189735556	0.498778
809050796	0.492242
22819917	0.495778
1602752804	0.494941
14809189	0.497196
578069877	0.491420
311165745	0.500249
155669457	0.516751
1643415560	0.494166
249339682	0.495293
416686487	0.493459
22097192	0.503212
1927804778	0.495501
1077121945	0.497120
33345380	0.501467
287269659	0.489729
1955581326	0.498747
1860099558	0.494248
137381495	0.496895
1408518626	0.495932
317407076	0.495843
1117953943	0.496427
19726613	0.499651
1935184730	0.500320
201877444	0.488769
7713202	0.511639
57977498	0.491705
87318108	0.498101
9624742	0.493415
19891260	0.497433
254775647	0.497335
15116570	0.497644
1925654095	0.496695
17643209	0.489474
14344823	0.506787
308664726	0.497112
558769636	0.494723
40024874	0.495232
198963912	0.498255
189910408	0.491672
50839205	0.495238
560117034	0.506741
2363258587	0.489987
19739126	0.514233
338883349	0.486645
48086014	0.498327
2282872260	0.494213
33665393	0.497250
205886080	0.492667
135931182	0.491017
800162478	0.496074
373011304	0.491053
7270292	0.493811
17976923	0.539392
104797238	0.491446
2337254448	0.500033
97150206	0.499708
5561412	0.493365
42760147	0.492787
191923358	0.497277
581141508	0.506155
223166587	0.492789
193614775	0.495461
28599820	0.502346
1001025787	0.490472
972323274	0.500568
9855382	0.494102
472632386	0.491640
2230533374	0.493020
2704951	0.497029
1611064304	0.491922
342601720	0.491347
224320485	0.520288
121620626	0.498751
364564017	0.500565
1469735982	0.496733
17768436	0.499930
19543987	0.496073
1374923180	0.496904
234024969	0.496477
16031927	0.506298
755802794	0.494382
29501253	0.497836
1403429444	0.494111
1071768498	0.497678
313344689	0.492279
2288373518	0.493857
250188760	0.493896
891678516	0.496164
1920276091	0.500237
16100318	0.500420
49453870	0.495789
10168082	0.509191
453698931	0.498314
54598826	0.500073
165511812	0.493638
1599284149	0.496319
237299871	0.496771
556000874	0.495526
156975310	0.500579
96662959	0.491083
15297551	0.496647
17513304	0.512873
364415553	0.492925
305145458	0.492983
2366260580	0.492655
394272456	0.500665
237129990	0.497150
1020058453	0.493126
317630465	0.495848
39793961	0.489710
377237995	0.494097
133429379	0.495227
64651898	0.492180
776664410	0.505223
235660311	0.498339
63753027	0.495368
1977097572	0.497823
35829796	0.523670
520950046	0.493637
1521740594	0.492322
1061486761	0.497967
425565585	0.496442
32135704	0.491461
111635980	0.497558
334320138	0.494296
1262814457	0.496783
137068935	0.495721
237926856	0.491908
48075643	0.500756
919804596	0.495927
244985138	0.496207
77418275	0.497609
230981077	0.500148
109274506	0.499145
14634720	0.492026
193872188	0.504579
43955137	0.496959
1878559962	0.500089
2241120434	0.499529
209833543	0.499245
1434486529	0.495927
254277011	0.491605
201453157	0.498738
217137252	0.500128
31611298	0.497310
1517363570	0.496945
51241574	0.495361
162069635	0.494527
356291170	0.487771
474232856	0.501492
1931698346	0.500452
245378929	0.497652
159524468	0.502431
15675138	0.542900
1602221707	0.500916
27088314	0.489707
2256726992	0.491354
248852820	0.497536
108671959	0.496194
136471166	0.498133
21220931	0.503314
233238234	0.497161
557671006	0.498564
1060860422	0.490912
2178681566	0.492182
1535579558	0.484019
22731105	0.491414
260760840	0.497250
72405094	0.493635
18161620	0.493788
338811841	0.499311
1385690448	0.499775
1898897300	0.496923
621293247	0.494835
128235400	0.492509
217912727	0.503040
531481241	0.498087
1399903849	0.500601
114887629	0.500104
5392522	0.493814
269908647	0.499420
339814337	0.491744
326208966	0.501303
2162136865	0.495164
80403646	0.492595
131036750	0.495434
53643803	0.485416
30216513	0.493831
860154126	0.493544
19512725	0.495935
405034710	0.493115
16517357	0.490551
85916265	0.500332
1337252017	0.500869
397430607	0.494608
15727317	0.505386
15159913	0.500817
275098108	0.491187
38500956	0.494672
122770149	0.492922
600991865	0.488848
5496932	0.516417
49649077	0.491055
1627252382	0.500643
260396714	0.508747
37461389	0.492916
1279783315	0.501235
19808819	0.500962
1305465990	0.489412
474451843	0.493563
220580561	0.499140
16102244	0.502440
71328021	0.499193
122146840	0.488496
1827782569	0.489779
15954997	0.494786
754277773	0.492027
1920537577	0.483561
21419440	0.493640
381666107	0.497011
25915690	0.491828
17301179	0.492400
19286569	0.493945
1060487274	0.506400
582475251	0.497340
14984637	0.501873
19257799	0.496644
138770045	0.503773
407744769	0.491560
57860368	0.492182
16129920	0.500033
23121519	0.500064
24392175	0.490384
15417358	0.495349
240363117	0.505159
1140648348	0.498258
167699332	0.491668
1911335244	0.498756
1719880621	0.495081
74164455	0.500960
151200240	0.502319
22946355	0.500162
833990756	0.503983
3108351	0.493557
234469322	0.512218
1693373094	0.497596
351109901	0.491537
247420668	0.496399
538646538	0.496496
16583468	0.497809
14763834	0.492249
382791093	0.496162
322794665	0.489528
271985168	0.489245
21636248	0.494152
555593757	0.488019
61250271	0.495679
207317790	0.490344
575766234	0.488648
1002244244	0.495036
84984380	0.500911
1550794628	0.498778
958081542	0.491617
95978223	0.488164
1305596696	0.501602
15922214	0.532254
15522251	0.498877
978690895	0.491883
62090497	0.500451
791002021	0.495821
2196576859	0.495718
34122899	0.496766
200400227	0.498996
23789790	0.489906
121990777	0.498995
1469446608	0.490854
2178860358	0.497701
470126084	0.493945
615953866	0.490614
15745368	0.493584
42734224	0.491908
1503451620	0.499296
193794406	0.505947
538185166	0.498683
324171587	0.493731
1463325120	0.491843
15918708	0.499780
188194323	0.497426
135653370	0.497306
34402366	0.491513
24463788	0.499824
2284159548	0.500692
34932854	0.497064
48587305	0.498369
302382660	0.496618
199286398	0.492142
1462723416	0.494659
359032147	0.492994
400792588	0.498446
572061403	0.500114
247066289	0.499684
930234066	0.496031
34966987	0.495743
2330410284	0.497327
38067927	0.489437
158398519	0.500689
325804079	0.494745
18873711	0.491434
78403308	0.498126
568151409	0.497027
2311117897	0.495233
110545675	0.513071
24795163	0.491578
454060961	0.494645
357253772	0.498141
19028248	0.506550
74895491	0.499007
801084110	0.493656
16187637	0.515113
1365881617	0.498245
628018533	0.497338
98017737	0.501294
845711293	0.495064
593840334	0.496081
1380763326	0.494980
193978839	0.500287
115166212	0.490897
1009269193	0.499987
2253990607	0.498248
105823136	0.491642
287225290	0.489231
137407124	0.510623
426694458	0.488684
245905555	0.498233
1545715382	0.492904
20078009	0.495288
18060177	0.496463
28969421	0.496487
145292853	0.492955
92055121	0.501117
46263050	0.496476
1736053987	0.494199
2238098360	0.494414
11379362	0.489564
240760644	0.507091
301416337	0.491161
965142457	0.491466
1374780043	0.485907
24260994	0.490258
265529710	0.500996
448077090	0.488858
1157424444	0.495671
218206502	0.484941
25162697	0.500828
1350864440	0.493667
204905640	0.489354
71036272	0.499046
19658173	0.505740
15008539	0.503050
124335509	0.497851
66774077	0.497997
770554297	0.488509
1671690367	0.496190
36654245	0.510795
2250858631	0.488836
15985455	0.496836
1396846357	0.497310
385188446	0.496537
1055730738	0.513134
716984711	0.497087
38039087	0.499558
248252582	0.490178
163570705	0.500436
191728014	0.491687
299802435	0.501857
468601121	0.493584
740417436	0.487227
15856366	0.503144
1665514478	0.493022
11650762	0.493715
270017791	0.501906
31128529	0.519233
27385174	0.499143
393585626	0.495989
296361085	0.497090
293131808	0.501243
976579933	0.502878
228784853	0.495783
332040130	0.488380
309267226	0.498581
41750998	0.492559
68917738	0.496409
1874140452	0.494355
159609651	0.487941
458393298	0.503268
403353373	0.500102
249674727	0.502558
2286252732	0.486421
1080844782	0.486646
1372288434	0.500680
255876732	0.499364
49541291	0.490050
784971582	0.489239
22527499	0.507237
21693764	0.493162
16473577	0.494145
159977219	0.498073
140519774	0.516475
27633572	0.501655
31122582	0.520686
32506723	0.507366
1655680988	0.500780
2245220154	0.493141
15075753	0.513325
588237779	0.492661
1468203217	0.498877
188019606	0.511172
242836537	0.493733
193632778	0.497241
19865528	0.496368
351149827	0.496133
18166778	0.503146
303861808	0.492214
343830557	0.497880
17353658	0.500005
1541893820	0.497246
195271137	0.505117
362597648	0.491621
249219490	0.497322
26122639	0.492299
46557945	0.503473
398269985	0.497552
48263046	0.493457
1128514404	0.495128
1262936000	0.498109
537063930	0.498391
305620929	0.496981
15012486	0.493611
156300451	0.500388
305216911	0.493557
757372008	0.494204
32393576	0.499296
1711193490	0.484434
19151741	0.497583
16814879	0.498037
27705441	0.492532
385288144	0.497721
235251868	0.503856
431990191	0.493061
236118432	0.502439
91032815	0.494222
2367536538	0.498971
452004245	0.499909
135297032	0.494221
166536928	0.506562
1476337592	0.494083
32379396	0.490324
589425352	0.490224
633855519	0.488902
17800215	0.513987
235312723	0.508602
123934875	0.492252
983813816	0.497190
359133002	0.490906
246769138	0.498168
602997805	0.497374
30619527	0.498394
2203931420	0.497116
126980084	0.488846
222721984	0.493085
167507135	0.501163
459446627	0.498949
284744912	0.491938
59771400	0.500449
1096059529	0.494131
1385871187	0.500557
1022263688	0.491042
271958454	0.499271
1540360435	0.490573
765038167	0.491474
16803651	0.496750
18029328	0.501336
2361531690	0.498582
60984835	0.539087
112236901	0.498408
404226735	0.498038
1911879768	0.494659
50452197	0.497178
55896443	0.497250
159292313	0.492018
1883356866	0.494187
314761332	0.495573
26607712	0.501619
21786287	0.498417
15356407	0.520277
2739461	0.495891
161743731	0.516769
270182385	0.491342
349379430	0.501617
57751453	0.497110
1265207760	0.500980
27886115	0.499337
16441318	0.498905
96800896	0.499057
23976316	0.514770
21762137	0.495872
350927143	0.497584
539485640	0.489928
407323365	0.490842
275725571	0.500873
77308668	0.491759
30095477	0.500384
330650569	0.497856
108083058	0.500081
1644805254	0.493104
7356562	0.510985
2305315345	0.490222
360804642	0.488974
919927722	0.502091
15207668	0.512232
1214475872	0.495303
44478497	0.496351
16099657	0.498965
857748156	0.498876
1678290240	0.495175
76381104	0.498795
407039290	0.494277
344109654	0.495848
15035209	0.494492
254805061	0.496814
9300262	0.533537
242426145	0.496853
1902563203	0.494604
1909542326	0.500527
185684821	0.496529
21157904	0.497158
253100055	0.498875
396794501	0.493242
30050899	0.498443
47736933	0.501362
209792690	0.520025
11134252	0.513027
480056408	0.489428
14125897	0.491872
1075843532	0.495428
174847410	0.503100
1173237842	0.495556
610415617	0.492535
30823752	0.496646
14597351	0.495238
316819997	0.501032
32007346	0.498014
356881780	0.498800
323511585	0.498177
43108099	0.491588
49675523	0.496037
299883942	0.507954
1214026033	0.486532
293459696	0.501076
793992	0.501087
2236741645	0.497594
16469463	0.504679
1462357878	0.499980
1852444146	0.494071
288295387	0.498172
63502107	0.484761
323863880	0.497936
93723445	0.488655
85418520	0.490215
405134921	0.499889
2301967142	0.501974
148041415	0.501561
284296658	0.485714
1898624934	0.496174
1444380402	0.500677
554109268	0.501143
2297176518	0.490122
1071900114	0.503036
254189414	0.492958
469674025	0.498785
1422126799	0.491673
327798242	0.497725
80958505	0.491042
393603441	0.498258
181101417	0.492647
52989817	0.510212
818586175	0.492072
2277763242	0.508864
31120881	0.493941
1025653922	0.489353
54686639	0.491926
185049728	0.499029
530864692	0.499964
44195577	0.487845
281162551	0.496966
954172328	0.494213
34850480	0.490358
17750110	0.497485
38036372	0.491470
48115928	0.494257
514929629	0.499003
251656840	0.499854
14173315	0.496717
1884324084	0.497508
281540744	0.497402
18891923	0.527417
257658885	0.490241
1246366651	0.485629
330938673	0.494803
1059240924	0.500928
194536303	0.488758
1339931490	0.501810
518644221	0.519175
431266828	0.496593
432092458	0.488005
234022257	0.512929
47747074	0.495002
73925960	0.494175
450108691	0.497701
278124059	0.495674
473199911	0.494201
196619213	0.491607
227036687	0.494731
1630446259	0.491795
16669075	0.494245
75843152	0.493159
1510065122	0.487311
392998644	0.498898
78130610	0.495183
2203399435	0.491355
1906353372	0.498140
56763589	0.498032
116534252	0.501751
15324851	0.497863
209598477	0.493972
244526889	0.495684
1488969002	0.500661
232992031	0.493815
15394954	0.513392
18805303	0.510769
224285242	0.494367
883557414	0.491731
43050282	0.491544
18548136	0.491379
267938462	0.494440
585206397	0.490502
291676686	0.493493
1939381628	0.498944
309605202	0.497375
77017567	0.491678
779118265	0.497381
751212379	0.492328
245136682	0.498488
115488968	0.500085
2253968388	0.499772
1075666608	0.498129
555473643	0.497349
51267980	0.497563
176646411	0.496521
728565668	0.494595
487067075	0.494907
16054728	0.498477
1055362014	0.486024
47412499	0.494609
337122716	0.502195
870670477	0.484246
1572830660	0.491487
391814356	0.492605
13218102	0.526432
1418013151	0.497476
71294756	0.501430
5660532	0.492972
398165004	0.491256
516642662	0.492863
14587949	0.497958
17992453	0.499098
485842327	0.495406
2234105580	0.492152
19929362	0.494348
151589736	0.494994
45151382	0.501262
381152398	0.519416
21950364	0.496732
326043489	0.490742
233724961	0.501497
462033343	0.495079
186506052	0.499190
75347500	0.493376
449795350	0.494142
701303623	0.501254
1439879557	0.493312
246341769	0.519347
186291444	0.498883
378738565	0.493731
219429281	0.496292
1932363210	0.497875
308276891	0.483120
1580451673	0.502454
74302172	0.500076
360893245	0.498175
1375646822	0.493239
237312687	0.510670
119162694	0.496103
21619519	0.495572
490535112	0.492235
224297637	0.494854
1497534576	0.494094
14308987	0.496917
345261756	0.493462
1255785854	0.500420
18216752	0.500003
2184765932	0.485318
1525086182	0.487169
56538228	0.498866
95166404	0.498553
342945847	0.493174
630802892	0.499709
15350894	0.498115
19616327	0.529668
390522985	0.497888
2287788476	0.494500
624186253	0.493058
621500066	0.492368
24300215	0.491845
1624698122	0.493019
236479311	0.502810
594060392	0.496788
1072453910	0.497494
538086333	0.487830
342780479	0.491275
178419778	0.493680
280206584	0.497501
345555778	0.495629
1125409915	0.494021
93936388	0.489619
234014087	0.502857
473401390	0.501602
993153006	0.506024
19139963	0.493961
41464356	0.486824
506033683	0.494911
590696606	0.501492
1652541	0.494291
235217558	0.497760
425489816	0.500846
235591153	0.490963
22903983	0.488261
344033052	0.498358
946114207	0.499854
770448248	0.490513
19407835	0.509478
26778110	0.498179
1327675195	0.498255
169588591	0.496538
78673043	0.488795
15496979	0.501991
801523267	0.494817
45340027	0.490605
399432469	0.491739
125397444	0.494931
72198806	0.497000
197307435	0.495331
1134292500	0.495960
20563979	0.495711
164707575	0.494893
14617444	0.492558
263414131	0.495315
31006603	0.491436
201079432	0.512928
1149312193	0.500033
117974827	0.499469
89814216	0.491823
238861711	0.495018
253149069	0.493756
34666990	0.497487
555845120	0.496537
80111837	0.491640
1406277577	0.501158
529973619	0.491055
950328072	0.520536
153944899	0.494153
1335517206	0.502882
242376736	0.500539
584351142	0.502983
1183865954	0.499760
368977925	0.495098
75398827	0.500328
224294785	0.510236
173363468	0.500675
388958868	0.496990
133864713	0.498868
91179070	0.499963
289530036	0.500601
143889472	0.501729
51284800	0.498941
233601235	0.499329
250710495	0.495450
15434632	0.493444
36183582	0.501591
441425863	0.498930
221614578	0.494535
439596778	0.496448
20841089	0.494498
575385464	0.484364
40526985	0.491860
248850174	0.511129
37920978	0.498010
15939889	0.493856
1490306108	0.494168
433079096	0.500286
463132556	0.496480
2312281051	0.495585
1458461443	0.488117
19877680	0.501901
377773483	0.493600
180142423	0.493316
13067732	0.494129
38787045	0.495369
1143060714	0.490005
452413225	0.494302
18043103	0.498336
1282568923	0.500306
339172700	0.492225
112604826	0.498976
1229226714	0.496079
249834165	0.501631
2305350474	0.498012
2377621136	0.499587
18289929	0.502399
366228554	0.494986
24742936	0.498501
85634199	0.502829
93288759	0.500078
1051127714	0.497976
197290856	0.492322
20071932	0.495216
48807726	0.492966
486380694	0.495294
168666357	0.498415
215909539	0.498933
168673083	0.506341
47632905	0.500709
1069918782	0.492179
28252475	0.488407
1123683068	0.496322
2314336918	0.491407
84129740	0.495930
229197216	0.519883
247850985	0.483772
2369496272	0.488382
85970738	0.491422
15715842	0.500342
153919023	0.498969
499978095	0.491747
1365631760	0.495698
389759292	0.490291
38465240	0.494404
1512666349	0.495289
1656055824	0.493000
1662929678	0.486209
117197307	0.487082
991357832	0.494209
34438002	0.492739
104631905	0.486394
1262623074	0.487874
132278386	0.493372
15948219	0.494756
1011705054	0.502604
251728316	0.497462
20495104	0.491541
612716532	0.497508
110050273	0.489207
113214730	0.497372
237770636	0.518299
247596046	0.493575
62543872	0.496665
123282266	0.495596
133439172	0.501859
1037084538	0.493992
111632324	0.495202
534405915	0.488042
276197098	0.497292
77664666	0.489838
1394549060	0.493224
2199888721	0.495263
225921757	0.507626
91744236	0.493086
428333	0.493265
85634177	0.493349
255829884	0.491263
1328123624	0.494041
325717986	0.499801
266830495	0.504270
611834439	0.498772
960696949	0.499183
15572155	0.491370
433791263	0.497929
1636291356	0.491135
19912734	0.501304
337932925	0.494913
543822491	0.489950
49634881	0.496017
468930111	0.496380
620298978	0.496821
349947276	0.493973
60638933	0.500371
282775291	0.493648
26677801	0.499033
23035691	0.502433
534599939	0.498952
195042501	0.491440
50325797	0.500583
65453528	0.489779
2321775476	0.495346
229592356	0.498817
1071764281	0.490765
2340967118	0.494132
1223102983	0.492353
122719755	0.486526
124196924	0.492850
17525171	0.491472
52503751	0.498829
76452765	0.494478
1634852712	0.488804
1172636797	0.495753
33977070	0.512259
21048033	0.493501
217543151	0.526941
1726999796	0.496665
401955731	0.491779
948491592	0.488764
267583652	0.498927
225242868	0.486307
487906127	0.494756
286898862	0.493256
605098090	0.495079
1071102246	0.502952
1075551668	0.491879
1441675236	0.500485
206428391	0.497374
325298865	0.492129
1626115357	0.499987
600737301	0.489073
43476440	0.499797
1061385474	0.514533
362052555	0.492750
281509650	0.498607
1228818295	0.497299
516131688	0.489061
1222257180	0.514723
158205177	0.496219
28889556	0.500294
248004920	0.491054
23632545	0.488905
1023236538	0.498631
24737755	0.502264
41406567	0.499427
117197740	0.499955
69715433	0.498853
74198348	0.502883
463606038	0.495466
1061006802	0.489820
575749942	0.495255
115754120	0.488449
15448332	0.489081
1131203611	0.500397
298059168	0.493876
610325685	0.489542
241207373	0.494537
1332628436	0.490827
1925656796	0.494435
211254250	0.498318
851120473	0.487922
108619944	0.492140
95070642	0.497262
450708486	0.496941
257170128	0.489147
154648736	0.493522
442824717	0.492439
1571215884	0.494440
308563367	0.499928
1440997712	0.500308
19793648	0.493838
1536065244	0.484371
122207745	0.496747
362654346	0.491662
78369108	0.529742
14859559	0.499162
318464838	0.488242
425527664	0.497987
286034058	0.500573
1552818054	0.492007
37766935	0.502614
266772387	0.497800
986188543	0.494910
1372431026	0.496001
282233418	0.501412
308748838	0.490384
256178459	0.498019
70156027	0.493133
407584834	0.496411
633131271	0.488557
1072382221	0.516080
1437466362	0.499020
373883896	0.493099
1901113928	0.492291
1484301392	0.493030
799658150	0.493149
1198766904	0.493159
785414496	0.501573
84677520	0.490437
1797991	0.492425
608182396	0.497606
170767454	0.491993
15361570	0.507876
9508922	0.498256
376477453	0.494434
190160433	0.488476
373326597	0.497923
122212010	0.500522
44127294	0.502538
22797378	0.501458
1592481150	0.497651
233842454	0.515122
265155317	0.490653
564225302	0.487224
2358445766	0.497998
127894579	0.498962
30313925	0.493601
1058717720	0.508932
20641972	0.492983
1877628114	0.499469
1412998502	0.493037
40466049	0.495629
1008962922	0.491380
13383292	0.499042
100330676	0.488324
330583779	0.484886
5692662	0.491844
1494474121	0.499976
566631178	0.487116
237781383	0.508934
2251095308	0.497054
975200486	0.500731
16712666	0.490812
1656884071	0.497634
1355831521	0.491986
279634424	0.487259
29610442	0.491459
8542882	0.521470
18724011	0.496729
237348797	0.502678
248699486	0.510136
633825457	0.498407
29929730	0.491198
18916432	0.493372
19518515	0.495966
52537790	0.499487
455041792	0.494735
253016264	0.494205
116518445	0.501975
533702418	0.499687
29710286	0.495716
26976860	0.488631
25086658	0.500013
1969641703	0.491529
189236855	0.491548
23536035	0.496011
617382180	0.494859
2281176661	0.497867
1917347892	0.489616
1305481388	0.500779
761840588	0.496722
16560935	0.496382
180032621	0.500711
294965312	0.490912
380001296	0.495422
398990591	0.500842
133448248	0.497995
1608892718	0.487793
409799018	0.493504
1622931326	0.502469
36126319	0.498854
156075520	0.500071
5031151	0.498950
340296149	0.497644
378096410	0.501776
242993672	0.492852
