14412533	0.500053
2163623972	0.504173
249222850	0.498210
1281503318	0.494184
387984038	0.494802
1206306506	0.494221
57931553	0.488500
2258783241	0.494434
63160932	0.498388
25198840	0.496997
15289825	0.498788
1452476780	0.490278
1086619808	0.488500
1623308912	0.502001
2194801027	0.499329
20467163	0.505639
19824430	0.496799
1739650556	0.494591
59558161	0.485814
1444015610	0.499232
804861259	0.492383
252254916	0.489777
40057701	0.499028
2375722164	0.496326
451032276	0.492015
1120298527	0.488313
16860684	0.488090
187414539	0.499469
479674626	0.490690
19394188	0.495660
1155335864	0.504593
20635633	0.499396
248718904	0.514281
252644673	0.486378
534680801	0.491081
932446728	0.492971
235373000	0.501451
1377700518	0.491060
437741704	0.487261
414516629	0.488150
46807181	0.491092
1691930744	0.496606
153694167	0.496252
16705010	0.495705
22509598	0.499438
31054788	0.486605
1545781357	0.494765
5990782	0.499209
239949176	0.504234
174879603	0.499397
547778460	0.496738
15993122	0.500767
44209472	0.492814
17811916	0.491248
37131103	0.499975
83932732	0.493537
22006412	0.493778
132201224	0.500564
1647266078	0.494049
126632552	0.496125
16789970	0.495340
1183998762	0.500592
317216233	0.501076
354493762	0.488272
24773493	0.510199
119899270	0.496531
414774285	0.497808
1252129242	0.484687
295868971	0.499808
19186003	0.498271
564908956	0.497275
528484792	0.495969
2291373043	0.492186
2260662498	0.494030
40523440	0.488495
471606410	0.498973
25668918	0.495791
320787415	0.496913
383393464	0.489363
463890972	0.492234
48366585	0.500858
239584537	0.500885
1357793240	0.488688
51535196	0.494716
22930392	0.488228
35137957	0.495441
199317006	0.492113
197628846	0.499034
223360975	0.494887
29157809	0.498528
776063954	0.497228
277107570	0.492704
873631776	0.490362
18943752	0.498880
492616846	0.493625
75927706	0.497886
1334517175	0.495678
29205600	0.496212
182815759	0.495044
54412900	0.493189
860696202	0.493224
171813900	0.490874
19312039	0.492390
1009921273	0.496935
717888988	0.501157
536281139	0.496012
474326839	0.492056
237763317	0.508432
164732631	0.491053
18890707	0.493514
18696134	0.497497
217454584	0.490721
25168293	0.494073
13491312	0.521832
311789873	0.491405
467801778	0.496954
216881337	0.498052
35998429	0.496532
16256269	0.514787
1226281657	0.490893
47127416	0.494994
598384016	0.496131
456986241	0.494881
9532402	0.498175
26459660	0.504033
35060071	0.497317
424122984	0.499620
164007407	0.506015
1127447660	0.492371
728708694	0.496013
40367637	0.493748
1367531	0.496947
89657363	0.494212
10375552	0.491127
28480805	0.487878
1328434170	0.488737
1055907624	0.493752
28856628	0.486479
1915916724	0.497397
708309848	0.491679
108052620	0.494698
11348282	0.492621
104615577	0.498264
15697940	0.495004
1925127612	0.490859
1222580420	0.497231
254310640	0.493501
201791908	0.499273
1189780298	0.491791
502184923	0.498040
25124372	0.494946
2237923975	0.492291
18909919	0.497275
384913290	0.496765
177028305	0.495079
266133081	0.531283
249348006	0.497417
96386080	0.499957
66369181	0.502152
277008614	0.496965
254859330	0.489209
237460752	0.497926
2360123726	0.499352
343588320	0.496567
22113371	0.498281
2221362486	0.497605
1025521	0.504551
79729138	0.494325
1060984272	0.502174
358606388	0.493533
23220731	0.502006
325691585	0.496599
1408162200	0.488912
274824692	0.493543
186299824	0.502654
612117635	0.492748
35762860	0.497546
19216998	0.493499
409522947	0.491865
112765894	0.498682
3135241	0.495917
280346878	0.488038
220208804	0.495373
116141817	0.499394
611886875	0.500454
73303753	0.497301
25226477	0.499225
331678866	0.494114
261918703	0.507994
561628839	0.493736
47544979	0.498724
790097610	0.496997
1718400349	0.500039
15092872	0.496617
1676771268	0.499017
28785486	0.495475
183637495	0.495890
521926535	0.497516
124062781	0.488297
241771567	0.493860
31210583	0.489748
379378754	0.490068
576268700	0.488606
163209579	0.495487
1066076640	0.493385
93189203	0.497978
939091	0.493601
254557147	0.493075
63506775	0.499221
240839950	0.496352
172662933	0.491532
618586017	0.490430
85616770	0.502105
1091456496	0.500096
267889663	0.497799
160647819	0.488765
510516465	0.493040
18678924	0.499933
35081819	0.501575
15980436	0.496622
20618764	0.501676
1689821791	0.494105
356199275	0.498759
2205359364	0.493415
211420609	0.510094
21631487	0.510974
722800129	0.498189
547174027	0.492066
116748080	0.493464
1057859527	0.491893
27136225	0.489625
269893425	0.495513
1921776680	0.488777
2196548623	0.498992
124224165	0.517275
519728645	0.492727
25214807	0.500146
85898279	0.487097
961520071	0.493125
310608280	0.491243
558895964	0.497199
72831557	0.490550
622198206	0.491177
1027156464	0.497784
18294521	0.493277
1725039222	0.497170
222320264	0.498643
251408532	0.492766
1542493423	0.491147
543154345	0.494788
259834782	0.492217
21873714	0.485639
108376246	0.498845
16614802	0.493386
371887563	0.493422
1090002997	0.499527
93552029	0.494972
17111550	0.507082
372503594	0.494675
20015903	0.508743
934933188	0.496374
332340557	0.492483
944917346	0.491574
2370786962	0.493079
78941245	0.497016
103727818	0.496433
351266014	0.499154
1607546875	0.489074
99949940	0.495087
1713542732	0.492556
237600102	0.485391
72129678	0.495888
180389279	0.503175
2179040628	0.487780
517911880	0.487895
2310494503	0.497058
2293131060	0.495941
218357036	0.497601
558831200	0.486947
402190452	0.494658
97239626	0.493403
11883722	0.495513
394303189	0.498104
110420252	0.488444
61842393	0.499782
357580948	0.492914
1496512904	0.495186
425889480	0.496087
168830539	0.494407
15710384	0.492056
23109966	0.492706
34773320	0.496103
1469869638	0.492324
198323147	0.495909
29584150	0.493750
322781751	0.492782
976969338	0.516381
748531489	0.490651
886946899	0.489114
397584127	0.496759
234057152	0.504540
26083271	0.505466
26144769	0.491012
287811065	0.488435
52763281	0.494478
27048645	0.489048
28336822	0.483913
131791939	0.486652
81919296	0.492622
306001688	0.495132
125984383	0.491980
1262557194	0.492120
506462653	0.497055
85396297	0.516288
233557728	0.486543
252819323	0.498260
238314303	0.499754
296068607	0.495590
1058807868	0.515063
49986081	0.496864
14081659	0.499499
452700445	0.494449
207116000	0.497879
1356966632	0.495872
49171436	0.495495
855057596	0.496990
1340326969	0.497423
598123678	0.496673
966442267	0.501803
326210627	0.498064
108617810	0.505045
221508042	0.497764
39322371	0.501579
31285825	0.498079
97298155	0.498580
98910693	0.493568
1912048351	0.500198
547416793	0.498195
868637460	0.492537
189904289	0.495186
584012853	0.507462
176134825	0.494366
606101503	0.491639
1469528666	0.497311
543635294	0.495173
360436349	0.491697
481000411	0.496139
326196796	0.500089
1120550322	0.501030
192441406	0.489729
272542662	0.496850
904655414	0.490635
1060370282	0.496602
121469977	0.499722
73931897	0.500866
46004597	0.500820
1447399590	0.498927
1201824876	0.490823
359222643	0.495216
384111224	0.496311
80958602	0.499510
1658898042	0.498646
439049326	0.500070
195193469	0.486680
209787354	0.495646
362688424	0.495251
432676344	0.499489
55581437	0.496431
147487756	0.497249
11856892	0.493473
108689270	0.496628
97931967	0.499077
1644734071	0.497994
198526130	0.496259
475294870	0.494276
399170640	0.494872
76163900	0.498025
998576058	0.503082
430292078	0.495126
823801824	0.486240
1974399272	0.490214
402719755	0.502474
456032135	0.493379
743694942	0.497300
51943611	0.492846
1350118422	0.498102
30864583	0.495671
39510422	0.513574
353834752	0.488026
2260579802	0.495066
15392139	0.499868
26977568	0.492332
47892311	0.492071
20517132	0.497447
324403737	0.491964
42913132	0.498022
573495038	0.492100
208692908	0.499125
425286290	0.488354
452344217	0.488728
220249920	0.505980
267854863	0.495025
582875320	0.497151
791967744	0.498960
1548079500	0.498786
288963206	0.491424
239964750	0.499794
2314375189	0.500013
1729693597	0.496598
89193992	0.492406
1083448909	0.495160
963480595	0.535208
221528389	0.488696
1058460818	0.511696
26637348	0.498688
5988062	0.494768
221162525	0.502427
1964821772	0.497568
278145569	0.513412
387225200	0.487925
435983624	0.496572
17005219	0.489075
90518536	0.494056
17633159	0.495722
1355805258	0.493407
14579415	0.491594
267339368	0.492336
75578498	0.494598
717905080	0.499975
24183358	0.502862
2318080736	0.493280
1405337395	0.489880
73833569	0.498037
1646054551	0.500003
245451804	0.496778
887385018	0.495543
15987296	0.487406
54446722	0.488537
467787311	0.489019
78387677	0.494011
1138688364	0.502148
224391627	0.521815
318095351	0.495688
44177383	0.507760
178229698	0.490905
36117128	0.496235
240812994	0.529918
1080509366	0.508800
1480654033	0.497843
22242298	0.495494
171693939	0.498010
285737815	0.493996
1055685948	0.515243
25956294	0.494450
1058051748	0.499197
1092248911	0.496214
18205674	0.502631
245419752	0.492494
7597712	0.493349
418078050	0.497400
472587512	0.482277
379815077	0.492992
516880804	0.494000
14764240	0.495053
115733549	0.493977
1674501806	0.493749
1058917562	0.492152
16348437	0.513566
277363853	0.489388
260807192	0.496378
20245031	0.494506
337785530	0.497743
333663029	0.500741
65433355	0.495832
28423263	0.497026
2312501226	0.488060
585441089	0.494215
126171100	0.515523
349979682	0.482825
841342315	0.495154
525736608	0.493273
557050706	0.496122
334965470	0.498307
249814580	0.496793
274255909	0.500717
310347243	0.499607
1730532331	0.498158
867444085	0.492557
297498647	0.503268
85476251	0.498945
154699063	0.491844
93761782	0.493489
1090009730	0.486786
360080772	0.501216
16631939	0.492074
376064104	0.502384
619964159	0.494061
20468251	0.491711
26513860	0.499796
168502762	0.512266
258900199	0.523263
488297851	0.497694
21269970	0.502824
24735461	0.510677
384538886	0.491902
376946273	0.499322
1331884178	0.491348
377534571	0.495097
2227361208	0.494138
17544524	0.512111
24298528	0.495158
37982748	0.497319
195790079	0.490134
411765271	0.492959
254032655	0.500173
995193054	0.492978
175131510	0.493762
2412155161	0.497878
1691191704	0.489585
21797269	0.497431
1228070911	0.489242
123999551	0.499378
7402662	0.494470
2268031692	0.499488
703301119	0.497069
2385644521	0.490697
190328374	0.524499
240385577	0.510854
18732816	0.493502
976404032	0.495615
613404995	0.494699
239871673	0.520979
1897447471	0.498018
55677432	0.499736
22545491	0.496137
156212602	0.492427
305818200	0.499088
2205545306	0.499079
234837632	0.512656
18822612	0.512003
345491974	0.493119
2308777399	0.498244
18030431	0.520872
2207375216	0.496260
70799357	0.485957
148021006	0.489983
23578274	0.495440
296925880	0.494169
903320070	0.495674
15639642	0.492048
161329769	0.496420
22055226	0.499932
213634439	0.516381
8162322	0.488150
1564956584	0.491297
22509548	0.522348
14129299	0.507438
34238458	0.498092
511079500	0.492645
377591325	0.491745
2252607128	0.498904
1015802058	0.490323
756285384	0.497515
264494662	0.496025
90490354	0.492235
14774189	0.497366
34069014	0.497108
1222684418	0.488627
25755336	0.499170
240840748	0.491210
15160884	0.519939
472263579	0.497061
7900962	0.503964
27302870	0.500225
1074101017	0.495472
22028039	0.491649
214209081	0.491412
1601370486	0.494729
2191060944	0.495277
199510192	0.496411
968650362	0.496034
22523087	0.493376
753647880	0.494085
408105171	0.496625
404132211	0.497594
176896268	0.489686
114756202	0.528232
47468096	0.496945
1431823160	0.496780
40750860	0.490722
358302508	0.488441
347395654	0.499591
65146567	0.498564
31744825	0.492440
136682183	0.496824
33530012	0.538042
2322307531	0.495162
546176922	0.492685
237019973	0.495834
1031845399	0.487426
346813911	0.497009
189986982	0.495354
777390745	0.489347
59704563	0.494210
234053893	0.505165
41445718	0.471663
19670455	0.495297
1132232611	0.492184
194720228	0.496728
308852834	0.493639
21144715	0.498251
376527578	0.491892
22669526	0.500627
794546882	0.491428
26818986	0.489970
19576571	0.489655
615537104	0.490084
2352119654	0.496319
21542518	0.505650
494114249	0.491060
1117326481	0.494464
14354562	0.491702
1023294366	0.487638
336699225	0.499391
360338075	0.497572
265639238	0.502146
402029058	0.526418
535181994	0.495271
18170310	0.502683
1068470480	0.491706
109355585	0.494398
1510311302	0.493858
372315769	0.493763
21333396	0.498605
616965232	0.495044
1516670166	0.498578
233601728	0.499412
114299101	0.498543
61046743	0.496854
177974542	0.492979
300013543	0.494925
254226686	0.487959
14857525	0.501825
237853147	0.499507
300430043	0.487292
121171657	0.499876
37836873	0.491698
187108150	0.495477
36738199	0.496613
1710292866	0.484669
248735463	0.500613
40954486	0.498497
284601302	0.498377
1447467186	0.494756
253281321	0.492769
15602331	0.492478
577609337	0.489809
43273533	0.496981
26777550	0.488402
30045475	0.490721
58228306	0.492549
874694125	0.497186
890904109	0.492766
470703779	0.498166
122183484	0.486850
589070172	0.496152
1075303104	0.489652
457733782	0.499640
117661549	0.493793
20545793	0.500049
160919506	0.487193
154233179	0.500237
370467757	0.488168
216486007	0.488054
438040565	0.497793
216855513	0.490305
2264976900	0.494864
378636572	0.493941
321234739	0.499084
2278730858	0.491566
344525024	0.495585
220765205	0.493502
16002085	0.500685
1681848204	0.492227
123421771	0.498120
831933780	0.491229
1228652142	0.487766
1283908939	0.493175
747876121	0.504093
780383160	0.496787
531596035	0.493938
1410590874	0.500547
16827173	0.514492
1625304829	0.495637
429268149	0.500035
110445334	0.518310
22528309	0.532865
132345883	0.497332
233693291	0.522073
372506462	0.488691
18863927	0.491821
242873057	0.504087
430235090	0.500808
36564017	0.499758
304115290	0.495114
1901018683	0.489666
1037321378	0.495523
278433367	0.491886
302113333	0.499407
1609169504	0.489718
17997831	0.498647
1531521632	0.500654
291551843	0.497095
14669951	0.492527
368914608	0.492484
1375871708	0.493728
17340186	0.500626
432766911	0.494467
68281948	0.494761
127963931	0.491462
18646108	0.537355
549438299	0.497416
16336478	0.500727
83195396	0.496626
467636108	0.499174
231898286	0.499526
70590748	0.496066
441040701	0.497767
137084996	0.489943
912598626	0.493240
230720547	0.496125
41861272	0.493045
416644656	0.484252
2317625354	0.492514
28176898	0.510453
401989810	0.486083
581275783	0.499451
91935208	0.498665
18791763	0.495143
27688281	0.501887
1853114688	0.496957
14246001	0.494496
1486445498	0.490958
977560500	0.498926
15715665	0.495582
235279028	0.496392
805188312	0.489928
64507817	0.507899
277193651	0.498298
21910246	0.494040
156763824	0.495551
1045110018	0.492400
614706394	0.491374
36686040	0.501417
1917731	0.493545
280913598	0.487277
249787913	0.496099
1242946140	0.494475
1526488393	0.492051
28008943	0.497430
2316393866	0.494872
526750889	0.498071
1849400233	0.489685
125613253	0.488467
15380417	0.498347
26051676	0.511129
90250351	0.492960
931024693	0.488914
2245423891	0.494271
73791927	0.498720
389357597	0.499215
514749390	0.489276
1232484468	0.492360
935033864	0.502755
27274887	0.497629
952575223	0.499852
414068004	0.490019
49057566	0.493993
702460382	0.493136
243413616	0.495367
121537837	0.500043
122174004	0.496111
265329329	0.497024
237504609	0.490442
858111194	0.497348
246447524	0.499368
20397563	0.496294
260479308	0.489926
935987066	0.496469
1051446626	0.532097
1428792126	0.492287
15007149	0.494302
238264015	0.488368
237862972	0.509477
265993392	0.490367
15976697	0.500015
315992993	0.492312
127919146	0.502492
403639485	0.488427
17120599	0.493096
1105408002	0.486605
328679423	0.491878
130977700	0.488445
70740010	0.488571
894512114	0.491978
78408666	0.496856
2394285656	0.499758
2292332720	0.499352
21572351	0.498893
1157543414	0.495957
130600206	0.500346
249219716	0.513208
346949527	0.493215
337595668	0.488031
2155491151	0.499357
51982954	0.497461
15224867	0.493750
27675227	0.486816
2236668625	0.500590
108323434	0.499102
52052011	0.491549
2304223555	0.495870
538121732	0.499154
50707364	0.491733
470654192	0.490262
1092757885	0.495800
93950784	0.499192
1360075950	0.497706
19612749	0.501375
1382011333	0.493051
55440365	0.493386
37497720	0.495329
117432541	0.484759
1613159058	0.491303
103949895	0.501759
399112142	0.491139
22265452	0.489996
1120582274	0.501148
1089334250	0.517384
461301890	0.499459
198928268	0.491958
12298112	0.486937
240135871	0.502639
22507324	0.498995
117792965	0.487101
381874511	0.492931
741061716	0.492498
325040651	0.491182
294959299	0.486939
457276155	0.498958
1237156340	0.500307
21643972	0.486816
1362806395	0.496897
136550204	0.491585
18579364	0.498812
1326498037	0.493382
40510796	0.498321
598853747	0.499678
573916220	0.487352
3913931	0.491619
91346513	0.498821
2329092852	0.492045
2176134116	0.487511
1461162020	0.496514
183212100	0.496626
15210284	0.536607
133022865	0.493262
171154131	0.498117
18172905	0.488919
123150166	0.499334
938657858	0.491773
191496735	0.486785
252249233	0.500857
137794015	0.495752
220551206	0.498149
65082057	0.495505
1553746556	0.497513
749375898	0.496922
889786374	0.485027
624927613	0.495551
158290255	0.493211
363540832	0.497510
24509586	0.497567
447277172	0.493035
14398250	0.492629
287545295	0.496297
84119348	0.495708
236541422	0.514746
62387220	0.491063
2316645626	0.494847
18622869	0.495277
53725673	0.494210
1422790478	0.498314
1112972713	0.492782
443265529	0.499722
335476450	0.496172
1870463754	0.502555
714409014	0.497103
344516847	0.492542
271007688	0.487842
1387919042	0.495785
627838899	0.491828
33205490	0.485856
1328762540	0.498542
284664892	0.490741
1265860620	0.494474
619541619	0.494421
249327401	0.495067
1023872718	0.488507
138531540	0.495332
22076537	0.488604
49969221	0.490395
21346197	0.498925
1431454158	0.491471
24745957	0.496864
626001129	0.488793
1345850192	0.495605
243502423	0.492828
414543577	0.486151
59281449	0.498791
270792742	0.492490
325830217	0.494701
18496709	0.506309
1035443946	0.489663
286799590	0.492119
1539064994	0.499445
624753464	0.496242
291756142	0.499709
35013862	0.485491
1849074780	0.492447
171598736	0.498176
20209807	0.496255
1431884516	0.495780
15923226	0.494772
1209417007	0.516403
2161486428	0.487030
215346722	0.496061
562618381	0.494299
125208664	0.492608
625296182	0.493356
36691808	0.489001
17680840	0.491807
731524644	0.491753
405785853	0.494295
18566912	0.499637
1444416162	0.496863
930009097	0.490798
836709230	0.493223
432771620	0.492723
50370046	0.494092
287896740	0.498394
193076432	0.495178
216355557	0.491070
24448865	0.499670
378547255	0.492329
24195214	0.505903
41017380	0.493493
540241441	0.496747
39803436	0.494374
271593651	0.488333
232127685	0.493693
148348430	0.490125
1413602821	0.492828
524724189	0.499988
249288197	0.500756
63169388	0.506622
19693903	0.498040
15769734	0.499917
1884258127	0.489292
158397501	0.491526
25382456	0.491413
628559456	0.490076
620708331	0.486488
1872933859	0.498406
23951197	0.508703
2185601035	0.492454
85342505	0.498696
403539769	0.496557
321380757	0.495064
422076926	0.496243
20469722	0.497888
776698136	0.491899
1092750030	0.488142
50552213	0.493478
19201438	0.494653
157305077	0.496236
213207055	0.487188
130274805	0.498396
348522887	0.495829
2309440500	0.488854
143489158	0.497409
783749288	0.500978
559073634	0.491590
562640547	0.494856
608902626	0.491380
49194495	0.489664
20880535	0.499128
1210072844	0.493666
54606494	0.499421
81021861	0.495173
18277655	0.496649
33537967	0.502775
48354257	0.493039
107620932	0.494164
14540659	0.495369
1636639214	0.495850
365239637	0.497486
15941955	0.493073
1342502834	0.496520
569212271	0.499373
971412384	0.485881
295685416	0.513091
1963246038	0.490374
250736913	0.493692
1310708510	0.489452
50634125	0.494268
1539300170	0.494302
1109679128	0.490102
253654580	0.497983
19563355	0.491957
15458694	0.504552
230100284	0.497509
10615232	0.498448
1045853744	0.501675
233949261	0.518410
593718490	0.495368
1186810890	0.484590
1186874899	0.501462
288886063	0.488694
247517295	0.490100
30437038	0.489008
63796828	0.492015
915781920	0.491695
18915145	0.496388
76348185	0.492988
1915018465	0.500609
22698090	0.491074
20608910	0.498096
87714473	0.491685
1237704769	0.501341
467823431	0.509892
249410485	0.504873
108052596	0.497816
1316483802	0.496589
23365717	0.497815
477583514	0.491597
200870788	0.492349
33655490	0.506435
14511951	0.510733
933487722	0.492041
430343685	0.493517
24477294	0.499905
234812598	0.511425
94103877	0.490913
180197930	0.497772
54207182	0.496594
318711662	0.490092
1347830329	0.494476
22812434	0.495545
14110710	0.501084
15918353	0.491436
15554922	0.493331
254174408	0.494013
53420694	0.491736
1979395855	0.493388
462285708	0.493289
295805574	0.504583
1072467470	0.496101
20621911	0.498792
759316808	0.495213
1325640288	0.495112
109071031	0.495652
2175130770	0.496548
4389861	0.496787
231510077	0.493103
15764644	0.502920
15212187	0.497573
127074099	0.496927
43963249	0.503822
27311044	0.502130
1183912596	0.500920
1225410018	0.490353
2192362761	0.491860
589869443	0.493945
240376522	0.512462
424522799	0.498383
351133674	0.490520
1692578893	0.499972
18217624	0.501264
250462634	0.486914
134302187	0.488790
303920466	0.499875
1346817602	0.500882
1686565519	0.499704
61313751	0.499712
743167003	0.496071
39787282	0.496976
118941676	0.492739
26305670	0.494173
418269619	0.494943
1070943116	0.500243
209151429	0.495883
26820795	0.497875
806186582	0.497276
442610682	0.490730
15584433	0.488945
703759688	0.497636
631648466	0.498167
127908221	0.499652
1551310284	0.496668
2294530717	0.494878
1176615978	0.494150
1465964245	0.497590
192041694	0.493276
74960018	0.501042
584583739	0.497398
2188340009	0.497359
32537213	0.496937
121656624	0.493330
586730005	0.493919
1007065914	0.495789
417664241	0.493097
16557756	0.494479
788006827	0.494336
46499643	0.492127
80612021	0.502484
2362779882	0.499094
14345062	0.518309
146263776	0.495653
334127852	0.485819
515898679	0.488699
66209943	0.498718
1673504017	0.496127
224766531	0.492516
2242638817	0.494171
210926192	0.503258
1031118500	0.487760
1602268826	0.494772
399502932	0.500279
242761889	0.499023
355881289	0.492707
48425512	0.497088
27242307	0.489970
18137749	0.500509
21111098	0.497919
724658815	0.496734
70587562	0.484333
112740986	0.498596
594582597	0.493900
1155212191	0.511451
67776968	0.499011
50128726	0.498544
29898014	0.494931
28382250	0.496759
39424870	0.497543
1187949900	0.493978
2340869731	0.494022
53503202	0.495890
16930125	0.508456
242892689	0.500644
1430814439	0.490389
118540429	0.500498
2294105892	0.495937
417393341	0.489591
16739711	0.494674
312435184	0.487355
56864092	0.497740
221793778	0.528297
17750784	0.492400
427742683	0.494435
1190825605	0.496565
26596727	0.498086
569666511	0.486950
1480218668	0.487006
26424123	0.495051
29751942	0.497146
497535334	0.491454
20597460	0.493383
11651202	0.517433
56440142	0.502319
492480327	0.487116
935398104	0.496051
323166438	0.491640
16474026	0.490277
174369590	0.496209
68888437	0.497863
7350652	0.491565
133832049	0.504872
131149247	0.499837
346045240	0.489703
1655093820	0.486485
1080732656	0.495230
119527861	0.497902
1611680690	0.488054
1620243926	0.489123
237750442	0.505337
38516217	0.493169
1705042116	0.497690
422964271	0.487761
2364631970	0.490840
1925431584	0.499612
50731463	0.490649
191688736	0.493421
235190657	0.503081
204881923	0.492533
32265225	0.489547
78569026	0.501161
397382646	0.489027
407053599	0.495735
268007771	0.486943
2467791	0.497730
22508473	0.541211
2435410690	0.494689
1301606089	0.497757
218267731	0.498923
18632666	0.500464
22387804	0.486730
6577802	0.517080
2288502470	0.488070
1122064316	0.497956
14925704	0.494300
156029105	0.499682
20113797	0.492613
79022250	0.503880
17033503	0.496347
484134207	0.496898
29793493	0.496930
2161537962	0.487839
718468320	0.493212
67738195	0.500400
44215945	0.487790
221496713	0.498875
788081918	0.488183
860733170	0.491462
23387115	0.489303
22812754	0.498915
98929990	0.496117
297940478	0.491030
264221149	0.494603
18056015	0.493209
62770351	0.497224
628760912	0.487200
587783109	0.489373
58379000	0.493824
121841737	0.495235
39279393	0.502266
92071963	0.498870
127870840	0.493187
22012091	0.507772
272019676	0.490842
346885718	0.494151
148086041	0.496322
787373558	0.500328
520245212	0.493207
497546508	0.498285
557806506	0.495616
186430550	0.491985
41377639	0.494418
49045755	0.497657
798420806	0.496438
1006482620	0.499407
154139987	0.495596
1915752144	0.493437
1308601632	0.498057
1326751968	0.492337
242618658	0.491596
24045931	0.491693
297532865	0.498680
24670782	0.495509
59888738	0.496979
71358042	0.501007
46724483	0.487838
1468560242	0.499136
1267462094	0.491965
277750492	0.490744
542842941	0.495015
176135285	0.497579
36394602	0.490116
76350004	0.507716
50150341	0.493407
233346654	0.491649
109287731	0.511492
1686107834	0.483911
1093441423	0.498630
6092972	0.498300
250719718	0.490422
58492046	0.495634
308721230	0.497591
29766367	0.521385
759251	0.494531
393821580	0.493130
77839894	0.495107
1716914930	0.492789
10102032	0.494386
82649553	0.495968
1653370998	0.493661
1362944844	0.490414
61906286	0.496390
1932803906	0.496416
221447516	0.522950
1905156690	0.489296
830918346	0.500217
12788332	0.511778
33622411	0.499335
62354707	0.496136
1621009105	0.494008
104727439	0.482590
24913074	0.503723
106591004	0.491386
18221712	0.492290
5357812	0.499782
103335794	0.495422
905020056	0.491691
15603311	0.499879
15762842	0.486705
15555056	0.491000
115979444	0.499136
2361890355	0.491278
575344793	0.482926
157382927	0.489670
16062766	0.499562
218779638	0.498734
2302483196	0.500510
1655816936	0.491919
454947269	0.497685
470366309	0.494001
16130949	0.498268
2409239300	0.490831
270370405	0.499076
29293808	0.498767
244268646	0.514049
16742053	0.489331
942156122	0.514192
703561088	0.491763
382534366	0.493682
17065503	0.497150
1296038210	0.497817
359596838	0.499688
227088228	0.496842
813286	0.494923
137571771	0.485709
1234286196	0.489896
14849664	0.495255
140959145	0.488568
148453195	0.496026
301090775	0.486815
14800483	0.499317
792608948	0.493383
950783972	0.493788
220241174	0.494112
381413722	0.496905
119250381	0.504580
24299006	0.497859
389840566	0.515638
36777778	0.494868
88806753	0.524140
415780303	0.487537
143779492	0.493649
614542142	0.498777
333504114	0.486755
29848453	0.493446
65919935	0.496063
44682276	0.495653
593813785	0.494544
582931822	0.499309
31801993	0.496432
94366606	0.487687
162784542	0.496846
330816212	0.498639
448923637	0.489471
1096507650	0.488628
15428227	0.514875
411997494	0.492626
2252899873	0.497645
14293310	0.495783
40402146	0.491609
18811140	0.503091
1365917090	0.488242
273098660	0.494322
88976164	0.498371
23970171	0.513708
1347674623	0.492353
223523798	0.491299
15014405	0.494696
1347436638	0.498948
2836421	0.499007
15964588	0.485523
38254095	0.502865
37094727	0.496910
64161351	0.500264
372345957	0.486149
14672279	0.495269
16030518	0.495136
91137301	0.496365
240663096	0.495309
247334603	0.502909
20957491	0.496115
26841582	0.500405
28238988	0.486156
30673492	0.493018
35518656	0.496658
322737879	0.497046
1965801554	0.491604
47614124	0.500024
71281860	0.502140
721052064	0.495916
1949611364	0.489863
18008330	0.506530
148006729	0.494867
1301328822	0.496086
1183811947	0.500566
17906632	0.493724
155680896	0.497776
26111775	0.495299
349219528	0.487567
86364947	0.495928
2181453624	0.492948
26316100	0.495654
1556756886	0.498351
20002401	0.494688
19269183	0.501096
321119379	0.498255
1300124792	0.499275
563844379	0.496614
751806494	0.496532
33027306	0.491703
23117388	0.493905
819528355	0.487136
267217520	0.495493
886986138	0.490457
497551327	0.491946
59568948	0.494752
1716366295	0.491338
1905833168	0.493041
448169106	0.493743
148333607	0.493886
289374103	0.491357
360191435	0.489195
450786176	0.492977
23617145	0.500520
317193393	0.498124
144189766	0.486599
279964598	0.491370
1120931132	0.490634
1137600571	0.500041
33060832	0.488088
18480494	0.493984
292990703	0.502747
1117009244	0.496931
33576489	0.497560
17848544	0.503102
463918261	0.491734
990635636	0.488535
18213420	0.488109
214179002	0.496827
195070336	0.496309
885789362	0.497196
22831059	0.507316
22081190	0.481091
153486399	0.499780
236480864	0.496015
37202770	0.493771
374161639	0.494308
1242109014	0.484153
211530910	0.508729
1606703838	0.494551
348857253	0.503414
167856299	0.496421
502440556	0.486838
14529929	0.507434
631876809	0.494703
1902537799	0.487651
700126891	0.492255
20444702	0.492794
32789881	0.498230
67906573	0.490669
1032703770	0.500014
7334402	0.498313
19245431	0.502242
110924703	0.497445
198523967	0.494930
1058345042	0.509773
2296636404	0.496491
15471838	0.495242
1702539968	0.492379
20376424	0.491588
21509894	0.494413
1388590928	0.499990
429181880	0.494123
1073212812	0.495227
283657826	0.493849
460656473	0.497989
1277984012	0.492625
165533941	0.503070
42638402	0.497763
337752039	0.489477
1393599296	0.498230
114607567	0.494822
1144145946	0.501758
377702207	0.493580
237814920	0.523125
851621377	0.493759
1487887076	0.493101
1852819452	0.489792
109280446	0.499037
1665719612	0.496904
537156670	0.496573
411526571	0.496975
488127904	0.486603
34270503	0.497996
95602718	0.486516
191208249	0.492448
21351432	0.497970
592019654	0.501264
385429543	0.499123
234937222	0.500242
26194384	0.490504
47975734	0.493629
1023320856	0.490941
211901075	0.503575
271552521	0.483357
1222283971	0.498222
2321129046	0.489981
1722842137	0.487761
1540496365	0.494977
10025982	0.497606
17530189	0.496818
123667924	0.496604
1962564906	0.488371
110893482	0.492683
93575832	0.501770
40750718	0.491677
960962340	0.501389
222195455	0.490051
16056306	0.495840
1074129612	0.498487
60801758	0.495868
21426423	0.504352
319529691	0.491986
161411080	0.497191
161791703	0.506430
939621458	0.499623
16703058	0.492176
301081520	0.489900
32010840	0.500241
834525002	0.495081
26809683	0.491980
202206694	0.498351
520778762	0.496125
8775672	0.495036
317608866	0.492584
24184717	0.496802
1356531588	0.491410
713463571	0.492203
176260948	0.498608
278005891	0.494575
36737855	0.497884
35758513	0.500557
17896154	0.501694
217550862	0.495431
1110920106	0.490759
1931992778	0.485087
1128781184	0.491707
29865139	0.494856
977369880	0.491001
62330632	0.493049
34340464	0.513323
1033532365	0.498154
830430216	0.492213
155642785	0.496169
1154667132	0.497733
1080602371	0.487098
360605502	0.495750
63787812	0.491492
30027177	0.502626
2369234174	0.494771
5741722	0.497763
551698752	0.489217
545501375	0.493654
1596947036	0.490877
1449407450	0.494898
326551457	0.484814
95509057	0.497782
423688722	0.499674
328258374	0.487330
705661256	0.493205
496786334	0.494439
1879871294	0.494017
2374720591	0.491160
1954751917	0.489274
550401754	0.504800
370076582	0.498722
18820392	0.492745
16298388	0.500717
348861268	0.495767
1623282788	0.498023
14124614	0.498762
36588739	0.497368
88784440	0.501760
16804072	0.493904
2356356972	0.496161
1258312562	0.493354
43216755	0.494362
703640660	0.501201
896620178	0.493056
122473388	0.490984
234906311	0.499459
16018516	0.501244
586045941	0.489885
1115633996	0.487595
485139684	0.494749
1352594924	0.497130
1621076712	0.491528
175102610	0.504815
63749707	0.495651
20733972	0.498709
17291452	0.493525
20906882	0.498435
615181714	0.500142
78966155	0.500966
1430524482	0.497910
21669223	0.493850
8870632	0.492753
14730894	0.526941
1959864463	0.493562
21321475	0.491693
272520742	0.496217
19918558	0.493662
1959387662	0.498325
14216438	0.490511
492378372	0.493225
1154894353	0.495551
1463550048	0.493560
24305421	0.489190
26265640	0.498923
382441782	0.498797
856549532	0.492636
235271965	0.511660
314335929	0.505146
59969802	0.492831
74058012	0.496748
347877928	0.493565
30500021	0.491667
716563918	0.499898
2255274860	0.496083
411766612	0.501997
39793438	0.493414
41634520	0.501942
51228911	0.501105
247496974	0.500341
234374703	0.499681
2168350939	0.495429
455037005	0.488077
267781214	0.498189
26324609	0.500730
17487795	0.486090
339852137	0.508091
230761725	0.496030
14616459	0.499212
1556371026	0.500654
199325935	0.503651
234927299	0.497074
109025212	0.505867
225326840	0.495351
1363394484	0.487676
75367781	0.542786
343171266	0.499216
15600527	0.516229
89526574	0.494555
523397097	0.489240
1092979962	0.524658
63804234	0.494839
206716135	0.495470
260841091	0.493844
47470008	0.493446
68198447	0.499468
2377726519	0.492490
1221321108	0.488501
205420257	0.493859
1243902714	0.501771
1049460835	0.499198
49782398	0.494739
1246599554	0.494918
113420831	0.499365
62907908	0.492782
72874723	0.492833
236899846	0.499195
1891157910	0.493432
505932430	0.487331
85778445	0.495545
270067927	0.496476
331268118	0.492904
1201520622	0.493808
538416721	0.488634
359950567	0.497362
6794502	0.489169
1263944875	0.490309
58287227	0.494900
338553588	0.499766
213182436	0.498758
46176168	0.503987
142721190	0.496856
943501040	0.494486
71070614	0.488330
18317325	0.510577
1065995022	0.530470
21941446	0.497909
87055347	0.495090
259950795	0.494229
506091865	0.498497
1581759588	0.495619
547839797	0.501172
1697235505	0.498656
932421955	0.488622
46016028	0.494036
25768647	0.497580
17074440	0.507912
1143929599	0.488420
2254857197	0.491634
631543401	0.487561
959687432	0.500690
97368029	0.495575
32774989	0.493473
415981838	0.500026
180287231	0.495388
472541504	0.499086
1482327366	0.497919
454953162	0.492937
20552026	0.494243
180895768	0.492098
14275291	0.499546
2324036732	0.496500
346030501	0.488347
14135426	0.500315
191005134	0.498841
14389132	0.492016
16472624	0.491015
286363562	0.495859
163586067	0.496820
390292636	0.485103
991821667	0.493502
20449956	0.492805
1693751167	0.493416
1658254478	0.492126
268496469	0.494010
1497383952	0.493209
1313165581	0.497196
1532014123	0.496084
139574248	0.492525
99157266	0.494363
83200882	0.487853
2317860566	0.500933
216481299	0.493343
805777398	0.486754
361365479	0.497174
97171189	0.497988
807095	0.493650
391413865	0.492422
89820928	0.499075
246499208	0.490088
85606078	0.511233
435877117	0.489274
16385104	0.498312
24135119	0.494886
276763538	0.499501
207731256	0.499606
190699396	0.493127
1870898497	0.491589
1104083418	0.497643
52992670	0.487635
27676828	0.504165
310912778	0.493281
47056405	0.495310
352643501	0.492912
252115520	0.499948
47402168	0.488088
404542591	0.494690
594870776	0.499598
240327228	0.491300
263975503	0.500510
1068990122	0.490661
261263905	0.494618
1357427004	0.501481
19253918	0.495293
586032653	0.491926
451967996	0.498393
18793575	0.495005
23712174	0.511438
252819642	0.536446
195019882	0.493115
18244206	0.504638
8953122	0.542471
33655512	0.492622
19926675	0.499957
287861586	0.498292
323239103	0.494562
17439675	0.492760
18967498	0.506257
29598035	0.502339
796737758	0.488537
180396181	0.492885
305389392	0.487068
85353299	0.492293
1423715941	0.496013
17282256	0.492456
1322558402	0.500865
430830756	0.495789
1733849666	0.491260
449959102	0.489304
733751245	0.496035
1558893368	0.496552
56653367	0.500339
39191258	0.495969
498961346	0.490455
300515560	0.494889
539866149	0.497477
225988631	0.500487
78431501	0.493454
76392970	0.489137
248791332	0.497417
1117640744	0.500884
118152495	0.492159
15751083	0.497416
22262553	0.486352
1905298878	0.491860
1443203875	0.499129
39308549	0.471590
196147086	0.494668
47891535	0.496230
15029174	0.503079
273795671	0.493840
237944147	0.499565
1738425180	0.490878
758067224	0.496394
424263083	0.492786
456911539	0.490374
64022803	0.492409
262424195	0.492353
1699808366	0.500284
360427514	0.486365
169472184	0.495884
293254420	0.495648
613725908	0.510279
485264526	0.499927
778724700	0.496079
427024774	0.497616
1068626984	0.485816
148565166	0.494674
29896465	0.496070
15281676	0.511299
20713061	0.497419
193732179	0.496675
1043702834	0.491273
398232779	0.493614
1516830966	0.497839
864768235	0.496352
2417754469	0.489541
356390382	0.498137
712959254	0.497361
180846791	0.496079
158495061	0.488570
64660952	0.499680
221792092	0.504342
75785294	0.491723
242068532	0.490770
619479855	0.487508
48117116	0.495797
443681123	0.499864
380371286	0.490531
30930019	0.490305
195955478	0.494941
2192766368	0.494357
30043495	0.516765
126644609	0.489680
76651617	0.489411
386455581	0.490670
49316020	0.499259
236916916	0.511882
5558312	0.497001
80473367	0.497854
44117460	0.493714
330001961	0.487071
373311804	0.497025
1849261916	0.495848
180100015	0.489788
234822928	0.581118
269931179	0.500549
8128442	0.496436
292935209	0.498321
572317065	0.497029
19553409	0.493747
242555999	0.496118
996565820	0.496805
886042746	0.486081
98242752	0.491039
28859894	0.494672
16086967	0.491154
1578519660	0.490354
283265252	0.491881
350930593	0.494417
1002313952	0.497027
2265167642	0.490787
1076928920	0.491086
1944510751	0.499990
22417674	0.496140
49697450	0.491327
31350534	0.496712
1694503231	0.492544
1571660059	0.484982
161344057	0.490267
1189735556	0.497410
809050796	0.490902
22819917	0.492651
1602752804	0.494331
14809189	0.496677
578069877	0.490998
311165745	0.498403
155669457	0.524360
1643415560	0.494481
249339682	0.495718
416686487	0.490407
22097192	0.501757
1927804778	0.495945
1077121945	0.498336
33345380	0.501770
287269659	0.490233
1955581326	0.499197
1860099558	0.491663
137381495	0.495334
1408518626	0.495802
317407076	0.493128
1117953943	0.495214
19726613	0.499671
1935184730	0.501062
201877444	0.487617
7713202	0.513353
57977498	0.491945
87318108	0.496692
9624742	0.493655
19891260	0.495792
254775647	0.494014
15116570	0.497892
1925654095	0.494080
17643209	0.489627
14344823	0.507231
308664726	0.495580
558769636	0.494937
40024874	0.494485
198963912	0.497312
189910408	0.491898
50839205	0.492201
560117034	0.502040
2363258587	0.489546
19739126	0.515960
338883349	0.486313
48086014	0.498308
2282872260	0.494591
33665393	0.497162
205886080	0.493525
135931182	0.490988
800162478	0.494397
373011304	0.488196
7270292	0.494050
17976923	0.540433
104797238	0.492912
2337254448	0.497347
97150206	0.499595
5561412	0.493556
42760147	0.490257
191923358	0.494451
581141508	0.506217
223166587	0.492938
193614775	0.492936
28599820	0.502461
1001025787	0.487946
972323274	0.499837
9855382	0.494280
472632386	0.490841
2230533374	0.493313
2704951	0.497029
1611064304	0.491516
342601720	0.491558
224320485	0.492807
121620626	0.498618
364564017	0.499164
1469735982	0.496481
17768436	0.497879
19543987	0.493441
1374923180	0.494921
234024969	0.496685
16031927	0.510737
755802794	0.494376
29501253	0.497850
1403429444	0.491882
1071768498	0.497535
313344689	0.489086
2288373518	0.492538
250188760	0.494051
891678516	0.495688
1920276091	0.497800
16100318	0.498409
49453870	0.494559
10168082	0.511952
453698931	0.496174
54598826	0.497795
165511812	0.491417
1599284149	0.494490
237299871	0.496897
556000874	0.492698
156975310	0.500194
96662959	0.487966
15297551	0.494404
17513304	0.512701
364415553	0.493155
305145458	0.491128
2366260580	0.492669
394272456	0.499040
237129990	0.495993
1020058453	0.494705
317630465	0.492877
39793961	0.489866
377237995	0.490802
133429379	0.496101
64651898	0.490414
776664410	0.505184
235660311	0.498003
63753027	0.492809
1977097572	0.497589
35829796	0.523577
520950046	0.490282
1521740594	0.489502
1061486761	0.497851
425565585	0.495509
32135704	0.491685
111635980	0.497621
334320138	0.493930
1262814457	0.496982
137068935	0.494285
237926856	0.489790
48075643	0.499636
919804596	0.494598
244985138	0.495117
77418275	0.495694
230981077	0.498800
109274506	0.498201
14634720	0.492270
193872188	0.510442
43955137	0.493966
1878559962	0.498153
2241120434	0.498021
209833543	0.497021
1434486529	0.494958
254277011	0.491822
201453157	0.497587
217137252	0.499408
31611298	0.497352
1517363570	0.495796
51241574	0.495760
162069635	0.494691
356291170	0.486172
474232856	0.502335
1931698346	0.499363
245378929	0.496305
159524468	0.501864
15675138	0.546085
1602221707	0.501228
27088314	0.488705
2256726992	0.491652
248852820	0.497637
108671959	0.496371
136471166	0.496655
21220931	0.506226
233238234	0.495840
557671006	0.495965
1060860422	0.490503
2178681566	0.492396
1535579558	0.485142
22731105	0.491633
260760840	0.496919
72405094	0.492786
18161620	0.494079
338811841	0.497485
1385690448	0.498632
1898897300	0.497425
621293247	0.493612
128235400	0.490293
217912727	0.501652
531481241	0.498370
1399903849	0.501205
114887629	0.499047
5392522	0.494022
269908647	0.497173
339814337	0.488480
326208966	0.501856
2162136865	0.494938
80403646	0.489210
131036750	0.497707
53643803	0.482961
30216513	0.494023
860154126	0.494021
19512725	0.494316
405034710	0.489894
16517357	0.490112
85916265	0.499020
1337252017	0.499634
397430607	0.493517
15727317	0.504612
15159913	0.499297
275098108	0.488314
38500956	0.493451
122770149	0.493170
600991865	0.487894
5496932	0.521891
49649077	0.490997
1627252382	0.500170
260396714	0.508630
37461389	0.492888
1279783315	0.501650
19808819	0.501316
1305465990	0.487592
474451843	0.493044
220580561	0.499402
16102244	0.502469
71328021	0.498000
122146840	0.488662
1827782569	0.490111
15954997	0.494935
754277773	0.489506
1920537577	0.483652
21419440	0.492440
381666107	0.494668
25915690	0.492048
17301179	0.494277
19286569	0.491931
1060487274	0.512973
582475251	0.497936
14984637	0.501798
19257799	0.494999
138770045	0.505422
407744769	0.488860
57860368	0.492395
16129920	0.500524
23121519	0.500202
24392175	0.488521
15417358	0.494061
240363117	0.506235
1140648348	0.499155
167699332	0.491893
1911335244	0.498581
1719880621	0.495522
74164455	0.500152
151200240	0.500364
22946355	0.500475
833990756	0.503452
3108351	0.493750
234469322	0.513588
1693373094	0.496487
351109901	0.490982
247420668	0.495832
538646538	0.495275
16583468	0.499095
14763834	0.491672
382791093	0.496295
322794665	0.489362
271985168	0.485926
21636248	0.492405
555593757	0.488143
61250271	0.494665
207317790	0.490198
575766234	0.488432
1002244244	0.494564
84984380	0.499430
1550794628	0.499591
958081542	0.490830
95978223	0.484949
1305596696	0.501234
15922214	0.534202
15522251	0.497724
978690895	0.489736
62090497	0.498769
791002021	0.493965
2196576859	0.495377
34122899	0.494993
200400227	0.498044
23789790	0.487611
121990777	0.497331
1469446608	0.489538
2178860358	0.497241
470126084	0.491556
615953866	0.490832
15745368	0.493781
42734224	0.492882
1503451620	0.500439
193794406	0.506310
538185166	0.499806
324171587	0.492151
1463325120	0.492654
15918708	0.500896
188194323	0.495044
135653370	0.495210
34402366	0.491668
24463788	0.498078
2284159548	0.500481
34932854	0.496370
48587305	0.498330
302382660	0.495869
199286398	0.489283
1462723416	0.493544
359032147	0.491273
400792588	0.497036
572061403	0.498989
247066289	0.496560
930234066	0.494702
34966987	0.494060
2330410284	0.496608
38067927	0.487385
158398519	0.502115
325804079	0.491823
18873711	0.492800
78403308	0.498259
568151409	0.497357
2311117897	0.492625
110545675	0.514075
24795163	0.491792
454060961	0.492842
357253772	0.498278
19028248	0.507498
74895491	0.496912
801084110	0.491468
16187637	0.515592
1365881617	0.497559
628018533	0.496044
98017737	0.499852
845711293	0.492464
593840334	0.495403
1380763326	0.494266
193978839	0.498507
115166212	0.488608
1009269193	0.500127
2253990607	0.496601
105823136	0.488355
287225290	0.486156
137407124	0.511716
426694458	0.486681
245905555	0.497878
1545715382	0.493118
20078009	0.495499
18060177	0.495437
28969421	0.493953
145292853	0.493169
92055121	0.499375
46263050	0.494742
1736053987	0.493639
2238098360	0.493930
11379362	0.489500
240760644	0.507367
301416337	0.488399
965142457	0.491691
1374780043	0.485962
24260994	0.487219
265529710	0.500434
448077090	0.487238
1157424444	0.493064
218206502	0.482187
25162697	0.498999
1350864440	0.493075
204905640	0.489647
71036272	0.497601
19658173	0.505517
15008539	0.500631
124335509	0.495969
66774077	0.495743
770554297	0.487904
1671690367	0.495968
36654245	0.511086
2250858631	0.489419
15985455	0.497023
1396846357	0.495527
385188446	0.494880
1055730738	0.521808
716984711	0.496538
38039087	0.497666
248252582	0.487270
163570705	0.500315
191728014	0.489317
299802435	0.501135
468601121	0.491035
740417436	0.486047
15856366	0.503102
1665514478	0.492350
11650762	0.493141
270017791	0.501006
31128529	0.520870
27385174	0.499044
393585626	0.493477
296361085	0.497213
293131808	0.501861
976579933	0.502747
228784853	0.494369
332040130	0.488698
309267226	0.499423
41750998	0.492839
68917738	0.497450
1874140452	0.495418
159609651	0.488451
458393298	0.502307
403353373	0.500415
249674727	0.500631
2286252732	0.486302
1080844782	0.488781
1372288434	0.499235
255876732	0.497709
49541291	0.487407
784971582	0.488711
22527499	0.507194
21693764	0.490672
16473577	0.493548
159977219	0.496309
140519774	0.517040
27633572	0.500362
31122582	0.521225
32506723	0.507589
1655680988	0.501075
2245220154	0.493355
15075753	0.513532
588237779	0.492959
1468203217	0.498776
188019606	0.513462
242836537	0.493875
193632778	0.495148
19865528	0.496793
351149827	0.496030
18166778	0.503156
303861808	0.492435
343830557	0.499465
17353658	0.500966
1541893820	0.495642
195271137	0.505496
362597648	0.488454
249219490	0.497081
26122639	0.492555
46557945	0.503731
398269985	0.496106
48263046	0.494691
1128514404	0.495230
1262936000	0.498908
537063930	0.495315
305620929	0.497169
15012486	0.493828
156300451	0.499120
305216911	0.492994
757372008	0.492909
32393576	0.498348
1711193490	0.484968
19151741	0.495654
16814879	0.496689
27705441	0.492269
385288144	0.495675
235251868	0.503998
431990191	0.491792
236118432	0.501363
91032815	0.493514
2367536538	0.497879
452004245	0.498025
135297032	0.493713
166536928	0.505435
1476337592	0.494087
32379396	0.488798
589425352	0.487967
633855519	0.489303
17800215	0.515168
235312723	0.508715
123934875	0.493696
983813816	0.496107
359133002	0.488136
246769138	0.498495
602997805	0.497154
30619527	0.497879
2203931420	0.497526
126980084	0.486062
222721984	0.491525
167507135	0.498728
459446627	0.497232
284744912	0.489017
59771400	0.500668
1096059529	0.493648
1385871187	0.500108
1022263688	0.488121
271958454	0.499832
1540360435	0.490466
765038167	0.491700
16803651	0.495282
18029328	0.499648
2361531690	0.499026
60984835	0.538907
112236901	0.496608
404226735	0.495652
1911879768	0.493894
50452197	0.497336
55896443	0.496060
159292313	0.490325
1883356866	0.494417
314761332	0.494248
26607712	0.501538
21786287	0.497638
15356407	0.521253
2739461	0.494238
161743731	0.517490
270182385	0.491849
349379430	0.500211
57751453	0.494866
1265207760	0.500294
27886115	0.497838
16441318	0.496928
96800896	0.497011
23976316	0.516522
21762137	0.494564
350927143	0.497087
539485640	0.487798
407323365	0.487895
275725571	0.498744
77308668	0.491979
30095477	0.498574
330650569	0.496717
108083058	0.498479
1644805254	0.493525
7356562	0.513409
2305315345	0.490699
360804642	0.488954
919927722	0.501138
15207668	0.513660
1214475872	0.494194
44478497	0.494525
16099657	0.497572
857748156	0.497132
1678290240	0.495600
76381104	0.497169
407039290	0.494451
344109654	0.494453
15035209	0.495178
254805061	0.494363
9300262	0.534918
242426145	0.496850
1902563203	0.494573
1909542326	0.499386
185684821	0.493505
21157904	0.497323
253100055	0.498215
396794501	0.494489
30050899	0.495707
47736933	0.499772
209792690	0.526791
11134252	0.513552
480056408	0.489244
14125897	0.492096
1075843532	0.495471
174847410	0.503266
1173237842	0.495536
610415617	0.489039
30823752	0.494568
14597351	0.496381
316819997	0.499463
32007346	0.498547
356881780	0.497406
323511585	0.496519
43108099	0.492280
49675523	0.494728
299883942	0.508491
1214026033	0.487247
293459696	0.499661
793992	0.500505
2236741645	0.496715
16469463	0.505147
1462357878	0.498087
1852444146	0.491523
288295387	0.496126
63502107	0.484755
323863880	0.496732
93723445	0.489029
85418520	0.487294
405134921	0.497853
2301967142	0.500136
148041415	0.501372
284296658	0.486759
1898624934	0.496578
1444380402	0.498352
554109268	0.499996
2297176518	0.490445
1071900114	0.508877
254189414	0.489606
469674025	0.495458
1422126799	0.491922
327798242	0.495579
80958505	0.489493
393603441	0.497501
181101417	0.490818
52989817	0.510518
818586175	0.491970
2277763242	0.506151
31120881	0.492665
1025653922	0.488533
54686639	0.491564
185049728	0.496969
530864692	0.499318
44195577	0.487082
281162551	0.494658
954172328	0.492567
34850480	0.486652
17750110	0.497716
38036372	0.491945
48115928	0.490796
514929629	0.498089
251656840	0.499840
14173315	0.497555
1884324084	0.496709
281540744	0.497902
18891923	0.530913
257658885	0.488249
1246366651	0.484989
330938673	0.491628
1059240924	0.501013
194536303	0.488293
1339931490	0.501853
518644221	0.518955
431266828	0.495240
432092458	0.488482
234022257	0.513268
47747074	0.495170
73925960	0.491521
450108691	0.496631
278124059	0.496047
473199911	0.494427
196619213	0.490133
227036687	0.494308
1630446259	0.491842
16669075	0.494413
75843152	0.493393
1510065122	0.487423
392998644	0.496922
78130610	0.492065
2203399435	0.492000
1906353372	0.498214
56763589	0.495996
116534252	0.500668
15324851	0.497991
209598477	0.492999
244526889	0.495867
1488969002	0.499077
232992031	0.493559
15394954	0.515151
18805303	0.510671
224285242	0.494551
883557414	0.491107
43050282	0.488411
18548136	0.491594
267938462	0.494176
585206397	0.490444
291676686	0.491402
1939381628	0.499143
309605202	0.496437
77017567	0.490611
779118265	0.497470
751212379	0.491202
245136682	0.496915
115488968	0.498679
2253968388	0.499751
1075666608	0.498752
555473643	0.496452
51267980	0.494945
176646411	0.495028
728565668	0.491980
487067075	0.493753
16054728	0.498391
1055362014	0.483189
47412499	0.494782
337122716	0.502433
870670477	0.483498
1572830660	0.492156
391814356	0.492925
13218102	0.527576
1418013151	0.498653
71294756	0.501744
5660532	0.493187
398165004	0.491530
516642662	0.489757
14587949	0.497783
17992453	0.497233
485842327	0.494081
2234105580	0.491086
19929362	0.494526
151589736	0.492250
45151382	0.499265
381152398	0.521594
21950364	0.495108
326043489	0.487861
233724961	0.500190
462033343	0.494545
186506052	0.499579
75347500	0.489986
449795350	0.493748
701303623	0.499943
1439879557	0.494155
246341769	0.519744
186291444	0.497599
378738565	0.493554
219429281	0.496443
1932363210	0.495667
308276891	0.483160
1580451673	0.501194
74302172	0.498903
360893245	0.497037
1375646822	0.492103
237312687	0.511274
119162694	0.493674
21619519	0.496293
490535112	0.491110
224297637	0.491698
1497534576	0.494798
14308987	0.496657
345261756	0.489811
1255785854	0.499599
18216752	0.500023
2184765932	0.486496
1525086182	0.484883
56538228	0.497917
95166404	0.496568
342945847	0.490247
630802892	0.499057
15350894	0.496468
19616327	0.530347
390522985	0.496008
2287788476	0.495401
624186253	0.493280
621500066	0.491235
24300215	0.492298
1624698122	0.492001
236479311	0.504347
594060392	0.495645
1072453910	0.500323
538086333	0.487112
342780479	0.491858
178419778	0.492128
280206584	0.495642
345555778	0.495965
1125409915	0.494201
93936388	0.487465
234014087	0.504547
473401390	0.500322
993153006	0.503272
19139963	0.494147
41464356	0.487846
506033683	0.495262
590696606	0.499820
1652541	0.494462
235217558	0.497927
425489816	0.499269
235591153	0.489442
22903983	0.485331
344033052	0.498756
946114207	0.498231
770448248	0.490375
19407835	0.509630
26778110	0.498334
1327675195	0.496939
169588591	0.494404
78673043	0.485896
15496979	0.500397
801523267	0.493162
45340027	0.491901
399432469	0.487901
125397444	0.493091
72198806	0.497073
197307435	0.493166
1134292500	0.496121
20563979	0.496707
164707575	0.492759
14617444	0.489949
263414131	0.493609
31006603	0.490130
201079432	0.513209
1149312193	0.498372
117974827	0.499270
89814216	0.488717
238861711	0.496271
253149069	0.490504
34666990	0.495693
555845120	0.493305
80111837	0.491867
1406277577	0.499293
529973619	0.488390
950328072	0.530364
153944899	0.494302
1335517206	0.503077
242376736	0.501756
584351142	0.500842
1183865954	0.500507
368977925	0.492410
75398827	0.497589
224294785	0.510890
173363468	0.499543
388958868	0.496208
133864713	0.497449
91179070	0.498634
289530036	0.498780
143889472	0.500504
51284800	0.498100
233601235	0.497323
250710495	0.495673
15434632	0.492799
36183582	0.500543
441425863	0.496827
221614578	0.490975
439596778	0.494499
20841089	0.491608
575385464	0.485835
40526985	0.489211
248850174	0.512538
37920978	0.498164
15939889	0.494027
1490306108	0.494186
433079096	0.497632
463132556	0.496851
2312281051	0.491842
1458461443	0.488412
19877680	0.502236
377773483	0.494352
180142423	0.492299
13067732	0.491498
38787045	0.494773
1143060714	0.486753
452413225	0.491976
18043103	0.497090
1282568923	0.500659
339172700	0.489009
112604826	0.497805
1229226714	0.495686
249834165	0.500061
2305350474	0.496970
2377621136	0.499112
18289929	0.500741
366228554	0.493416
24742936	0.496431
85634199	0.501415
93288759	0.499592
1051127714	0.498091
197290856	0.491044
20071932	0.494967
48807726	0.493211
486380694	0.493984
168666357	0.497451
215909539	0.497168
168673083	0.508144
47632905	0.499163
1069918782	0.490830
28252475	0.485621
1123683068	0.497700
2314336918	0.491625
84129740	0.496057
229197216	0.520849
247850985	0.481210
2369496272	0.489583
85970738	0.491641
15715842	0.499262
153919023	0.500849
499978095	0.491534
1365631760	0.495089
389759292	0.491190
38465240	0.491659
1512666349	0.494454
1656055824	0.492694
1662929678	0.486695
117197307	0.487775
991357832	0.494014
34438002	0.492564
104631905	0.485857
1262623074	0.486970
132278386	0.493563
15948219	0.491717
1011705054	0.502841
251728316	0.495585
20495104	0.491751
612716532	0.496421
110050273	0.487018
113214730	0.495962
237770636	0.517910
247596046	0.490455
62543872	0.498214
123282266	0.494057
133439172	0.501918
1037084538	0.490983
111632324	0.496484
534405915	0.487207
276197098	0.495500
77664666	0.489576
1394549060	0.491728
2199888721	0.494664
225921757	0.508006
91744236	0.493360
428333	0.493524
85634177	0.493843
255829884	0.490951
1328123624	0.493317
325717986	0.498074
266830495	0.502703
611834439	0.497180
960696949	0.500414
15572155	0.491584
433791263	0.496451
1636291356	0.490273
19912734	0.499942
337932925	0.491615
543822491	0.487436
49634881	0.493563
468930111	0.494884
620298978	0.498337
349947276	0.494016
60638933	0.498853
282775291	0.492438
26677801	0.497571
23035691	0.501392
534599939	0.497710
195042501	0.491845
50325797	0.501173
65453528	0.490362
2321775476	0.494670
229592356	0.498968
1071764281	0.489597
2340967118	0.495055
1223102983	0.494121
122719755	0.483854
124196924	0.490008
17525171	0.491698
52503751	0.499001
76452765	0.494631
1634852712	0.488875
1172636797	0.496595
33977070	0.512017
21048033	0.493711
217543151	0.527391
1726999796	0.495667
401955731	0.488701
948491592	0.488540
267583652	0.497101
225242868	0.487159
487906127	0.491985
286898862	0.491907
605098090	0.495804
1071102246	0.502992
1075551668	0.491047
1441675236	0.499366
206428391	0.494833
325298865	0.489044
1626115357	0.498519
600737301	0.486021
43476440	0.497582
1061385474	0.514431
362052555	0.490127
281509650	0.497126
1228818295	0.496771
516131688	0.486340
1222257180	0.514550
158205177	0.496729
28889556	0.500030
248004920	0.491824
23632545	0.485581
1023236538	0.496540
24737755	0.500563
41406567	0.496888
117197740	0.500667
69715433	0.497763
74198348	0.502927
463606038	0.492453
1061006802	0.486725
575749942	0.497828
115754120	0.487961
15448332	0.488722
1131203611	0.500000
298059168	0.493080
610325685	0.487193
241207373	0.494749
1332628436	0.489381
1925656796	0.494167
211254250	0.498689
851120473	0.484587
108619944	0.492446
95070642	0.495371
450708486	0.495345
257170128	0.486594
154648736	0.493841
442824717	0.492569
1571215884	0.492545
308563367	0.498307
1440997712	0.498213
19793648	0.492135
1536065244	0.484026
122207745	0.495791
362654346	0.488403
78369108	0.531266
14859559	0.499374
318464838	0.484967
425527664	0.496660
286034058	0.498115
1552818054	0.490749
37766935	0.502051
266772387	0.495793
986188543	0.495851
1372431026	0.495002
282233418	0.499388
308748838	0.491216
256178459	0.495562
70156027	0.493406
407584834	0.493175
633131271	0.488141
1072382221	0.515837
1437466362	0.497665
373883896	0.489573
1901113928	0.492929
1484301392	0.493420
799658150	0.489954
1198766904	0.491385
785414496	0.501638
84677520	0.487298
1797991	0.492644
608182396	0.496794
170767454	0.489890
15361570	0.508463
9508922	0.498409
376477453	0.492273
190160433	0.484551
373326597	0.497173
122212010	0.500475
44127294	0.501407
22797378	0.499900
1592481150	0.497997
233842454	0.516889
265155317	0.487656
564225302	0.487948
2358445766	0.496540
127894579	0.498080
30313925	0.493859
1058717720	0.508843
20641972	0.490385
1877628114	0.497706
1412998502	0.493282
40466049	0.493913
1008962922	0.491595
13383292	0.497607
100330676	0.485094
330583779	0.484376
5692662	0.492068
1494474121	0.502173
566631178	0.486529
237781383	0.509673
2251095308	0.497699
975200486	0.502962
16712666	0.489276
1656884071	0.496543
1355831521	0.490831
279634424	0.484513
29610442	0.491683
8542882	0.524267
18724011	0.493279
237348797	0.502676
248699486	0.510577
633825457	0.496088
29929730	0.487740
18916432	0.493560
19518515	0.494639
52537790	0.497415
455041792	0.492103
253016264	0.495090
116518445	0.500216
533702418	0.498733
29710286	0.495995
26976860	0.489252
25086658	0.500081
1969641703	0.492750
189236855	0.491827
23536035	0.493972
617382180	0.494792
2281176661	0.497036
1917347892	0.488885
1305481388	0.500506
761840588	0.495266
16560935	0.496719
180032621	0.498896
294965312	0.490698
380001296	0.492968
398990591	0.499020
133448248	0.497007
1608892718	0.487697
409799018	0.490733
1622931326	0.502172
36126319	0.497098
156075520	0.497963
5031151	0.498517
340296149	0.496823
378096410	0.500361
242993672	0.493008
