14412533	1
2163623972	0
249222850	0
1281503318	0
387984038	0
1206306506	0
57931553	0
2258783241	0
63160932	0
25198840	0
15289825	0
1452476780	0
1086619808	0
1623308912	1
2194801027	0
20467163	1
19824430	1
1739650556	0
59558161	0
1444015610	1
804861259	0
252254916	0
40057701	0
2375722164	0
451032276	0
1120298527	0
16860684	0
187414539	0
479674626	0
19394188	1
1155335864	1
20635633	1
248718904	1
252644673	0
534680801	0
932446728	0
235373000	1
1377700518	0
437741704	0
414516629	0
46807181	0
1691930744	0
153694167	0
16705010	0
22509598	0
31054788	0
1545781357	0
5990782	0
239949176	1
174879603	0
547778460	0
15993122	0
44209472	1
17811916	0
37131103	0
83932732	0
22006412	0
132201224	1
1647266078	0
126632552	0
16789970	1
1183998762	0
317216233	0
354493762	0
24773493	1
119899270	1
414774285	0
1252129242	0
295868971	0
19186003	1
564908956	0
528484792	0
2291373043	0
2260662498	0
40523440	0
471606410	0
25668918	0
320787415	0
383393464	0
463890972	0
48366585	0
239584537	0
1357793240	0
51535196	0
22930392	0
35137957	0
199317006	0
197628846	0
223360975	0
29157809	0
776063954	0
277107570	0
873631776	0
18943752	0
492616846	0
75927706	0
1334517175	0
29205600	1
182815759	0
54412900	1
860696202	0
171813900	0
19312039	0
1009921273	0
717888988	0
536281139	0
474326839	0
237763317	1
164732631	0
18890707	0
18696134	1
217454584	0
25168293	0
13491312	1
311789873	0
467801778	0
216881337	1
35998429	0
16256269	1
1226281657	0
47127416	0
598384016	0
456986241	0
9532402	1
26459660	0
35060071	0
424122984	0
164007407	1
1127447660	0
728708694	0
40367637	0
1367531	1
89657363	0
10375552	0
28480805	0
1328434170	0
1055907624	1
28856628	0
1915916724	0
708309848	0
108052620	0
11348282	1
104615577	0
15697940	0
1925127612	0
1222580420	0
254310640	0
201791908	0
1189780298	0
502184923	0
25124372	0
2237923975	0
18909919	1
384913290	1
177028305	0
266133081	1
249348006	1
96386080	0
66369181	1
277008614	0
254859330	0
237460752	0
2360123726	0
343588320	0
22113371	0
2221362486	0
1025521	1
79729138	0
1060984272	1
358606388	0
23220731	0
325691585	0
1408162200	0
274824692	0
186299824	0
612117635	1
35762860	0
19216998	0
409522947	0
112765894	0
3135241	1
280346878	0
220208804	0
116141817	0
611886875	0
73303753	1
25226477	0
331678866	0
261918703	0
561628839	0
47544979	0
790097610	0
1718400349	0
15092872	0
1676771268	0
28785486	1
183637495	0
521926535	0
124062781	0
241771567	0
31210583	0
379378754	0
576268700	0
163209579	0
1066076640	0
93189203	0
939091	1
254557147	0
63506775	0
240839950	0
172662933	0
618586017	0
85616770	0
1091456496	0
267889663	0
160647819	0
510516465	1
18678924	1
35081819	0
15980436	0
20618764	0
1689821791	0
356199275	0
2205359364	0
211420609	1
21631487	0
722800129	0
547174027	0
116748080	0
1057859527	1
27136225	0
269893425	0
1921776680	0
2196548623	0
124224165	1
519728645	0
25214807	0
85898279	0
961520071	0
310608280	0
558895964	0
72831557	0
622198206	0
1027156464	1
18294521	1
1725039222	0
222320264	0
251408532	0
1542493423	0
543154345	0
259834782	0
21873714	0
108376246	1
16614802	0
371887563	0
1090002997	1
93552029	0
17111550	0
372503594	0
20015903	1
934933188	0
332340557	0
944917346	1
2370786962	0
78941245	0
103727818	0
351266014	0
1607546875	0
99949940	0
1713542732	0
237600102	0
72129678	0
180389279	0
2179040628	0
517911880	0
2310494503	0
2293131060	0
218357036	0
558831200	0
402190452	0
97239626	0
11883722	0
394303189	0
110420252	0
61842393	0
357580948	0
1496512904	0
425889480	0
168830539	0
15710384	0
23109966	0
34773320	0
1469869638	0
198323147	0
29584150	0
322781751	0
976969338	1
748531489	0
886946899	0
397584127	0
234057152	1
26083271	1
26144769	0
287811065	0
52763281	0
27048645	0
28336822	0
131791939	0
81919296	0
306001688	0
125984383	0
1262557194	0
506462653	0
85396297	1
233557728	0
252819323	1
238314303	0
296068607	0
1058807868	1
49986081	0
14081659	0
452700445	0
207116000	0
1356966632	0
49171436	0
855057596	0
1340326969	0
598123678	0
966442267	1
326210627	0
108617810	1
221508042	0
39322371	0
31285825	0
97298155	0
98910693	0
1912048351	0
547416793	0
868637460	0
189904289	0
584012853	1
176134825	0
606101503	0
1469528666	0
543635294	0
360436349	0
481000411	0
326196796	0
1120550322	0
192441406	0
272542662	1
904655414	0
1060370282	1
121469977	0
73931897	0
46004597	0
1447399590	0
1201824876	0
359222643	0
384111224	0
80958602	0
1658898042	0
439049326	0
195193469	0
209787354	0
362688424	0
432676344	1
55581437	0
147487756	0
11856892	1
108689270	0
97931967	0
1644734071	0
198526130	1
475294870	0
399170640	0
76163900	0
998576058	0
430292078	0
823801824	0
1974399272	0
402719755	1
456032135	0
743694942	0
51943611	0
1350118422	0
30864583	1
39510422	1
353834752	0
2260579802	0
15392139	0
26977568	0
47892311	0
20517132	0
324403737	0
42913132	0
573495038	0
208692908	1
425286290	0
452344217	0
220249920	0
267854863	1
582875320	0
791967744	0
1548079500	0
288963206	0
239964750	0
2314375189	0
1729693597	0
89193992	1
1083448909	1
963480595	1
221528389	0
1058460818	1
26637348	1
5988062	1
221162525	1
1964821772	0
278145569	1
387225200	0
435983624	0
17005219	0
90518536	0
17633159	0
1355805258	0
14579415	0
267339368	0
75578498	0
717905080	0
24183358	1
2318080736	0
1405337395	0
73833569	0
1646054551	0
245451804	1
887385018	0
15987296	0
54446722	0
467787311	0
78387677	1
1138688364	0
224391627	1
318095351	0
44177383	1
178229698	0
36117128	0
240812994	1
1080509366	1
1480654033	0
22242298	0
171693939	0
285737815	0
1055685948	1
25956294	0
1058051748	1
1092248911	0
18205674	0
245419752	0
7597712	1
418078050	0
472587512	0
379815077	0
516880804	1
14764240	0
115733549	1
1674501806	0
1058917562	1
16348437	1
277363853	0
260807192	0
20245031	1
337785530	0
333663029	0
65433355	0
28423263	1
2312501226	0
585441089	0
126171100	1
349979682	0
841342315	0
525736608	0
557050706	0
334965470	0
249814580	0
274255909	0
310347243	0
1730532331	0
867444085	0
297498647	0
85476251	0
154699063	0
93761782	1
1090009730	0
360080772	0
16631939	0
376064104	0
619964159	0
20468251	0
26513860	0
168502762	1
258900199	1
488297851	0
21269970	1
24735461	1
384538886	0
376946273	0
1331884178	0
377534571	1
2227361208	0
17544524	1
24298528	0
37982748	0
195790079	0
411765271	0
254032655	0
995193054	1
175131510	0
2412155161	0
1691191704	0
21797269	0
1228070911	0
123999551	0
7402662	1
2268031692	0
703301119	0
2385644521	0
190328374	1
240385577	1
18732816	0
976404032	0
613404995	0
239871673	1
1897447471	0
55677432	1
22545491	1
156212602	0
305818200	0
2205545306	0
234837632	1
18822612	1
345491974	0
2308777399	0
18030431	1
2207375216	0
70799357	0
148021006	0
23578274	0
296925880	0
903320070	0
15639642	0
161329769	0
22055226	1
213634439	1
8162322	0
1564956584	0
22509548	1
14129299	1
34238458	0
511079500	0
377591325	0
2252607128	0
1015802058	0
756285384	0
264494662	0
90490354	0
14774189	0
34069014	0
1222684418	0
25755336	0
240840748	0
15160884	1
472263579	0
7900962	0
27302870	0
1074101017	1
22028039	0
214209081	0
1601370486	0
2191060944	0
199510192	0
968650362	1
22523087	1
753647880	0
408105171	0
404132211	1
176896268	0
114756202	1
47468096	0
1431823160	0
40750860	0
358302508	0
347395654	0
65146567	1
31744825	0
136682183	0
33530012	1
2322307531	0
546176922	0
237019973	0
1031845399	0
346813911	0
189986982	0
777390745	0
59704563	0
234053893	1
41445718	1
19670455	0
1132232611	0
194720228	1
308852834	0
21144715	0
376527578	0
22669526	1
794546882	0
26818986	0
19576571	0
615537104	0
2352119654	0
21542518	0
494114249	0
1117326481	0
14354562	1
1023294366	0
336699225	0
360338075	0
265639238	0
402029058	1
535181994	0
18170310	1
1068470480	1
109355585	0
1510311302	0
372315769	0
21333396	0
616965232	0
1516670166	0
233601728	0
114299101	0
61046743	0
177974542	0
300013543	0
254226686	0
14857525	1
237853147	0
300430043	0
121171657	0
37836873	0
187108150	0
36738199	0
1710292866	0
248735463	1
40954486	1
284601302	0
1447467186	0
253281321	0
15602331	0
577609337	0
43273533	0
26777550	0
30045475	0
58228306	0
874694125	0
890904109	0
470703779	0
122183484	0
589070172	0
1075303104	0
457733782	0
117661549	0
20545793	1
160919506	0
154233179	0
370467757	0
216486007	0
438040565	0
216855513	0
2264976900	0
378636572	0
321234739	0
2278730858	0
344525024	0
220765205	0
16002085	0
1681848204	0
123421771	0
831933780	0
1228652142	0
1283908939	0
747876121	0
780383160	0
531596035	0
1410590874	1
16827173	1
1625304829	0
429268149	0
110445334	1
22528309	1
132345883	0
233693291	1
372506462	0
18863927	1
242873057	1
430235090	0
36564017	0
304115290	0
1901018683	0
1037321378	1
278433367	0
302113333	0
1609169504	0
17997831	0
1531521632	1
291551843	0
14669951	1
368914608	0
1375871708	0
17340186	0
432766911	0
68281948	0
127963931	0
18646108	1
549438299	0
16336478	0
83195396	0
467636108	0
231898286	0
70590748	0
441040701	0
137084996	0
912598626	0
230720547	0
41861272	0
416644656	0
2317625354	0
28176898	1
401989810	0
581275783	0
91935208	0
18791763	1
27688281	0
1853114688	0
14246001	1
1486445498	0
977560500	0
15715665	0
235279028	0
805188312	0
64507817	0
277193651	0
21910246	0
156763824	0
1045110018	1
614706394	0
36686040	1
1917731	1
280913598	0
249787913	1
1242946140	0
1526488393	0
28008943	0
2316393866	0
526750889	0
1849400233	0
125613253	0
15380417	0
26051676	1
90250351	0
931024693	0
2245423891	0
73791927	0
389357597	0
514749390	0
1232484468	0
935033864	1
27274887	0
952575223	0
414068004	0
49057566	0
702460382	0
243413616	0
121537837	0
122174004	1
265329329	0
237504609	0
858111194	0
246447524	0
20397563	0
260479308	0
935987066	0
1051446626	1
1428792126	0
15007149	1
238264015	0
237862972	1
265993392	0
15976697	1
315992993	0
127919146	0
403639485	0
17120599	0
1105408002	0
328679423	1
130977700	0
70740010	0
894512114	0
78408666	1
2394285656	0
2292332720	0
21572351	1
1157543414	0
130600206	1
249219716	1
346949527	0
337595668	0
2155491151	0
51982954	0
15224867	1
27675227	0
2236668625	0
108323434	0
52052011	0
2304223555	0
538121732	0
50707364	0
470654192	0
1092757885	1
93950784	0
1360075950	0
19612749	0
1382011333	1
55440365	0
37497720	0
117432541	0
1613159058	0
103949895	0
399112142	0
22265452	0
1120582274	0
1089334250	1
461301890	0
198928268	0
12298112	0
240135871	0
22507324	0
117792965	0
381874511	0
741061716	0
325040651	0
294959299	0
457276155	0
1237156340	0
21643972	0
1362806395	0
136550204	1
18579364	0
1326498037	0
40510796	0
598853747	0
573916220	0
3913931	0
91346513	0
2329092852	0
2176134116	0
1461162020	0
183212100	0
15210284	1
133022865	0
171154131	1
18172905	1
123150166	0
938657858	0
191496735	0
252249233	1
137794015	1
220551206	0
65082057	0
1553746556	0
749375898	0
889786374	0
624927613	0
158290255	0
363540832	0
24509586	0
447277172	0
14398250	0
287545295	0
84119348	1
236541422	1
62387220	0
2316645626	0
18622869	1
53725673	0
1422790478	0
1112972713	0
443265529	0
335476450	0
1870463754	0
714409014	0
344516847	0
271007688	0
1387919042	0
627838899	0
33205490	0
1328762540	0
284664892	0
1265860620	0
619541619	0
249327401	0
1023872718	0
138531540	0
22076537	0
49969221	0
21346197	0
1431454158	0
24745957	1
626001129	0
1345850192	0
243502423	0
414543577	0
59281449	0
270792742	0
325830217	1
18496709	0
1035443946	0
286799590	0
1539064994	0
624753464	0
291756142	1
35013862	0
1849074780	0
171598736	1
20209807	1
1431884516	0
15923226	1
1209417007	1
2161486428	0
215346722	0
562618381	0
125208664	0
625296182	0
36691808	0
17680840	0
731524644	0
405785853	0
18566912	1
1444416162	0
930009097	0
836709230	0
432771620	1
50370046	0
287896740	0
193076432	0
216355557	0
24448865	0
378547255	0
24195214	1
41017380	1
540241441	0
39803436	0
271593651	0
232127685	0
148348430	0
1413602821	0
524724189	0
249288197	1
63169388	1
19693903	0
15769734	0
1884258127	0
158397501	0
25382456	0
628559456	0
620708331	0
1872933859	0
23951197	1
2185601035	0
85342505	0
403539769	0
321380757	0
422076926	0
20469722	0
776698136	0
1092750030	0
50552213	0
19201438	0
157305077	0
213207055	0
130274805	0
348522887	0
2309440500	0
143489158	0
783749288	0
559073634	0
562640547	0
608902626	0
49194495	0
20880535	0
1210072844	0
54606494	0
81021861	0
18277655	1
33537967	1
48354257	0
107620932	0
14540659	0
1636639214	0
365239637	0
15941955	1
1342502834	0
569212271	0
971412384	0
295685416	1
1963246038	0
250736913	0
1310708510	0
50634125	0
1539300170	0
1109679128	0
253654580	0
19563355	0
15458694	1
230100284	0
10615232	1
1045853744	1
233949261	1
593718490	0
1186810890	0
1186874899	0
288886063	0
247517295	0
30437038	0
63796828	0
915781920	0
18915145	1
76348185	1
1915018465	0
22698090	0
20608910	1
87714473	0
1237704769	0
467823431	1
249410485	1
108052596	0
1316483802	0
23365717	0
477583514	0
200870788	0
33655490	1
14511951	1
933487722	0
430343685	0
24477294	0
234812598	1
94103877	0
180197930	0
54207182	0
318711662	0
1347830329	0
22812434	1
14110710	0
15918353	0
15554922	1
254174408	0
53420694	0
1979395855	0
462285708	0
295805574	0
1072467470	1
20621911	0
759316808	0
1325640288	0
109071031	1
2175130770	0
4389861	0
231510077	1
15764644	1
15212187	1
127074099	0
43963249	1
27311044	1
1183912596	0
1225410018	0
2192362761	0
589869443	0
240376522	1
424522799	0
351133674	0
1692578893	0
18217624	1
250462634	0
134302187	0
303920466	0
1346817602	0
1686565519	0
61313751	0
743167003	0
39787282	0
118941676	0
26305670	0
418269619	0
1070943116	0
209151429	0
26820795	0
806186582	0
442610682	0
15584433	0
703759688	0
631648466	0
127908221	0
1551310284	0
2294530717	0
1176615978	0
1465964245	0
192041694	0
74960018	0
584583739	0
2188340009	0
32537213	0
121656624	1
586730005	0
1007065914	0
417664241	0
16557756	0
788006827	0
46499643	0
80612021	1
2362779882	0
14345062	1
146263776	0
334127852	0
515898679	0
66209943	0
1673504017	0
224766531	0
2242638817	0
210926192	1
1031118500	0
1602268826	0
399502932	0
242761889	1
355881289	0
48425512	0
27242307	0
18137749	1
21111098	1
724658815	0
70587562	0
112740986	1
594582597	0
1155212191	1
67776968	0
50128726	0
29898014	0
28382250	0
39424870	0
1187949900	0
2340869731	0
53503202	0
16930125	1
242892689	1
1430814439	0
118540429	0
2294105892	0
417393341	0
16739711	0
312435184	0
56864092	1
221793778	1
17750784	0
427742683	0
1190825605	0
26596727	1
569666511	0
1480218668	0
26424123	1
29751942	0
497535334	0
20597460	1
11651202	1
56440142	1
492480327	0
935398104	0
323166438	0
16474026	0
174369590	0
68888437	0
7350652	0
133832049	1
131149247	0
346045240	0
1655093820	0
1080732656	0
119527861	0
1611680690	0
1620243926	0
237750442	1
38516217	0
1705042116	0
422964271	0
2364631970	0
1925431584	0
50731463	0
191688736	0
235190657	1
204881923	0
32265225	0
78569026	1
397382646	0
407053599	0
268007771	0
2467791	1
22508473	1
2435410690	0
1301606089	0
218267731	0
18632666	1
22387804	0
6577802	1
2288502470	0
1122064316	0
14925704	0
156029105	0
20113797	1
79022250	0
17033503	0
484134207	0
29793493	0
2161537962	0
718468320	0
67738195	0
44215945	0
221496713	0
788081918	0
860733170	0
23387115	0
22812754	1
98929990	0
297940478	0
264221149	0
18056015	1
62770351	0
628760912	0
587783109	0
58379000	1
121841737	0
39279393	0
92071963	0
127870840	0
22012091	1
272019676	1
346885718	0
148086041	0
787373558	1
520245212	0
497546508	0
557806506	0
186430550	0
41377639	0
49045755	0
798420806	0
1006482620	0
154139987	1
1915752144	0
1308601632	0
1326751968	0
242618658	1
24045931	0
297532865	1
24670782	0
59888738	0
71358042	0
46724483	0
1468560242	0
1267462094	0
277750492	0
542842941	0
176135285	0
36394602	0
76350004	1
50150341	0
233346654	0
109287731	1
1686107834	0
1093441423	0
6092972	0
250719718	0
58492046	0
308721230	1
29766367	1
759251	1
393821580	0
77839894	1
1716914930	0
10102032	1
82649553	1
1653370998	0
1362944844	0
61906286	0
1932803906	0
221447516	1
1905156690	0
830918346	0
12788332	1
33622411	0
62354707	0
1621009105	0
104727439	0
24913074	1
106591004	0
18221712	0
5357812	1
103335794	0
905020056	0
15603311	0
15762842	0
15555056	0
115979444	1
2361890355	0
575344793	0
157382927	0
16062766	0
218779638	0
2302483196	0
1655816936	0
454947269	0
470366309	0
16130949	0
2409239300	0
270370405	0
29293808	1
244268646	1
16742053	0
942156122	1
703561088	0
382534366	0
17065503	0
1296038210	0
359596838	0
227088228	1
813286	1
137571771	0
1234286196	0
14849664	0
140959145	0
148453195	1
301090775	0
14800483	0
792608948	0
950783972	1
220241174	0
381413722	0
119250381	1
24299006	0
389840566	1
36777778	0
88806753	1
415780303	0
143779492	0
614542142	0
333504114	0
29848453	0
65919935	0
44682276	0
593813785	0
582931822	0
31801993	1
94366606	0
162784542	0
330816212	0
448923637	0
1096507650	0
15428227	1
411997494	0
2252899873	0
14293310	1
40402146	0
18811140	1
1365917090	0
273098660	0
88976164	0
23970171	1
1347674623	0
223523798	0
15014405	0
1347436638	0
2836421	1
15964588	0
38254095	1
37094727	1
64161351	0
372345957	0
14672279	0
16030518	0
91137301	0
240663096	0
247334603	1
20957491	0
26841582	0
28238988	0
30673492	0
35518656	0
322737879	0
1965801554	0
47614124	0
71281860	1
721052064	0
1949611364	0
18008330	0
148006729	1
1301328822	0
1183811947	0
17906632	0
155680896	0
26111775	0
349219528	0
86364947	1
2181453624	0
26316100	0
1556756886	0
20002401	1
19269183	1
321119379	0
1300124792	0
563844379	0
751806494	0
33027306	0
23117388	0
819528355	0
267217520	0
886986138	0
497551327	0
59568948	0
1716366295	0
1905833168	0
448169106	0
148333607	0
289374103	0
360191435	0
450786176	0
23617145	0
317193393	0
144189766	0
279964598	0
1120931132	0
1137600571	1
33060832	0
18480494	0
292990703	1
1117009244	0
33576489	1
17848544	0
463918261	0
990635636	0
18213420	0
214179002	0
195070336	0
885789362	0
22831059	1
22081190	0
153486399	1
236480864	0
37202770	0
374161639	0
1242109014	0
211530910	1
1606703838	0
348857253	0
167856299	0
502440556	0
14529929	1
631876809	0
1902537799	0
700126891	0
20444702	1
32789881	0
67906573	0
1032703770	0
7334402	1
19245431	0
110924703	0
198523967	0
1058345042	1
2296636404	0
15471838	0
1702539968	0
20376424	0
21509894	0
1388590928	0
429181880	0
1073212812	0
283657826	0
460656473	0
1277984012	0
165533941	0
42638402	0
337752039	0
1393599296	0
114607567	1
1144145946	0
377702207	0
237814920	1
851621377	1
1487887076	0
1852819452	0
109280446	1
1665719612	0
537156670	0
411526571	0
488127904	0
34270503	0
95602718	0
191208249	0
21351432	0
592019654	0
385429543	1
234937222	1
26194384	0
47975734	1
1023320856	0
211901075	1
271552521	0
1222283971	0
2321129046	0
1722842137	0
1540496365	0
10025982	0
17530189	0
123667924	0
1962564906	0
110893482	0
93575832	0
40750718	0
960962340	1
222195455	0
16056306	1
1074129612	1
60801758	0
21426423	1
319529691	0
161411080	1
161791703	1
939621458	0
16703058	1
301081520	0
32010840	1
834525002	0
26809683	1
202206694	1
520778762	0
8775672	1
317608866	0
24184717	0
1356531588	0
713463571	0
176260948	0
278005891	1
36737855	0
35758513	0
17896154	1
217550862	0
1110920106	0
1931992778	0
1128781184	1
29865139	0
977369880	0
62330632	0
34340464	1
1033532365	0
830430216	0
155642785	1
1154667132	0
1080602371	0
360605502	0
63787812	0
30027177	0
2369234174	0
5741722	1
551698752	0
545501375	0
1596947036	0
1449407450	0
326551457	0
95509057	0
423688722	0
328258374	0
705661256	0
496786334	0
1879871294	0
2374720591	0
1954751917	0
550401754	1
370076582	0
18820392	0
16298388	0
348861268	0
1623282788	0
14124614	0
36588739	0
88784440	1
16804072	0
2356356972	0
1258312562	0
43216755	0
703640660	0
896620178	0
122473388	0
234906311	1
16018516	0
586045941	0
1115633996	0
485139684	0
1352594924	0
1621076712	0
175102610	0
63749707	0
20733972	1
17291452	0
20906882	0
615181714	0
78966155	0
1430524482	0
21669223	0
8870632	0
14730894	1
1959864463	0
21321475	0
272520742	0
19918558	1
1959387662	0
14216438	0
492378372	0
1154894353	1
1463550048	0
24305421	0
26265640	0
382441782	0
856549532	0
235271965	1
314335929	1
59969802	0
74058012	0
347877928	0
30500021	0
716563918	0
2255274860	0
411766612	0
39793438	0
41634520	1
51228911	1
247496974	0
234374703	1
2168350939	0
455037005	0
267781214	0
26324609	1
17487795	0
339852137	1
230761725	0
14616459	0
1556371026	0
199325935	1
234927299	0
109025212	1
225326840	0
1363394484	0
75367781	1
343171266	1
15600527	1
89526574	0
523397097	0
1092979962	1
63804234	0
206716135	0
260841091	0
47470008	0
68198447	0
2377726519	0
1221321108	0
205420257	0
1243902714	1
1049460835	0
49782398	0
1246599554	0
113420831	1
62907908	0
72874723	0
236899846	1
1891157910	0
505932430	0
85778445	0
270067927	0
331268118	0
1201520622	0
538416721	0
359950567	0
6794502	0
1263944875	0
58287227	0
338553588	0
213182436	0
46176168	1
142721190	1
943501040	0
71070614	0
18317325	1
1065995022	1
21941446	0
87055347	0
259950795	0
506091865	0
1581759588	0
547839797	0
1697235505	0
932421955	0
46016028	1
25768647	0
17074440	1
1143929599	0
2254857197	0
631543401	0
959687432	0
97368029	0
32774989	1
415981838	0
180287231	0
472541504	0
1482327366	0
454953162	0
20552026	1
180895768	0
14275291	1
2324036732	0
346030501	0
14135426	1
191005134	0
14389132	0
16472624	0
286363562	0
163586067	0
390292636	0
991821667	0
20449956	0
1693751167	0
1658254478	0
268496469	0
1497383952	0
1313165581	0
1532014123	0
139574248	0
99157266	0
83200882	0
2317860566	0
216481299	1
805777398	0
361365479	0
97171189	0
807095	1
391413865	0
89820928	1
246499208	0
85606078	1
435877117	0
16385104	0
24135119	0
276763538	0
207731256	0
190699396	0
1870898497	0
1104083418	0
52992670	0
27676828	1
310912778	0
47056405	0
352643501	0
252115520	0
47402168	0
404542591	0
594870776	0
240327228	0
263975503	0
1068990122	0
261263905	0
1357427004	0
19253918	0
586032653	0
451967996	0
18793575	0
23712174	1
252819642	1
195019882	0
18244206	0
8953122	1
33655512	0
19926675	1
287861586	0
323239103	0
17439675	0
18967498	1
29598035	0
796737758	0
180396181	0
305389392	0
85353299	0
1423715941	0
17282256	0
1322558402	0
430830756	0
1733849666	0
449959102	0
733751245	1
1558893368	0
56653367	0
39191258	0
498961346	0
300515560	0
539866149	0
225988631	0
78431501	1
76392970	0
248791332	0
1117640744	0
118152495	0
15751083	1
22262553	0
1905298878	0
1443203875	0
39308549	1
196147086	0
47891535	0
15029174	0
273795671	0
237944147	1
1738425180	0
758067224	0
424263083	0
456911539	0
64022803	0
262424195	0
1699808366	0
360427514	0
169472184	0
293254420	0
613725908	1
485264526	0
778724700	0
427024774	0
1068626984	0
148565166	0
29896465	0
15281676	1
20713061	1
193732179	1
1043702834	0
398232779	0
1516830966	0
864768235	0
2417754469	0
356390382	0
712959254	0
180846791	0
158495061	0
64660952	0
221792092	1
75785294	1
242068532	0
619479855	0
48117116	1
443681123	0
380371286	0
30930019	0
195955478	0
2192766368	0
30043495	1
126644609	0
76651617	0
386455581	0
49316020	0
236916916	1
5558312	1
80473367	0
44117460	0
330001961	0
373311804	0
1849261916	0
180100015	0
234822928	1
269931179	0
8128442	1
292935209	1
572317065	0
19553409	1
242555999	1
996565820	0
886042746	0
98242752	0
28859894	0
16086967	0
1578519660	0
283265252	0
350930593	0
1002313952	0
2265167642	0
1076928920	0
1944510751	0
22417674	0
49697450	0
31350534	0
1694503231	0
1571660059	0
161344057	0
1189735556	0
809050796	0
22819917	0
1602752804	0
14809189	0
578069877	0
311165745	0
155669457	1
1643415560	0
249339682	1
416686487	0
22097192	0
1927804778	0
1077121945	1
33345380	0
287269659	0
1955581326	0
1860099558	0
137381495	0
1408518626	0
317407076	0
1117953943	0
19726613	1
1935184730	0
201877444	0
7713202	1
57977498	0
87318108	0
9624742	1
19891260	0
254775647	0
15116570	1
1925654095	0
17643209	0
14344823	1
308664726	0
558769636	1
40024874	0
198963912	0
189910408	0
50839205	0
560117034	0
2363258587	0
19739126	1
338883349	0
48086014	1
2282872260	0
33665393	0
205886080	0
135931182	1
800162478	0
373011304	0
7270292	1
17976923	1
104797238	0
2337254448	0
97150206	0
5561412	1
42760147	0
191923358	0
581141508	1
223166587	0
193614775	0
28599820	1
1001025787	0
972323274	0
9855382	1
472632386	0
2230533374	0
2704951	1
1611064304	0
342601720	0
224320485	1
121620626	0
364564017	0
1469735982	0
17768436	0
19543987	0
1374923180	0
234024969	0
16031927	1
755802794	0
29501253	1
1403429444	0
1071768498	0
313344689	0
2288373518	0
250188760	1
891678516	0
1920276091	0
16100318	0
49453870	0
10168082	1
453698931	0
54598826	0
165511812	0
1599284149	0
237299871	1
556000874	0
156975310	0
96662959	0
15297551	0
17513304	1
364415553	1
305145458	0
2366260580	0
394272456	0
237129990	0
1020058453	0
317630465	0
39793961	0
377237995	0
133429379	0
64651898	0
776664410	1
235660311	0
63753027	0
1977097572	0
35829796	1
520950046	0
1521740594	0
1061486761	0
425565585	0
32135704	0
111635980	1
334320138	0
1262814457	1
137068935	0
237926856	0
48075643	0
919804596	0
244985138	0
77418275	0
230981077	0
109274506	0
14634720	0
193872188	1
43955137	0
1878559962	0
2241120434	0
209833543	0
1434486529	0
254277011	0
201453157	0
217137252	0
31611298	1
1517363570	0
51241574	1
162069635	1
356291170	0
474232856	0
1931698346	0
245378929	0
159524468	0
15675138	1
1602221707	0
27088314	0
2256726992	0
248852820	0
108671959	0
136471166	0
21220931	1
233238234	0
557671006	0
1060860422	0
2178681566	0
1535579558	0
22731105	0
260760840	0
72405094	0
18161620	0
338811841	0
1385690448	0
1898897300	0
621293247	0
128235400	0
217912727	0
531481241	0
1399903849	0
114887629	0
5392522	1
269908647	0
339814337	0
326208966	0
2162136865	0
80403646	0
131036750	0
53643803	0
30216513	1
860154126	0
19512725	0
405034710	0
16517357	0
85916265	0
1337252017	0
397430607	0
15727317	1
15159913	1
275098108	0
38500956	0
122770149	0
600991865	0
5496932	1
49649077	0
1627252382	0
260396714	0
37461389	0
1279783315	0
19808819	1
1305465990	0
474451843	0
220580561	0
16102244	1
71328021	0
122146840	0
1827782569	0
15954997	1
754277773	0
1920537577	0
21419440	0
381666107	0
25915690	0
17301179	0
19286569	0
1060487274	1
582475251	0
14984637	1
19257799	0
138770045	1
407744769	0
57860368	0
16129920	1
23121519	1
24392175	0
15417358	0
240363117	1
1140648348	1
167699332	0
1911335244	0
1719880621	0
74164455	0
151200240	0
22946355	0
833990756	0
3108351	1
234469322	1
1693373094	0
351109901	0
247420668	0
538646538	0
16583468	1
14763834	0
382791093	1
322794665	0
271985168	0
21636248	0
555593757	0
61250271	0
207317790	0
575766234	0
1002244244	0
84984380	0
1550794628	0
958081542	0
95978223	0
1305596696	1
15922214	1
15522251	0
978690895	0
62090497	0
791002021	0
2196576859	0
34122899	0
200400227	0
23789790	0
121990777	0
1469446608	0
2178860358	0
470126084	0
615953866	0
15745368	1
42734224	0
1503451620	0
193794406	1
538185166	1
324171587	0
1463325120	0
15918708	1
188194323	0
135653370	0
34402366	0
24463788	0
2284159548	0
34932854	0
48587305	0
302382660	0
199286398	0
1462723416	0
359032147	0
400792588	0
572061403	0
247066289	0
930234066	0
34966987	0
2330410284	0
38067927	0
158398519	1
325804079	0
18873711	0
78403308	1
568151409	0
2311117897	0
110545675	1
24795163	0
454060961	0
357253772	0
19028248	1
74895491	0
801084110	0
16187637	1
1365881617	0
628018533	0
98017737	0
845711293	0
593840334	0
1380763326	0
193978839	0
115166212	0
1009269193	1
2253990607	0
105823136	0
287225290	0
137407124	1
426694458	0
245905555	0
1545715382	0
20078009	1
18060177	0
28969421	0
145292853	0
92055121	0
46263050	0
1736053987	0
2238098360	0
11379362	0
240760644	1
301416337	0
965142457	0
1374780043	0
24260994	0
265529710	0
448077090	0
1157424444	0
218206502	0
25162697	0
1350864440	0
204905640	0
71036272	0
19658173	1
15008539	0
124335509	0
66774077	0
770554297	0
1671690367	0
36654245	1
2250858631	0
15985455	1
1396846357	0
385188446	0
1055730738	1
716984711	0
38039087	0
248252582	0
163570705	1
191728014	0
299802435	0
468601121	0
740417436	0
15856366	1
1665514478	0
11650762	1
270017791	0
31128529	1
27385174	0
393585626	0
296361085	1
293131808	1
976579933	0
228784853	0
332040130	0
309267226	1
41750998	0
68917738	0
1874140452	0
159609651	0
458393298	0
403353373	0
249674727	0
2286252732	0
1080844782	1
1372288434	0
255876732	0
49541291	0
784971582	0
22527499	1
21693764	0
16473577	1
159977219	0
140519774	1
27633572	0
31122582	1
32506723	1
1655680988	0
2245220154	0
15075753	1
588237779	0
1468203217	0
188019606	1
242836537	1
193632778	0
19865528	0
351149827	0
18166778	1
303861808	1
343830557	0
17353658	0
1541893820	0
195271137	0
362597648	0
249219490	0
26122639	1
46557945	1
398269985	0
48263046	0
1128514404	1
1262936000	0
537063930	0
305620929	1
15012486	1
156300451	0
305216911	1
757372008	0
32393576	0
1711193490	0
19151741	0
16814879	0
27705441	0
385288144	0
235251868	1
431990191	0
236118432	0
91032815	0
2367536538	0
452004245	0
135297032	1
166536928	0
1476337592	0
32379396	0
589425352	0
633855519	0
17800215	1
235312723	1
123934875	0
983813816	0
359133002	0
246769138	1
602997805	0
30619527	0
2203931420	0
126980084	0
222721984	0
167507135	0
459446627	0
284744912	0
59771400	1
1096059529	1
1385871187	0
1022263688	0
271958454	0
1540360435	0
765038167	0
16803651	0
18029328	0
2361531690	0
60984835	1
112236901	0
404226735	0
1911879768	0
50452197	1
55896443	0
159292313	0
1883356866	0
314761332	0
26607712	0
21786287	0
15356407	1
2739461	0
161743731	1
270182385	0
349379430	0
57751453	0
1265207760	0
27886115	0
16441318	0
96800896	0
23976316	1
21762137	0
350927143	0
539485640	0
407323365	0
275725571	0
77308668	0
30095477	0
330650569	0
108083058	0
1644805254	0
7356562	1
2305315345	0
360804642	0
919927722	0
15207668	1
1214475872	0
44478497	0
16099657	0
857748156	0
1678290240	0
76381104	0
407039290	0
344109654	0
15035209	0
254805061	0
9300262	1
242426145	1
1902563203	0
1909542326	0
185684821	0
21157904	1
253100055	0
396794501	0
30050899	1
47736933	0
209792690	1
11134252	1
480056408	0
14125897	1
1075843532	0
174847410	0
1173237842	0
610415617	0
30823752	0
14597351	0
316819997	0
32007346	0
356881780	0
323511585	0
43108099	0
49675523	0
299883942	1
1214026033	0
293459696	0
793992	0
2236741645	0
16469463	0
1462357878	0
1852444146	0
288295387	0
63502107	0
323863880	0
93723445	0
85418520	0
405134921	0
2301967142	0
148041415	0
284296658	0
1898624934	0
1444380402	0
554109268	0
2297176518	0
1071900114	1
254189414	0
469674025	0
1422126799	0
327798242	0
80958505	0
393603441	0
181101417	0
52989817	0
818586175	0
2277763242	0
31120881	0
1025653922	0
54686639	0
185049728	0
530864692	0
44195577	0
281162551	0
954172328	0
34850480	0
17750110	0
38036372	0
48115928	1
514929629	0
251656840	0
14173315	1
1884324084	0
281540744	1
18891923	1
257658885	0
1246366651	0
330938673	0
1059240924	1
194536303	0
1339931490	0
518644221	1
431266828	0
432092458	0
234022257	1
47747074	1
73925960	0
450108691	0
278124059	1
473199911	0
196619213	0
227036687	0
1630446259	0
16669075	1
75843152	0
1510065122	0
392998644	0
78130610	0
2203399435	0
1906353372	0
56763589	0
116534252	0
15324851	1
209598477	0
244526889	0
1488969002	0
232992031	1
15394954	1
18805303	1
224285242	1
883557414	0
43050282	0
18548136	0
267938462	1
585206397	0
291676686	0
1939381628	0
309605202	0
77017567	0
779118265	0
751212379	0
245136682	0
115488968	0
2253968388	1
1075666608	0
555473643	0
51267980	0
176646411	0
728565668	0
487067075	0
16054728	0
1055362014	0
47412499	1
337122716	0
870670477	0
1572830660	0
391814356	0
13218102	1
1418013151	0
71294756	1
5660532	0
398165004	0
516642662	0
14587949	1
17992453	0
485842327	0
2234105580	0
19929362	1
151589736	0
45151382	0
381152398	1
21950364	0
326043489	0
233724961	0
462033343	0
186506052	0
75347500	0
449795350	0
701303623	0
1439879557	0
246341769	1
186291444	0
378738565	0
219429281	1
1932363210	0
308276891	0
1580451673	0
74302172	0
360893245	0
1375646822	0
237312687	1
119162694	0
21619519	1
490535112	0
224297637	0
1497534576	0
14308987	0
345261756	0
1255785854	0
18216752	1
2184765932	0
1525086182	0
56538228	0
95166404	0
342945847	0
630802892	0
15350894	0
19616327	1
390522985	0
2287788476	0
624186253	0
621500066	0
24300215	0
1624698122	0
236479311	1
594060392	0
1072453910	1
538086333	0
342780479	0
178419778	0
280206584	0
345555778	0
1125409915	0
93936388	0
234014087	1
473401390	0
993153006	1
19139963	1
41464356	0
506033683	0
590696606	0
1652541	1
235217558	1
425489816	0
235591153	0
22903983	0
344033052	0
946114207	0
770448248	0
19407835	1
26778110	1
1327675195	0
169588591	0
78673043	0
15496979	0
801523267	0
45340027	0
399432469	0
125397444	0
72198806	1
197307435	0
1134292500	1
20563979	0
164707575	0
14617444	0
263414131	0
31006603	0
201079432	1
1149312193	0
117974827	0
89814216	0
238861711	0
253149069	0
34666990	0
555845120	0
80111837	0
1406277577	0
529973619	0
950328072	1
153944899	1
1335517206	0
242376736	1
584351142	0
1183865954	0
368977925	0
75398827	0
224294785	1
173363468	0
388958868	0
133864713	0
91179070	0
289530036	0
143889472	0
51284800	0
233601235	0
250710495	1
15434632	0
36183582	0
441425863	0
221614578	0
439596778	0
20841089	0
575385464	0
40526985	0
248850174	1
37920978	1
15939889	1
1490306108	0
433079096	0
463132556	1
2312281051	0
1458461443	0
19877680	0
377773483	0
180142423	0
13067732	0
38787045	0
1143060714	0
452413225	0
18043103	0
1282568923	0
339172700	0
112604826	0
1229226714	0
249834165	0
2305350474	0
2377621136	0
18289929	0
366228554	0
24742936	0
85634199	0
93288759	0
1051127714	1
197290856	0
20071932	0
48807726	0
486380694	0
168666357	0
215909539	0
168673083	1
47632905	0
1069918782	0
28252475	0
1123683068	0
2314336918	0
84129740	1
229197216	1
247850985	0
2369496272	0
85970738	0
15715842	0
153919023	1
499978095	0
1365631760	0
389759292	0
38465240	0
1512666349	0
1656055824	0
1662929678	0
117197307	0
991357832	0
34438002	0
104631905	0
1262623074	0
132278386	1
15948219	0
1011705054	0
251728316	0
20495104	0
612716532	0
110050273	0
113214730	0
237770636	1
247596046	0
62543872	0
123282266	0
133439172	1
1037084538	0
111632324	0
534405915	0
276197098	0
77664666	0
1394549060	0
2199888721	0
225921757	1
91744236	0
428333	1
85634177	0
255829884	0
1328123624	0
325717986	0
266830495	0
611834439	0
960696949	1
15572155	1
433791263	0
1636291356	0
19912734	1
337932925	0
543822491	0
49634881	0
468930111	0
620298978	0
349947276	0
60638933	0
282775291	0
26677801	0
23035691	0
534599939	0
195042501	0
50325797	1
65453528	0
2321775476	0
229592356	1
1071764281	0
2340967118	0
1223102983	0
122719755	0
124196924	0
17525171	0
52503751	1
76452765	1
1634852712	0
1172636797	0
33977070	1
21048033	1
217543151	1
1726999796	0
401955731	0
948491592	0
267583652	0
225242868	0
487906127	0
286898862	0
605098090	0
1071102246	1
1075551668	0
1441675236	0
206428391	0
325298865	0
1626115357	0
600737301	0
43476440	0
1061385474	1
362052555	0
281509650	0
1228818295	0
516131688	0
1222257180	1
158205177	0
28889556	0
248004920	0
23632545	0
1023236538	0
24737755	0
41406567	0
117197740	0
69715433	0
74198348	1
463606038	0
1061006802	0
575749942	0
115754120	0
15448332	0
1131203611	0
298059168	0
610325685	0
241207373	1
1332628436	0
1925656796	0
211254250	0
851120473	0
108619944	0
95070642	0
450708486	0
257170128	0
154648736	0
442824717	1
1571215884	0
308563367	0
1440997712	0
19793648	0
1536065244	0
122207745	1
362654346	0
78369108	1
14859559	0
318464838	0
425527664	0
286034058	0
1552818054	0
37766935	0
266772387	0
986188543	0
1372431026	0
282233418	0
308748838	0
256178459	0
70156027	0
407584834	0
633131271	0
1072382221	1
1437466362	0
373883896	0
1901113928	0
1484301392	0
799658150	0
1198766904	0
785414496	1
84677520	0
1797991	0
608182396	0
170767454	0
15361570	1
9508922	1
376477453	0
190160433	0
373326597	0
122212010	0
44127294	0
22797378	0
1592481150	0
233842454	1
265155317	0
564225302	0
2358445766	0
127894579	0
30313925	1
1058717720	1
20641972	0
1877628114	0
1412998502	0
40466049	0
1008962922	0
13383292	0
100330676	0
330583779	0
5692662	0
1494474121	0
566631178	0
237781383	1
2251095308	0
975200486	1
16712666	0
1656884071	0
1355831521	0
279634424	0
29610442	0
8542882	1
18724011	0
237348797	1
248699486	1
633825457	0
29929730	0
18916432	1
19518515	0
52537790	0
455041792	0
253016264	0
116518445	0
533702418	0
29710286	0
26976860	0
25086658	1
1969641703	0
189236855	0
23536035	0
617382180	0
2281176661	0
1917347892	0
1305481388	0
761840588	0
16560935	0
180032621	0
294965312	0
380001296	0
398990591	0
133448248	0
1608892718	0
409799018	0
1622931326	0
36126319	0
156075520	0
5031151	0
340296149	0
378096410	0
242993672	0
