14412533	0
2163623972	2
249222850	2
1281503318	2
387984038	2
1206306506	2
57931553	2
2258783241	2
63160932	2
25198840	2
15289825	2
1452476780	2
1086619808	2
1623308912	1
2194801027	2
20467163	0
19824430	1
1739650556	2
59558161	2
1444015610	1
804861259	2
252254916	2
40057701	1
2375722164	2
451032276	2
1120298527	2
16860684	2
187414539	2
479674626	2
19394188	0
1155335864	1
20635633	1
248718904	0
252644673	2
534680801	2
932446728	2
235373000	0
1377700518	2
437741704	2
414516629	2
46807181	2
1691930744	2
153694167	2
16705010	2
22509598	2
31054788	2
1545781357	2
5990782	1
239949176	0
174879603	2
547778460	2
15993122	1
44209472	1
17811916	2
37131103	2
83932732	1
22006412	2
132201224	0
1647266078	2
126632552	2
16789970	0
1183998762	2
317216233	2
354493762	2
24773493	0
119899270	1
414774285	2
1252129242	2
295868971	2
19186003	1
564908956	2
528484792	2
2291373043	2
2260662498	2
40523440	2
471606410	2
25668918	2
320787415	2
383393464	2
463890972	2
48366585	2
239584537	2
1357793240	2
51535196	2
22930392	2
35137957	2
199317006	2
197628846	2
223360975	2
29157809	2
776063954	2
277107570	2
873631776	2
18943752	2
492616846	2
75927706	2
1334517175	2
29205600	1
182815759	2
54412900	1
860696202	2
171813900	2
19312039	2
1009921273	2
717888988	2
536281139	2
474326839	2
237763317	0
164732631	2
18890707	2
18696134	0
217454584	2
25168293	2
13491312	0
311789873	2
467801778	2
216881337	0
35998429	2
16256269	0
1226281657	2
47127416	2
598384016	2
456986241	2
9532402	0
26459660	2
35060071	2
424122984	2
164007407	0
1127447660	2
728708694	2
40367637	2
1367531	0
89657363	2
10375552	2
28480805	2
1328434170	2
1055907624	1
28856628	2
1915916724	2
708309848	2
108052620	2
11348282	0
104615577	1
15697940	2
1925127612	2
1222580420	2
254310640	2
201791908	2
1189780298	2
502184923	2
25124372	2
2237923975	2
18909919	0
384913290	0
177028305	2
266133081	0
249348006	0
96386080	2
66369181	0
277008614	2
254859330	2
237460752	2
2360123726	2
343588320	2
22113371	2
2221362486	2
1025521	1
79729138	2
1060984272	1
358606388	2
23220731	2
325691585	2
1408162200	2
274824692	2
186299824	2
612117635	1
35762860	2
19216998	1
409522947	2
112765894	2
3135241	0
280346878	2
220208804	2
116141817	2
611886875	2
73303753	0
25226477	2
331678866	2
261918703	1
561628839	2
47544979	2
790097610	2
1718400349	2
15092872	2
1676771268	2
28785486	0
183637495	2
521926535	2
124062781	2
241771567	2
31210583	2
379378754	2
576268700	2
163209579	2
1066076640	2
93189203	2
939091	0
254557147	2
63506775	2
240839950	2
172662933	2
618586017	2
85616770	2
1091456496	2
267889663	2
160647819	2
510516465	1
18678924	0
35081819	2
15980436	2
20618764	2
1689821791	2
356199275	2
2205359364	2
211420609	0
21631487	1
722800129	2
547174027	2
116748080	2
1057859527	1
27136225	2
269893425	2
1921776680	2
2196548623	2
124224165	0
519728645	2
25214807	2
85898279	2
961520071	2
310608280	2
558895964	2
72831557	2
622198206	2
1027156464	1
18294521	1
1725039222	2
222320264	2
251408532	2
1542493423	2
543154345	2
259834782	2
21873714	2
108376246	0
16614802	2
371887563	2
1090002997	1
93552029	2
17111550	2
372503594	2
20015903	0
934933188	2
332340557	2
944917346	1
2370786962	2
78941245	2
103727818	2
351266014	2
1607546875	2
99949940	2
1713542732	2
237600102	2
72129678	2
180389279	2
2179040628	2
517911880	2
2310494503	2
2293131060	2
218357036	2
558831200	2
402190452	2
97239626	2
11883722	1
394303189	2
110420252	2
61842393	2
357580948	2
1496512904	2
425889480	2
168830539	2
15710384	2
23109966	2
34773320	2
1469869638	2
198323147	2
29584150	2
322781751	2
976969338	1
748531489	2
886946899	2
397584127	2
234057152	0
26083271	1
26144769	2
287811065	2
52763281	2
27048645	1
28336822	2
131791939	2
81919296	2
306001688	2
125984383	2
1262557194	2
506462653	2
85396297	0
233557728	1
252819323	0
238314303	2
296068607	2
1058807868	0
49986081	2
14081659	2
452700445	2
207116000	2
1356966632	2
49171436	2
855057596	2
1340326969	2
598123678	2
966442267	1
326210627	2
108617810	0
221508042	2
39322371	2
31285825	2
97298155	2
98910693	2
1912048351	2
547416793	2
868637460	2
189904289	2
584012853	0
176134825	2
606101503	2
1469528666	2
543635294	2
360436349	2
481000411	2
326196796	2
1120550322	2
192441406	2
272542662	1
904655414	2
1060370282	1
121469977	2
73931897	2
46004597	2
1447399590	2
1201824876	2
359222643	2
384111224	2
80958602	2
1658898042	2
439049326	2
195193469	2
209787354	2
362688424	2
432676344	1
55581437	2
147487756	2
11856892	0
108689270	2
97931967	2
1644734071	2
198526130	0
475294870	2
399170640	2
76163900	2
998576058	2
430292078	2
823801824	2
1974399272	2
402719755	0
456032135	2
743694942	2
51943611	2
1350118422	2
30864583	1
39510422	1
353834752	2
2260579802	2
15392139	2
26977568	2
47892311	2
20517132	2
324403737	2
42913132	2
573495038	2
208692908	0
425286290	2
452344217	2
220249920	2
267854863	0
582875320	2
791967744	2
1548079500	2
288963206	2
239964750	2
2314375189	2
1729693597	2
89193992	1
1083448909	1
963480595	0
221528389	2
1058460818	0
26637348	1
5988062	0
221162525	0
1964821772	2
278145569	0
387225200	2
435983624	2
17005219	2
90518536	2
17633159	2
1355805258	2
14579415	2
267339368	2
75578498	2
717905080	2
24183358	0
2318080736	2
1405337395	2
73833569	2
1646054551	2
245451804	1
887385018	2
15987296	1
54446722	2
467787311	2
78387677	1
1138688364	2
224391627	1
318095351	2
44177383	0
178229698	2
36117128	2
240812994	0
1080509366	1
1480654033	2
22242298	2
171693939	2
285737815	2
1055685948	1
25956294	2
1058051748	1
1092248911	2
18205674	2
245419752	2
7597712	1
418078050	2
472587512	2
379815077	2
516880804	1
14764240	2
115733549	0
1674501806	2
1058917562	1
16348437	0
277363853	2
260807192	2
20245031	1
337785530	2
333663029	2
65433355	2
28423263	1
2312501226	2
585441089	2
126171100	1
349979682	2
841342315	2
525736608	2
557050706	2
334965470	2
249814580	2
274255909	2
310347243	2
1730532331	2
867444085	2
297498647	2
85476251	2
154699063	2
93761782	0
1090009730	2
360080772	2
16631939	2
376064104	2
619964159	2
20468251	2
26513860	2
168502762	0
258900199	0
488297851	2
21269970	0
24735461	0
384538886	2
376946273	2
1331884178	2
377534571	1
2227361208	2
17544524	0
24298528	2
37982748	2
195790079	2
411765271	2
254032655	2
995193054	1
175131510	2
2412155161	2
1691191704	2
21797269	2
1228070911	2
123999551	2
7402662	0
2268031692	2
703301119	2
2385644521	2
190328374	0
240385577	0
18732816	2
976404032	2
613404995	2
239871673	0
1897447471	2
55677432	0
22545491	0
156212602	2
305818200	2
2205545306	2
234837632	0
18822612	2
345491974	2
2308777399	2
18030431	0
2207375216	2
70799357	2
148021006	2
23578274	2
296925880	2
903320070	2
15639642	2
161329769	2
22055226	0
213634439	0
8162322	2
1564956584	2
22509548	0
14129299	2
34238458	2
511079500	2
377591325	2
2252607128	2
1015802058	2
756285384	2
264494662	2
90490354	2
14774189	2
34069014	2
1222684418	2
25755336	2
240840748	2
15160884	0
472263579	2
7900962	2
27302870	2
1074101017	1
22028039	2
214209081	2
1601370486	2
2191060944	2
199510192	2
968650362	0
22523087	0
753647880	2
408105171	2
404132211	1
176896268	2
114756202	0
47468096	2
1431823160	2
40750860	2
358302508	2
347395654	2
65146567	1
31744825	2
136682183	2
33530012	1
2322307531	2
546176922	2
237019973	2
1031845399	2
346813911	2
189986982	2
777390745	2
59704563	2
234053893	0
41445718	1
19670455	2
1132232611	2
194720228	0
308852834	2
21144715	2
376527578	2
22669526	0
794546882	2
26818986	2
19576571	2
615537104	2
2352119654	2
21542518	1
494114249	2
1117326481	2
14354562	2
1023294366	2
336699225	2
360338075	2
265639238	2
402029058	0
535181994	2
18170310	0
1068470480	1
109355585	2
1510311302	2
372315769	2
21333396	1
616965232	2
1516670166	2
233601728	2
114299101	2
61046743	2
177974542	2
300013543	2
254226686	2
14857525	1
237853147	2
300430043	2
121171657	2
37836873	2
187108150	2
36738199	2
1710292866	2
248735463	0
40954486	0
284601302	2
1447467186	2
253281321	2
15602331	2
577609337	2
43273533	2
26777550	1
30045475	2
58228306	2
874694125	2
890904109	2
470703779	2
122183484	2
589070172	2
1075303104	2
457733782	2
117661549	2
20545793	0
160919506	2
154233179	2
370467757	2
216486007	2
438040565	2
216855513	2
2264976900	2
378636572	2
321234739	2
2278730858	2
344525024	2
220765205	2
16002085	2
1681848204	2
123421771	2
831933780	2
1228652142	2
1283908939	2
747876121	2
780383160	2
531596035	2
1410590874	1
16827173	1
1625304829	2
429268149	2
110445334	0
22528309	0
132345883	2
233693291	0
372506462	2
18863927	1
242873057	0
430235090	2
36564017	2
304115290	2
1901018683	2
1037321378	1
278433367	2
302113333	2
1609169504	2
17997831	2
1531521632	1
291551843	2
14669951	0
368914608	2
1375871708	2
17340186	2
432766911	1
68281948	2
127963931	2
18646108	0
549438299	2
16336478	2
83195396	2
467636108	2
231898286	2
70590748	2
441040701	2
137084996	2
912598626	2
230720547	2
41861272	2
416644656	2
2317625354	2
28176898	0
401989810	2
581275783	2
91935208	2
18791763	0
27688281	2
1853114688	2
14246001	0
1486445498	2
977560500	2
15715665	2
235279028	2
805188312	2
64507817	2
277193651	2
21910246	2
156763824	2
1045110018	1
614706394	2
36686040	0
1917731	0
280913598	2
249787913	0
1242946140	2
1526488393	2
28008943	2
2316393866	2
526750889	2
1849400233	2
125613253	2
15380417	2
26051676	0
90250351	2
931024693	2
2245423891	2
73791927	2
389357597	2
514749390	2
1232484468	2
935033864	1
27274887	2
952575223	2
414068004	2
49057566	2
702460382	2
243413616	2
121537837	2
122174004	1
265329329	2
237504609	2
858111194	2
246447524	2
20397563	2
260479308	2
935987066	2
1051446626	1
1428792126	2
15007149	0
238264015	2
237862972	0
265993392	2
15976697	0
315992993	2
127919146	2
403639485	2
17120599	2
1105408002	2
328679423	1
130977700	2
70740010	2
894512114	2
78408666	1
2394285656	2
2292332720	2
21572351	1
1157543414	2
130600206	1
249219716	0
346949527	2
337595668	2
2155491151	2
51982954	2
15224867	0
27675227	2
2236668625	2
108323434	2
52052011	1
2304223555	2
538121732	2
50707364	2
470654192	2
1092757885	1
93950784	2
1360075950	2
19612749	2
1382011333	1
55440365	2
37497720	2
117432541	2
1613159058	2
103949895	1
399112142	2
22265452	2
1120582274	2
1089334250	0
461301890	2
198928268	2
12298112	2
240135871	2
22507324	2
117792965	2
381874511	2
741061716	2
325040651	2
294959299	2
457276155	2
1237156340	2
21643972	2
1362806395	2
136550204	1
18579364	2
1326498037	2
40510796	2
598853747	2
573916220	2
3913931	2
91346513	2
2329092852	2
2176134116	2
1461162020	2
183212100	2
15210284	0
133022865	2
171154131	1
18172905	0
123150166	2
938657858	2
191496735	2
252249233	0
137794015	0
220551206	2
65082057	2
1553746556	2
749375898	2
889786374	2
624927613	2
158290255	2
363540832	2
24509586	2
447277172	2
14398250	2
287545295	2
84119348	0
236541422	0
62387220	2
2316645626	2
18622869	0
53725673	2
1422790478	2
1112972713	2
443265529	2
335476450	2
1870463754	2
714409014	2
344516847	2
271007688	2
1387919042	2
627838899	2
33205490	2
1328762540	2
284664892	2
1265860620	2
619541619	2
249327401	2
1023872718	2
138531540	2
22076537	2
49969221	2
21346197	2
1431454158	2
24745957	0
626001129	2
1345850192	2
243502423	2
414543577	2
59281449	2
270792742	2
325830217	0
18496709	2
1035443946	2
286799590	2
1539064994	2
624753464	2
291756142	0
35013862	2
1849074780	2
171598736	0
20209807	0
1431884516	2
15923226	1
1209417007	1
2161486428	2
215346722	2
562618381	2
125208664	2
625296182	2
36691808	2
17680840	2
731524644	2
405785853	2
18566912	0
1444416162	2
930009097	2
836709230	2
432771620	1
50370046	2
287896740	2
193076432	2
216355557	2
24448865	2
378547255	2
24195214	0
41017380	1
540241441	2
39803436	2
271593651	2
232127685	2
148348430	2
1413602821	2
524724189	2
249288197	0
63169388	0
19693903	2
15769734	2
1884258127	2
158397501	2
25382456	2
628559456	2
620708331	2
1872933859	2
23951197	0
2185601035	2
85342505	2
403539769	2
321380757	2
422076926	2
20469722	2
776698136	2
1092750030	2
50552213	2
19201438	2
157305077	2
213207055	2
130274805	2
348522887	2
2309440500	2
143489158	2
783749288	2
559073634	1
562640547	2
608902626	2
49194495	2
20880535	2
1210072844	2
54606494	2
81021861	2
18277655	0
33537967	0
48354257	2
107620932	2
14540659	2
1636639214	2
365239637	2
15941955	2
1342502834	2
569212271	2
971412384	2
295685416	0
1963246038	2
250736913	2
1310708510	2
50634125	2
1539300170	2
1109679128	2
253654580	2
19563355	2
15458694	0
230100284	2
10615232	0
1045853744	1
233949261	0
593718490	2
1186810890	2
1186874899	2
288886063	2
247517295	2
30437038	2
63796828	2
915781920	2
18915145	0
76348185	1
1915018465	2
22698090	2
20608910	0
87714473	2
1237704769	2
467823431	1
249410485	0
108052596	2
1316483802	2
23365717	2
477583514	2
200870788	2
33655490	0
14511951	0
933487722	2
430343685	2
24477294	2
234812598	0
94103877	2
180197930	2
54207182	2
318711662	2
1347830329	2
22812434	0
14110710	2
15918353	2
15554922	1
254174408	2
53420694	2
1979395855	2
462285708	2
295805574	2
1072467470	1
20621911	2
759316808	2
1325640288	2
109071031	0
2175130770	2
4389861	2
231510077	1
15764644	0
15212187	1
127074099	2
43963249	0
27311044	0
1183912596	2
1225410018	2
2192362761	2
589869443	2
240376522	0
424522799	2
351133674	2
1692578893	2
18217624	0
250462634	2
134302187	2
303920466	2
1346817602	2
1686565519	2
61313751	2
743167003	2
39787282	2
118941676	2
26305670	2
418269619	2
1070943116	2
209151429	2
26820795	2
806186582	2
442610682	2
15584433	2
703759688	2
631648466	2
127908221	2
1551310284	2
2294530717	2
1176615978	2
1465964245	2
192041694	2
74960018	2
584583739	2
2188340009	2
32537213	2
121656624	1
586730005	2
1007065914	2
417664241	2
16557756	2
788006827	2
46499643	2
80612021	0
2362779882	2
14345062	0
146263776	2
334127852	2
515898679	2
66209943	2
1673504017	2
224766531	2
2242638817	2
210926192	0
1031118500	2
1602268826	2
399502932	2
242761889	0
355881289	2
48425512	2
27242307	2
18137749	0
21111098	0
724658815	2
70587562	2
112740986	0
594582597	2
1155212191	1
67776968	2
50128726	2
29898014	2
28382250	2
39424870	2
1187949900	2
2340869731	2
53503202	2
16930125	1
242892689	0
1430814439	2
118540429	2
2294105892	2
417393341	2
16739711	1
312435184	2
56864092	0
221793778	0
17750784	2
427742683	2
1190825605	2
26596727	1
569666511	2
1480218668	2
26424123	0
29751942	2
497535334	2
20597460	0
11651202	1
56440142	1
492480327	2
935398104	2
323166438	2
16474026	2
174369590	2
68888437	2
7350652	2
133832049	0
131149247	2
346045240	2
1655093820	2
1080732656	2
119527861	2
1611680690	2
1620243926	2
237750442	0
38516217	2
1705042116	2
422964271	2
2364631970	2
1925431584	2
50731463	2
191688736	2
235190657	0
204881923	2
32265225	2
78569026	2
397382646	2
407053599	2
268007771	2
2467791	0
22508473	0
2435410690	2
1301606089	2
218267731	2
18632666	0
22387804	2
6577802	0
2288502470	2
1122064316	2
14925704	2
156029105	2
20113797	0
79022250	2
17033503	2
484134207	2
29793493	2
2161537962	2
718468320	2
67738195	2
44215945	2
221496713	2
788081918	2
860733170	2
23387115	2
22812754	0
98929990	2
297940478	2
264221149	2
18056015	1
62770351	2
628760912	2
587783109	2
58379000	0
121841737	2
39279393	1
92071963	2
127870840	2
22012091	0
272019676	1
346885718	2
148086041	2
787373558	1
520245212	2
497546508	2
557806506	2
186430550	2
41377639	2
49045755	2
798420806	2
1006482620	2
154139987	1
1915752144	2
1308601632	2
1326751968	2
242618658	1
24045931	2
297532865	1
24670782	2
59888738	2
71358042	2
46724483	2
1468560242	2
1267462094	2
277750492	2
542842941	2
176135285	2
36394602	2
76350004	0
50150341	2
233346654	2
109287731	0
1686107834	2
1093441423	2
6092972	2
250719718	2
58492046	2
308721230	1
29766367	1
759251	0
393821580	2
77839894	1
1716914930	2
10102032	0
82649553	0
1653370998	2
1362944844	2
61906286	2
1932803906	2
221447516	0
1905156690	2
830918346	2
12788332	0
33622411	2
62354707	2
1621009105	2
104727439	2
24913074	0
106591004	2
18221712	2
5357812	0
103335794	2
905020056	2
15603311	2
15762842	2
15555056	2
115979444	0
2361890355	2
575344793	2
157382927	2
16062766	2
218779638	2
2302483196	2
1655816936	2
454947269	2
470366309	2
16130949	2
2409239300	2
270370405	2
29293808	0
244268646	0
16742053	1
942156122	1
703561088	2
382534366	2
17065503	2
1296038210	2
359596838	2
227088228	0
813286	0
137571771	2
1234286196	2
14849664	2
140959145	2
148453195	0
301090775	2
14800483	2
792608948	2
950783972	1
220241174	2
381413722	2
119250381	0
24299006	2
389840566	1
36777778	2
88806753	0
415780303	2
143779492	2
614542142	2
333504114	2
29848453	2
65919935	2
44682276	1
593813785	2
582931822	2
31801993	0
94366606	2
162784542	2
330816212	2
448923637	2
1096507650	2
15428227	0
411997494	2
2252899873	2
14293310	0
40402146	2
18811140	0
1365917090	2
273098660	2
88976164	2
23970171	0
1347674623	2
223523798	2
15014405	2
1347436638	2
2836421	1
15964588	2
38254095	0
37094727	0
64161351	2
372345957	2
14672279	2
16030518	2
91137301	2
240663096	2
247334603	0
20957491	1
26841582	2
28238988	2
30673492	2
35518656	2
322737879	2
1965801554	2
47614124	2
71281860	1
721052064	2
1949611364	2
18008330	2
148006729	1
1301328822	2
1183811947	2
17906632	1
155680896	2
26111775	2
349219528	2
86364947	1
2181453624	2
26316100	2
1556756886	2
20002401	0
19269183	1
321119379	2
1300124792	2
563844379	2
751806494	2
33027306	2
23117388	2
819528355	2
267217520	2
886986138	2
497551327	2
59568948	2
1716366295	2
1905833168	2
448169106	2
148333607	2
289374103	2
360191435	2
450786176	2
23617145	2
317193393	2
144189766	2
279964598	2
1120931132	2
1137600571	1
33060832	2
18480494	2
292990703	0
1117009244	2
33576489	0
17848544	2
463918261	2
990635636	2
18213420	2
214179002	2
195070336	2
885789362	2
22831059	0
22081190	2
153486399	0
236480864	2
37202770	2
374161639	2
1242109014	2
211530910	0
1606703838	2
348857253	2
167856299	2
502440556	2
14529929	0
631876809	2
1902537799	2
700126891	2
20444702	1
32789881	2
67906573	2
1032703770	2
7334402	0
19245431	1
110924703	1
198523967	2
1058345042	1
2296636404	2
15471838	2
1702539968	2
20376424	2
21509894	1
1388590928	2
429181880	2
1073212812	2
283657826	2
460656473	2
1277984012	2
165533941	2
42638402	2
337752039	2
1393599296	2
114607567	0
1144145946	2
377702207	2
237814920	0
851621377	1
1487887076	2
1852819452	2
109280446	1
1665719612	2
537156670	2
411526571	2
488127904	2
34270503	2
95602718	2
191208249	2
21351432	2
592019654	2
385429543	0
234937222	0
26194384	2
47975734	0
1023320856	2
211901075	0
271552521	2
1222283971	2
2321129046	2
1722842137	2
1540496365	2
10025982	2
17530189	2
123667924	2
1962564906	2
110893482	1
93575832	2
40750718	2
960962340	1
222195455	2
16056306	0
1074129612	1
60801758	2
21426423	1
319529691	2
161411080	0
161791703	0
939621458	2
16703058	1
301081520	2
32010840	0
834525002	2
26809683	1
202206694	0
520778762	2
8775672	0
317608866	2
24184717	2
1356531588	2
713463571	2
176260948	2
278005891	1
36737855	2
35758513	2
17896154	0
217550862	1
1110920106	2
1931992778	2
1128781184	1
29865139	2
977369880	2
62330632	2
34340464	0
1033532365	2
830430216	2
155642785	0
1154667132	2
1080602371	2
360605502	2
63787812	2
30027177	2
2369234174	2
5741722	0
551698752	2
545501375	2
1596947036	2
1449407450	2
326551457	2
95509057	2
423688722	2
328258374	2
705661256	2
496786334	2
1879871294	2
2374720591	2
1954751917	2
550401754	0
370076582	2
18820392	2
16298388	2
348861268	2
1623282788	2
14124614	2
36588739	2
88784440	0
16804072	2
2356356972	2
1258312562	2
43216755	2
703640660	2
896620178	2
122473388	2
234906311	0
16018516	1
586045941	2
1115633996	2
485139684	2
1352594924	2
1621076712	2
175102610	2
63749707	2
20733972	0
17291452	2
20906882	2
615181714	2
78966155	2
1430524482	2
21669223	2
8870632	2
14730894	0
1959864463	2
21321475	2
272520742	2
19918558	0
1959387662	2
14216438	2
492378372	2
1154894353	1
1463550048	2
24305421	2
26265640	2
382441782	2
856549532	2
235271965	0
314335929	0
59969802	1
74058012	2
347877928	2
30500021	2
716563918	2
2255274860	2
411766612	2
39793438	2
41634520	0
51228911	0
247496974	2
234374703	0
2168350939	2
455037005	2
267781214	2
26324609	1
17487795	1
339852137	0
230761725	2
14616459	2
1556371026	2
199325935	0
234927299	2
109025212	0
225326840	2
1363394484	2
75367781	0
343171266	1
15600527	0
89526574	2
523397097	2
1092979962	1
63804234	2
206716135	2
260841091	2
47470008	2
68198447	2
2377726519	2
1221321108	2
205420257	2
1243902714	1
1049460835	2
49782398	2
1246599554	2
113420831	0
62907908	2
72874723	2
236899846	0
1891157910	2
505932430	2
85778445	2
270067927	2
331268118	2
1201520622	2
538416721	2
359950567	2
6794502	1
1263944875	2
58287227	2
338553588	2
213182436	2
46176168	0
142721190	1
943501040	2
71070614	2
18317325	0
1065995022	0
21941446	2
87055347	2
259950795	2
506091865	2
1581759588	2
547839797	2
1697235505	2
932421955	2
46016028	0
25768647	2
17074440	0
1143929599	2
2254857197	2
631543401	2
959687432	2
97368029	2
32774989	2
415981838	2
180287231	2
472541504	2
1482327366	2
454953162	2
20552026	0
180895768	2
14275291	0
2324036732	2
346030501	2
14135426	0
191005134	2
14389132	1
16472624	2
286363562	2
163586067	2
390292636	2
991821667	2
20449956	2
1693751167	2
1658254478	2
268496469	2
1497383952	2
1313165581	2
1532014123	2
139574248	2
99157266	2
83200882	2
2317860566	2
216481299	1
805777398	2
361365479	2
97171189	1
807095	0
391413865	2
89820928	0
246499208	2
85606078	0
435877117	2
16385104	2
24135119	2
276763538	2
207731256	2
190699396	2
1870898497	2
1104083418	2
52992670	1
27676828	0
310912778	2
47056405	2
352643501	2
252115520	2
47402168	2
404542591	2
594870776	2
240327228	2
263975503	2
1068990122	2
261263905	2
1357427004	2
19253918	2
586032653	2
451967996	2
18793575	2
23712174	0
252819642	0
195019882	2
18244206	2
8953122	0
33655512	2
19926675	0
287861586	2
323239103	2
17439675	2
18967498	0
29598035	2
796737758	2
180396181	2
305389392	2
85353299	2
1423715941	2
17282256	2
1322558402	2
430830756	2
1733849666	2
449959102	2
733751245	0
1558893368	2
56653367	2
39191258	2
498961346	2
300515560	2
539866149	2
225988631	2
78431501	0
76392970	2
248791332	2
1117640744	2
118152495	2
15751083	0
22262553	2
1905298878	2
1443203875	2
39308549	0
196147086	2
47891535	2
15029174	1
273795671	2
237944147	0
1738425180	2
758067224	2
424263083	2
456911539	2
64022803	2
262424195	2
1699808366	2
360427514	2
169472184	2
293254420	2
613725908	1
485264526	2
778724700	2
427024774	2
1068626984	2
148565166	2
29896465	2
15281676	0
20713061	0
193732179	0
1043702834	2
398232779	2
1516830966	2
864768235	2
2417754469	2
356390382	2
712959254	2
180846791	2
158495061	2
64660952	2
221792092	0
75785294	1
242068532	2
619479855	2
48117116	0
443681123	2
380371286	2
30930019	2
195955478	2
2192766368	2
30043495	0
126644609	2
76651617	2
386455581	2
49316020	2
236916916	0
5558312	0
80473367	1
44117460	2
330001961	2
373311804	2
1849261916	1
180100015	2
234822928	0
269931179	2
8128442	0
292935209	0
572317065	2
19553409	0
242555999	0
996565820	2
886042746	2
98242752	2
28859894	2
16086967	2
1578519660	2
283265252	2
350930593	2
1002313952	2
2265167642	2
1076928920	2
1944510751	2
22417674	2
49697450	1
31350534	2
1694503231	2
1571660059	2
161344057	2
1189735556	2
809050796	2
22819917	2
1602752804	2
14809189	2
578069877	2
311165745	2
155669457	0
1643415560	2
249339682	0
416686487	2
22097192	2
1927804778	2
1077121945	1
33345380	2
287269659	2
1955581326	2
1860099558	2
137381495	2
1408518626	2
317407076	2
1117953943	2
19726613	0
1935184730	2
201877444	2
7713202	0
57977498	2
87318108	2
9624742	0
19891260	2
254775647	2
15116570	0
1925654095	2
17643209	2
14344823	0
308664726	2
558769636	1
40024874	2
198963912	2
189910408	2
50839205	2
560117034	2
2363258587	2
19739126	0
338883349	2
48086014	0
2282872260	2
33665393	2
205886080	2
135931182	1
800162478	2
373011304	2
7270292	0
17976923	0
104797238	2
2337254448	2
97150206	2
5561412	0
42760147	2
191923358	2
581141508	1
223166587	2
193614775	2
28599820	0
1001025787	2
972323274	2
9855382	0
472632386	2
2230533374	2
2704951	0
1611064304	2
342601720	2
224320485	0
121620626	2
364564017	2
1469735982	2
17768436	2
19543987	2
1374923180	2
234024969	2
16031927	0
755802794	2
29501253	0
1403429444	2
1071768498	2
313344689	2
2288373518	2
250188760	0
891678516	2
1920276091	2
16100318	2
49453870	2
10168082	0
453698931	2
54598826	2
165511812	2
1599284149	2
237299871	0
556000874	2
156975310	1
96662959	2
15297551	2
17513304	0
364415553	1
305145458	2
2366260580	2
394272456	2
237129990	2
1020058453	1
317630465	2
39793961	2
377237995	2
133429379	2
64651898	2
776664410	1
235660311	2
63753027	2
1977097572	2
35829796	1
520950046	2
1521740594	2
1061486761	2
425565585	2
32135704	1
111635980	0
334320138	2
1262814457	1
137068935	2
237926856	2
48075643	2
919804596	2
244985138	2
77418275	2
230981077	2
109274506	2
14634720	2
193872188	0
43955137	2
1878559962	2
2241120434	2
209833543	2
1434486529	2
254277011	2
201453157	2
217137252	2
31611298	0
1517363570	2
51241574	0
162069635	0
356291170	2
474232856	1
1931698346	2
245378929	2
159524468	2
15675138	0
1602221707	2
27088314	2
2256726992	2
248852820	2
108671959	2
136471166	2
21220931	0
233238234	2
557671006	2
1060860422	2
2178681566	2
1535579558	2
22731105	2
260760840	2
72405094	2
18161620	2
338811841	2
1385690448	2
1898897300	2
621293247	2
128235400	2
217912727	2
531481241	2
1399903849	2
114887629	2
5392522	0
269908647	2
339814337	2
326208966	2
2162136865	2
80403646	2
131036750	2
53643803	2
30216513	0
860154126	2
19512725	2
405034710	2
16517357	2
85916265	2
1337252017	2
397430607	2
15727317	1
15159913	1
275098108	2
38500956	2
122770149	2
600991865	2
5496932	0
49649077	2
1627252382	2
260396714	2
37461389	1
1279783315	2
19808819	1
1305465990	2
474451843	2
220580561	2
16102244	0
71328021	2
122146840	2
1827782569	2
15954997	0
754277773	2
1920537577	2
21419440	2
381666107	2
25915690	2
17301179	2
19286569	2
1060487274	0
582475251	2
14984637	0
19257799	2
138770045	0
407744769	2
57860368	2
16129920	0
23121519	0
24392175	2
15417358	2
240363117	0
1140648348	1
167699332	2
1911335244	2
1719880621	2
74164455	2
151200240	2
22946355	2
833990756	2
3108351	0
234469322	0
1693373094	2
351109901	2
247420668	2
538646538	2
16583468	0
14763834	2
382791093	0
322794665	2
271985168	2
21636248	2
555593757	2
61250271	2
207317790	2
575766234	2
1002244244	2
84984380	2
1550794628	2
958081542	2
95978223	2
1305596696	1
15922214	0
15522251	2
978690895	2
62090497	2
791002021	2
2196576859	2
34122899	2
200400227	2
23789790	2
121990777	2
1469446608	2
2178860358	2
470126084	2
615953866	2
15745368	0
42734224	2
1503451620	2
193794406	0
538185166	0
324171587	2
1463325120	2
15918708	0
188194323	2
135653370	2
34402366	2
24463788	2
2284159548	2
34932854	2
48587305	2
302382660	2
199286398	2
1462723416	2
359032147	2
400792588	2
572061403	2
247066289	2
930234066	2
34966987	2
2330410284	2
38067927	2
158398519	0
325804079	2
18873711	1
78403308	0
568151409	2
2311117897	2
110545675	0
24795163	2
454060961	2
357253772	2
19028248	0
74895491	2
801084110	2
16187637	1
1365881617	2
628018533	2
98017737	2
845711293	2
593840334	2
1380763326	2
193978839	2
115166212	2
1009269193	1
2253990607	2
105823136	2
287225290	2
137407124	0
426694458	2
245905555	2
1545715382	2
20078009	1
18060177	2
28969421	2
145292853	2
92055121	2
46263050	2
1736053987	2
2238098360	2
11379362	2
240760644	0
301416337	2
965142457	2
1374780043	2
24260994	2
265529710	2
448077090	2
1157424444	2
218206502	2
25162697	1
1350864440	2
204905640	2
71036272	2
19658173	0
15008539	2
124335509	2
66774077	2
770554297	2
1671690367	2
36654245	0
2250858631	2
15985455	0
1396846357	2
385188446	2
1055730738	0
716984711	2
38039087	2
248252582	2
163570705	0
191728014	2
299802435	2
468601121	2
740417436	2
15856366	0
1665514478	2
11650762	0
270017791	2
31128529	0
27385174	2
393585626	2
296361085	0
293131808	0
976579933	2
228784853	2
332040130	2
309267226	0
41750998	2
68917738	2
1874140452	2
159609651	2
458393298	2
403353373	2
249674727	2
2286252732	2
1080844782	1
1372288434	2
255876732	2
49541291	2
784971582	2
22527499	0
21693764	2
16473577	1
159977219	2
140519774	0
27633572	2
31122582	0
32506723	0
1655680988	2
2245220154	2
15075753	1
588237779	2
1468203217	2
188019606	0
242836537	0
193632778	2
19865528	2
351149827	2
18166778	0
303861808	1
343830557	2
17353658	2
1541893820	2
195271137	1
362597648	2
249219490	2
26122639	1
46557945	1
398269985	2
48263046	2
1128514404	1
1262936000	2
537063930	2
305620929	1
15012486	0
156300451	2
305216911	0
757372008	2
32393576	2
1711193490	2
19151741	2
16814879	2
27705441	2
385288144	2
235251868	0
431990191	2
236118432	2
91032815	2
2367536538	2
452004245	2
135297032	0
166536928	2
1476337592	2
32379396	2
589425352	2
633855519	2
17800215	0
235312723	0
123934875	2
983813816	2
359133002	2
246769138	0
602997805	2
30619527	2
2203931420	2
126980084	2
222721984	2
167507135	2
459446627	2
284744912	2
59771400	1
1096059529	0
1385871187	2
1022263688	2
271958454	2
1540360435	2
765038167	2
16803651	2
18029328	1
2361531690	2
60984835	1
112236901	2
404226735	2
1911879768	2
50452197	0
55896443	2
159292313	2
1883356866	2
314761332	2
26607712	2
21786287	2
15356407	0
2739461	2
161743731	0
270182385	2
349379430	2
57751453	1
1265207760	2
27886115	2
16441318	2
96800896	2
23976316	0
21762137	2
350927143	2
539485640	2
407323365	2
275725571	2
77308668	2
30095477	2
330650569	2
108083058	2
1644805254	2
7356562	0
2305315345	2
360804642	2
919927722	2
15207668	0
1214475872	2
44478497	2
16099657	2
857748156	2
1678290240	2
76381104	2
407039290	1
344109654	2
15035209	2
254805061	2
9300262	0
242426145	0
1902563203	2
1909542326	2
185684821	2
21157904	0
253100055	2
396794501	2
30050899	1
47736933	2
209792690	0
11134252	0
480056408	2
14125897	1
1075843532	2
174847410	2
1173237842	2
610415617	2
30823752	2
14597351	2
316819997	2
32007346	1
356881780	2
323511585	2
43108099	2
49675523	2
299883942	0
1214026033	2
293459696	2
793992	2
2236741645	2
16469463	2
1462357878	2
1852444146	2
288295387	2
63502107	2
323863880	2
93723445	2
85418520	2
405134921	2
2301967142	2
148041415	2
284296658	2
1898624934	2
1444380402	2
554109268	2
2297176518	2
1071900114	1
254189414	2
469674025	2
1422126799	2
327798242	2
80958505	2
393603441	2
181101417	2
52989817	2
818586175	2
2277763242	2
31120881	2
1025653922	2
54686639	2
185049728	2
530864692	2
44195577	2
281162551	2
954172328	2
34850480	2
17750110	2
38036372	2
48115928	1
514929629	2
251656840	2
14173315	0
1884324084	2
281540744	0
18891923	0
257658885	2
1246366651	2
330938673	2
1059240924	1
194536303	2
1339931490	1
518644221	1
431266828	2
432092458	2
234022257	0
47747074	1
73925960	2
450108691	2
278124059	0
473199911	2
196619213	2
227036687	2
1630446259	2
16669075	0
75843152	2
1510065122	2
392998644	2
78130610	2
2203399435	2
1906353372	2
56763589	2
116534252	2
15324851	0
209598477	2
244526889	2
1488969002	2
232992031	0
15394954	0
18805303	0
224285242	0
883557414	2
43050282	2
18548136	2
267938462	0
585206397	2
291676686	2
1939381628	2
309605202	2
77017567	2
779118265	2
751212379	2
245136682	2
115488968	2
2253968388	1
1075666608	2
555473643	2
51267980	2
176646411	2
728565668	2
487067075	2
16054728	2
1055362014	2
47412499	0
337122716	2
870670477	2
1572830660	2
391814356	2
13218102	0
1418013151	2
71294756	0
5660532	1
398165004	2
516642662	2
14587949	1
17992453	2
485842327	2
2234105580	2
19929362	0
151589736	2
45151382	2
381152398	0
21950364	2
326043489	2
233724961	2
462033343	2
186506052	2
75347500	2
449795350	2
701303623	2
1439879557	2
246341769	0
186291444	2
378738565	2
219429281	0
1932363210	2
308276891	2
1580451673	2
74302172	2
360893245	2
1375646822	2
237312687	0
119162694	2
21619519	0
490535112	2
224297637	2
1497534576	2
14308987	2
345261756	2
1255785854	2
18216752	0
2184765932	2
1525086182	2
56538228	2
95166404	2
342945847	2
630802892	2
15350894	2
19616327	0
390522985	2
2287788476	2
624186253	2
621500066	2
24300215	2
1624698122	2
236479311	0
594060392	2
1072453910	1
538086333	2
342780479	2
178419778	2
280206584	2
345555778	2
1125409915	2
93936388	2
234014087	0
473401390	2
993153006	1
19139963	0
41464356	2
506033683	2
590696606	2
1652541	0
235217558	0
425489816	2
235591153	2
22903983	2
344033052	2
946114207	2
770448248	2
19407835	0
26778110	0
1327675195	2
169588591	2
78673043	2
15496979	2
801523267	2
45340027	2
399432469	2
125397444	2
72198806	0
197307435	2
1134292500	1
20563979	2
164707575	2
14617444	2
263414131	2
31006603	2
201079432	0
1149312193	2
117974827	2
89814216	2
238861711	2
253149069	2
34666990	2
555845120	2
80111837	1
1406277577	2
529973619	2
950328072	1
153944899	0
1335517206	2
242376736	0
584351142	2
1183865954	2
368977925	2
75398827	2
224294785	0
173363468	2
388958868	2
133864713	2
91179070	2
289530036	2
143889472	2
51284800	2
233601235	2
250710495	1
15434632	2
36183582	2
441425863	2
221614578	2
439596778	2
20841089	2
575385464	2
40526985	2
248850174	0
37920978	0
15939889	0
1490306108	2
433079096	2
463132556	1
2312281051	2
1458461443	2
19877680	2
377773483	2
180142423	2
13067732	1
38787045	2
1143060714	2
452413225	2
18043103	2
1282568923	2
339172700	2
112604826	2
1229226714	2
249834165	2
2305350474	2
2377621136	2
18289929	2
366228554	2
24742936	2
85634199	1
93288759	2
1051127714	1
197290856	2
20071932	2
48807726	2
486380694	2
168666357	2
215909539	2
168673083	0
47632905	1
1069918782	2
28252475	2
1123683068	2
2314336918	1
84129740	0
229197216	0
247850985	2
2369496272	2
85970738	2
15715842	2
153919023	1
499978095	2
1365631760	2
389759292	2
38465240	2
1512666349	2
1656055824	2
1662929678	2
117197307	2
991357832	2
34438002	2
104631905	2
1262623074	2
132278386	0
15948219	2
1011705054	2
251728316	2
20495104	2
612716532	2
110050273	2
113214730	2
237770636	0
247596046	2
62543872	2
123282266	2
133439172	0
1037084538	2
111632324	2
534405915	2
276197098	2
77664666	2
1394549060	2
2199888721	2
225921757	0
91744236	2
428333	0
85634177	1
255829884	2
1328123624	2
325717986	2
266830495	1
611834439	2
960696949	1
15572155	1
433791263	2
1636291356	2
19912734	1
337932925	2
543822491	2
49634881	2
468930111	2
620298978	1
349947276	2
60638933	2
282775291	2
26677801	2
23035691	2
534599939	2
195042501	2
50325797	0
65453528	2
2321775476	2
229592356	0
1071764281	2
2340967118	2
1223102983	2
122719755	2
124196924	2
17525171	1
52503751	0
76452765	0
1634852712	2
1172636797	2
33977070	0
21048033	1
217543151	0
1726999796	2
401955731	2
948491592	2
267583652	2
225242868	2
487906127	2
286898862	2
605098090	2
1071102246	1
1075551668	2
1441675236	2
206428391	2
325298865	2
1626115357	2
600737301	2
43476440	2
1061385474	1
362052555	2
281509650	2
1228818295	2
516131688	2
1222257180	1
158205177	2
28889556	2
248004920	2
23632545	2
1023236538	2
24737755	2
41406567	2
117197740	2
69715433	2
74198348	0
463606038	2
1061006802	2
575749942	2
115754120	2
15448332	2
1131203611	2
298059168	2
610325685	2
241207373	0
1332628436	2
1925656796	2
211254250	2
851120473	2
108619944	2
95070642	2
450708486	2
257170128	2
154648736	2
442824717	1
1571215884	2
308563367	2
1440997712	2
19793648	2
1536065244	2
122207745	1
362654346	2
78369108	0
14859559	2
318464838	2
425527664	2
286034058	2
1552818054	2
37766935	2
266772387	2
986188543	2
1372431026	2
282233418	2
308748838	2
256178459	2
70156027	2
407584834	2
633131271	2
1072382221	1
1437466362	2
373883896	2
1901113928	2
1484301392	2
799658150	2
1198766904	2
785414496	1
84677520	2
1797991	2
608182396	2
170767454	2
15361570	0
9508922	0
376477453	2
190160433	2
373326597	2
122212010	2
44127294	2
22797378	2
1592481150	2
233842454	0
265155317	2
564225302	2
2358445766	2
127894579	2
30313925	0
1058717720	1
20641972	2
1877628114	2
1412998502	2
40466049	2
1008962922	1
13383292	2
100330676	2
330583779	2
5692662	2
1494474121	2
566631178	2
237781383	0
2251095308	2
975200486	1
16712666	2
1656884071	2
1355831521	2
279634424	2
29610442	2
8542882	0
18724011	2
237348797	0
248699486	0
633825457	2
29929730	2
18916432	0
19518515	2
52537790	2
455041792	2
253016264	2
116518445	2
533702418	2
29710286	2
26976860	2
25086658	0
1969641703	2
189236855	2
23536035	2
617382180	2
2281176661	2
1917347892	2
1305481388	2
761840588	2
16560935	2
180032621	2
294965312	2
380001296	2
398990591	2
133448248	2
1608892718	2
409799018	2
1622931326	2
36126319	2
156075520	2
5031151	2
340296149	2
378096410	2
242993672	2
