14412533	2
2163623972	1
249222850	0
1281503318	0
387984038	0
1206306506	0
57931553	0
2258783241	0
63160932	0
25198840	0
15289825	0
1452476780	0
1086619808	0
1623308912	1
2194801027	0
20467163	2
19824430	0
1739650556	0
59558161	0
1444015610	0
804861259	0
252254916	0
40057701	0
2375722164	0
451032276	0
1120298527	0
16860684	0
187414539	0
479674626	0
19394188	2
1155335864	1
20635633	1
248718904	2
252644673	0
534680801	0
932446728	0
235373000	2
1377700518	0
437741704	0
414516629	0
46807181	0
1691930744	0
153694167	0
16705010	0
22509598	0
31054788	0
1545781357	0
5990782	0
239949176	2
174879603	0
547778460	0
15993122	0
44209472	1
17811916	0
37131103	1
83932732	0
22006412	0
132201224	2
1647266078	0
126632552	0
16789970	2
1183998762	0
317216233	0
354493762	0
24773493	2
119899270	0
414774285	0
1252129242	0
295868971	0
19186003	0
564908956	0
528484792	0
2291373043	0
2260662498	0
40523440	0
471606410	0
25668918	0
320787415	0
383393464	0
463890972	0
48366585	0
239584537	0
1357793240	0
51535196	0
22930392	0
35137957	0
199317006	1
197628846	0
223360975	0
29157809	0
776063954	0
277107570	0
873631776	0
18943752	0
492616846	0
75927706	0
1334517175	0
29205600	0
182815759	0
54412900	2
860696202	1
171813900	0
19312039	0
1009921273	0
717888988	0
536281139	0
474326839	0
237763317	2
164732631	0
18890707	0
18696134	2
217454584	0
25168293	0
13491312	2
311789873	0
467801778	0
216881337	2
35998429	0
16256269	2
1226281657	0
47127416	0
598384016	0
456986241	0
9532402	2
26459660	0
35060071	0
424122984	0
164007407	2
1127447660	0
728708694	0
40367637	0
1367531	2
89657363	1
10375552	0
28480805	0
1328434170	0
1055907624	2
28856628	0
1915916724	0
708309848	0
108052620	0
11348282	2
104615577	0
15697940	0
1925127612	0
1222580420	0
254310640	0
201791908	0
1189780298	0
502184923	0
25124372	0
2237923975	0
18909919	2
384913290	2
177028305	0
266133081	2
249348006	2
96386080	0
66369181	2
277008614	0
254859330	0
237460752	0
2360123726	0
343588320	0
22113371	0
2221362486	0
1025521	0
79729138	0
1060984272	2
358606388	0
23220731	0
325691585	0
1408162200	0
274824692	0
186299824	0
612117635	2
35762860	0
19216998	0
409522947	1
112765894	0
3135241	2
280346878	0
220208804	0
116141817	0
611886875	0
73303753	2
25226477	0
331678866	0
261918703	0
561628839	0
47544979	0
790097610	0
1718400349	1
15092872	0
1676771268	0
28785486	2
183637495	0
521926535	0
124062781	0
241771567	0
31210583	0
379378754	0
576268700	0
163209579	0
1066076640	1
93189203	1
939091	2
254557147	0
63506775	0
240839950	0
172662933	0
618586017	0
85616770	0
1091456496	0
267889663	0
160647819	0
510516465	1
18678924	2
35081819	0
15980436	0
20618764	0
1689821791	0
356199275	1
2205359364	0
211420609	2
21631487	0
722800129	0
547174027	0
116748080	0
1057859527	1
27136225	0
269893425	1
1921776680	0
2196548623	0
124224165	2
519728645	0
25214807	0
85898279	0
961520071	0
310608280	0
558895964	0
72831557	0
622198206	0
1027156464	2
18294521	1
1725039222	0
222320264	0
251408532	0
1542493423	0
543154345	0
259834782	1
21873714	0
108376246	2
16614802	0
371887563	0
1090002997	2
93552029	0
17111550	1
372503594	0
20015903	2
934933188	0
332340557	0
944917346	1
2370786962	0
78941245	0
103727818	0
351266014	0
1607546875	0
99949940	0
1713542732	1
237600102	0
72129678	0
180389279	0
2179040628	0
517911880	0
2310494503	0
2293131060	1
218357036	0
558831200	0
402190452	0
97239626	0
11883722	0
394303189	0
110420252	0
61842393	0
357580948	0
1496512904	0
425889480	0
168830539	0
15710384	1
23109966	0
34773320	0
1469869638	0
198323147	0
29584150	1
322781751	0
976969338	1
748531489	0
886946899	0
397584127	0
234057152	2
26083271	1
26144769	0
287811065	0
52763281	0
27048645	0
28336822	0
131791939	0
81919296	1
306001688	0
125984383	0
1262557194	0
506462653	0
85396297	2
233557728	0
252819323	2
238314303	0
296068607	0
1058807868	2
49986081	0
14081659	0
452700445	0
207116000	0
1356966632	0
49171436	0
855057596	0
1340326969	0
598123678	0
966442267	1
326210627	0
108617810	2
221508042	0
39322371	0
31285825	0
97298155	0
98910693	0
1912048351	0
547416793	0
868637460	1
189904289	0
584012853	2
176134825	0
606101503	0
1469528666	0
543635294	0
360436349	0
481000411	0
326196796	1
1120550322	0
192441406	0
272542662	0
904655414	0
1060370282	2
121469977	0
73931897	0
46004597	0
1447399590	0
1201824876	0
359222643	0
384111224	0
80958602	0
1658898042	0
439049326	0
195193469	0
209787354	0
362688424	0
432676344	1
55581437	0
147487756	0
11856892	2
108689270	0
97931967	0
1644734071	0
198526130	2
475294870	0
399170640	0
76163900	0
998576058	1
430292078	0
823801824	0
1974399272	0
402719755	2
456032135	0
743694942	0
51943611	0
1350118422	0
30864583	0
39510422	1
353834752	0
2260579802	0
15392139	0
26977568	0
47892311	1
20517132	0
324403737	0
42913132	0
573495038	0
208692908	2
425286290	0
452344217	0
220249920	0
267854863	2
582875320	1
791967744	0
1548079500	1
288963206	0
239964750	0
2314375189	1
1729693597	0
89193992	1
1083448909	1
963480595	1
221528389	0
1058460818	2
26637348	1
5988062	2
221162525	2
1964821772	0
278145569	2
387225200	0
435983624	0
17005219	0
90518536	0
17633159	0
1355805258	0
14579415	1
267339368	1
75578498	0
717905080	0
24183358	2
2318080736	0
1405337395	0
73833569	0
1646054551	0
245451804	2
887385018	0
15987296	0
54446722	0
467787311	0
78387677	1
1138688364	0
224391627	1
318095351	0
44177383	2
178229698	0
36117128	0
240812994	2
1080509366	1
1480654033	0
22242298	0
171693939	0
285737815	0
1055685948	1
25956294	0
1058051748	1
1092248911	0
18205674	0
245419752	0
7597712	0
418078050	0
472587512	0
379815077	0
516880804	1
14764240	0
115733549	2
1674501806	0
1058917562	2
16348437	2
277363853	0
260807192	0
20245031	1
337785530	0
333663029	0
65433355	0
28423263	1
2312501226	0
585441089	0
126171100	1
349979682	0
841342315	0
525736608	0
557050706	0
334965470	0
249814580	0
274255909	0
310347243	0
1730532331	0
867444085	0
297498647	1
85476251	0
154699063	0
93761782	2
1090009730	0
360080772	0
16631939	0
376064104	0
619964159	0
20468251	0
26513860	0
168502762	2
258900199	2
488297851	0
21269970	2
24735461	2
384538886	0
376946273	0
1331884178	0
377534571	1
2227361208	0
17544524	2
24298528	0
37982748	0
195790079	0
411765271	0
254032655	0
995193054	2
175131510	0
2412155161	0
1691191704	0
21797269	0
1228070911	0
123999551	0
7402662	2
2268031692	0
703301119	0
2385644521	0
190328374	2
240385577	2
18732816	1
976404032	0
613404995	0
239871673	2
1897447471	0
55677432	2
22545491	2
156212602	0
305818200	0
2205545306	0
234837632	2
18822612	1
345491974	0
2308777399	0
18030431	2
2207375216	0
70799357	0
148021006	0
23578274	0
296925880	0
903320070	0
15639642	1
161329769	0
22055226	2
213634439	2
8162322	0
1564956584	0
22509548	2
14129299	1
34238458	0
511079500	0
377591325	0
2252607128	0
1015802058	0
756285384	0
264494662	0
90490354	0
14774189	0
34069014	1
1222684418	0
25755336	0
240840748	0
15160884	2
472263579	0
7900962	0
27302870	0
1074101017	1
22028039	0
214209081	0
1601370486	0
2191060944	0
199510192	0
968650362	2
22523087	2
753647880	0
408105171	0
404132211	1
176896268	0
114756202	2
47468096	0
1431823160	0
40750860	0
358302508	0
347395654	0
65146567	0
31744825	0
136682183	0
33530012	1
2322307531	1
546176922	0
237019973	0
1031845399	0
346813911	0
189986982	0
777390745	0
59704563	0
234053893	2
41445718	3
19670455	0
1132232611	0
194720228	2
308852834	0
21144715	0
376527578	1
22669526	2
794546882	0
26818986	0
19576571	0
615537104	0
2352119654	0
21542518	0
494114249	0
1117326481	0
14354562	1
1023294366	0
336699225	0
360338075	0
265639238	1
402029058	2
535181994	0
18170310	2
1068470480	1
109355585	0
1510311302	0
372315769	0
21333396	0
616965232	0
1516670166	0
233601728	0
114299101	0
61046743	0
177974542	0
300013543	0
254226686	0
14857525	0
237853147	0
300430043	0
121171657	0
37836873	1
187108150	0
36738199	0
1710292866	0
248735463	2
40954486	2
284601302	0
1447467186	0
253281321	0
15602331	0
577609337	0
43273533	0
26777550	0
30045475	0
58228306	0
874694125	0
890904109	0
470703779	0
122183484	0
589070172	0
1075303104	0
457733782	0
117661549	0
20545793	2
160919506	0
154233179	0
370467757	0
216486007	0
438040565	0
216855513	0
2264976900	0
378636572	0
321234739	0
2278730858	0
344525024	0
220765205	0
16002085	0
1681848204	0
123421771	0
831933780	0
1228652142	0
1283908939	0
747876121	1
780383160	0
531596035	0
1410590874	0
16827173	0
1625304829	0
429268149	0
110445334	2
22528309	2
132345883	0
233693291	2
372506462	0
18863927	1
242873057	2
430235090	0
36564017	0
304115290	0
1901018683	0
1037321378	2
278433367	1
302113333	0
1609169504	0
17997831	0
1531521632	0
291551843	0
14669951	2
368914608	0
1375871708	0
17340186	1
432766911	0
68281948	0
127963931	0
18646108	2
549438299	0
16336478	0
83195396	0
467636108	0
231898286	0
70590748	0
441040701	0
137084996	0
912598626	1
230720547	0
41861272	0
416644656	0
2317625354	0
28176898	2
401989810	0
581275783	0
91935208	0
18791763	2
27688281	0
1853114688	1
14246001	2
1486445498	0
977560500	1
15715665	0
235279028	0
805188312	0
64507817	1
277193651	0
21910246	0
156763824	0
1045110018	1
614706394	0
36686040	2
1917731	2
280913598	0
249787913	2
1242946140	0
1526488393	0
28008943	0
2316393866	0
526750889	0
1849400233	0
125613253	0
15380417	0
26051676	2
90250351	0
931024693	0
2245423891	0
73791927	0
389357597	1
514749390	0
1232484468	0
935033864	2
27274887	0
952575223	1
414068004	0
49057566	0
702460382	0
243413616	0
121537837	0
122174004	1
265329329	0
237504609	0
858111194	0
246447524	0
20397563	0
260479308	0
935987066	0
1051446626	2
1428792126	0
15007149	2
238264015	0
237862972	2
265993392	0
15976697	2
315992993	0
127919146	0
403639485	0
17120599	0
1105408002	0
328679423	1
130977700	0
70740010	0
894512114	0
78408666	2
2394285656	0
2292332720	0
21572351	1
1157543414	0
130600206	0
249219716	2
346949527	0
337595668	0
2155491151	0
51982954	0
15224867	2
27675227	0
2236668625	0
108323434	0
52052011	0
2304223555	0
538121732	0
50707364	0
470654192	0
1092757885	1
93950784	0
1360075950	0
19612749	0
1382011333	1
55440365	0
37497720	0
117432541	0
1613159058	0
103949895	1
399112142	0
22265452	0
1120582274	0
1089334250	2
461301890	0
198928268	0
12298112	0
240135871	0
22507324	0
117792965	0
381874511	0
741061716	0
325040651	0
294959299	0
457276155	0
1237156340	0
21643972	0
1362806395	0
136550204	0
18579364	0
1326498037	0
40510796	0
598853747	0
573916220	0
3913931	1
91346513	0
2329092852	1
2176134116	0
1461162020	0
183212100	0
15210284	2
133022865	1
171154131	0
18172905	1
123150166	0
938657858	1
191496735	0
252249233	2
137794015	2
220551206	0
65082057	0
1553746556	1
749375898	0
889786374	0
624927613	0
158290255	0
363540832	0
24509586	0
447277172	0
14398250	0
287545295	0
84119348	2
236541422	2
62387220	0
2316645626	0
18622869	2
53725673	0
1422790478	0
1112972713	1
443265529	0
335476450	0
1870463754	1
714409014	0
344516847	0
271007688	0
1387919042	0
627838899	0
33205490	0
1328762540	0
284664892	0
1265860620	0
619541619	0
249327401	0
1023872718	0
138531540	0
22076537	0
49969221	0
21346197	0
1431454158	0
24745957	2
626001129	0
1345850192	0
243502423	0
414543577	0
59281449	0
270792742	1
325830217	2
18496709	1
1035443946	0
286799590	0
1539064994	0
624753464	0
291756142	2
35013862	0
1849074780	0
171598736	2
20209807	2
1431884516	0
15923226	0
1209417007	2
2161486428	0
215346722	0
562618381	0
125208664	0
625296182	0
36691808	0
17680840	1
731524644	0
405785853	0
18566912	2
1444416162	0
930009097	0
836709230	0
432771620	1
50370046	0
287896740	0
193076432	0
216355557	0
24448865	0
378547255	0
24195214	2
41017380	2
540241441	0
39803436	0
271593651	0
232127685	0
148348430	0
1413602821	1
524724189	0
249288197	2
63169388	2
19693903	0
15769734	0
1884258127	0
158397501	0
25382456	0
628559456	0
620708331	0
1872933859	0
23951197	2
2185601035	0
85342505	0
403539769	0
321380757	0
422076926	0
20469722	0
776698136	0
1092750030	0
50552213	0
19201438	0
157305077	0
213207055	0
130274805	0
348522887	0
2309440500	0
143489158	1
783749288	0
559073634	1
562640547	0
608902626	0
49194495	0
20880535	0
1210072844	0
54606494	0
81021861	0
18277655	2
33537967	2
48354257	0
107620932	0
14540659	1
1636639214	0
365239637	0
15941955	1
1342502834	1
569212271	0
971412384	0
295685416	2
1963246038	0
250736913	0
1310708510	0
50634125	0
1539300170	0
1109679128	0
253654580	0
19563355	0
15458694	2
230100284	0
10615232	2
1045853744	1
233949261	2
593718490	0
1186810890	0
1186874899	1
288886063	0
247517295	0
30437038	0
63796828	1
915781920	1
18915145	2
76348185	2
1915018465	0
22698090	0
20608910	2
87714473	1
1237704769	0
467823431	1
249410485	2
108052596	0
1316483802	0
23365717	0
477583514	1
200870788	0
33655490	2
14511951	2
933487722	0
430343685	0
24477294	0
234812598	2
94103877	0
180197930	0
54207182	0
318711662	0
1347830329	0
22812434	2
14110710	0
15918353	0
15554922	0
254174408	0
53420694	1
1979395855	0
462285708	0
295805574	1
1072467470	2
20621911	0
759316808	0
1325640288	0
109071031	2
2175130770	0
4389861	1
231510077	1
15764644	2
15212187	0
127074099	0
43963249	2
27311044	2
1183912596	0
1225410018	0
2192362761	0
589869443	0
240376522	2
424522799	0
351133674	0
1692578893	0
18217624	2
250462634	0
134302187	0
303920466	0
1346817602	1
1686565519	0
61313751	0
743167003	0
39787282	0
118941676	0
26305670	1
418269619	0
1070943116	0
209151429	0
26820795	0
806186582	0
442610682	0
15584433	0
703759688	0
631648466	0
127908221	0
1551310284	0
2294530717	0
1176615978	0
1465964245	0
192041694	0
74960018	0
584583739	0
2188340009	0
32537213	0
121656624	1
586730005	1
1007065914	0
417664241	1
16557756	0
788006827	0
46499643	1
80612021	2
2362779882	0
14345062	2
146263776	0
334127852	0
515898679	0
66209943	0
1673504017	0
224766531	0
2242638817	1
210926192	2
1031118500	0
1602268826	0
399502932	0
242761889	2
355881289	1
48425512	0
27242307	0
18137749	2
21111098	2
724658815	0
70587562	0
112740986	2
594582597	0
1155212191	0
67776968	0
50128726	0
29898014	1
28382250	1
39424870	0
1187949900	0
2340869731	0
53503202	1
16930125	0
242892689	2
1430814439	0
118540429	0
2294105892	0
417393341	0
16739711	1
312435184	0
56864092	2
221793778	2
17750784	0
427742683	0
1190825605	0
26596727	0
569666511	0
1480218668	0
26424123	2
29751942	0
497535334	0
20597460	2
11651202	1
56440142	0
492480327	0
935398104	0
323166438	0
16474026	0
174369590	0
68888437	0
7350652	1
133832049	2
131149247	0
346045240	0
1655093820	0
1080732656	0
119527861	0
1611680690	0
1620243926	0
237750442	2
38516217	1
1705042116	0
422964271	0
2364631970	0
1925431584	0
50731463	0
191688736	0
235190657	2
204881923	0
32265225	0
78569026	1
397382646	0
407053599	0
268007771	0
2467791	2
22508473	2
2435410690	0
1301606089	0
218267731	0
18632666	2
22387804	0
6577802	2
2288502470	0
1122064316	0
14925704	0
156029105	0
20113797	2
79022250	0
17033503	0
484134207	0
29793493	0
2161537962	0
718468320	0
67738195	0
44215945	0
221496713	0
788081918	0
860733170	0
23387115	0
22812754	2
98929990	0
297940478	0
264221149	0
18056015	1
62770351	0
628760912	0
587783109	0
58379000	2
121841737	0
39279393	0
92071963	0
127870840	1
22012091	2
272019676	0
346885718	0
148086041	0
787373558	1
520245212	0
497546508	0
557806506	0
186430550	1
41377639	0
49045755	0
798420806	0
1006482620	0
154139987	1
1915752144	0
1308601632	0
1326751968	0
242618658	1
24045931	0
297532865	0
24670782	0
59888738	0
71358042	0
46724483	0
1468560242	1
1267462094	0
277750492	0
542842941	0
176135285	0
36394602	0
76350004	2
50150341	0
233346654	1
109287731	2
1686107834	0
1093441423	0
6092972	1
250719718	0
58492046	0
308721230	1
29766367	2
759251	2
393821580	0
77839894	1
1716914930	0
10102032	2
82649553	2
1653370998	0
1362944844	0
61906286	0
1932803906	0
221447516	2
1905156690	0
830918346	0
12788332	2
33622411	0
62354707	0
1621009105	0
104727439	0
24913074	2
106591004	0
18221712	1
5357812	2
103335794	0
905020056	1
15603311	0
15762842	0
15555056	0
115979444	2
2361890355	0
575344793	0
157382927	0
16062766	0
218779638	1
2302483196	0
1655816936	0
454947269	0
470366309	0
16130949	0
2409239300	0
270370405	0
29293808	2
244268646	2
16742053	0
942156122	1
703561088	1
382534366	1
17065503	0
1296038210	0
359596838	0
227088228	2
813286	2
137571771	0
1234286196	0
14849664	0
140959145	0
148453195	2
301090775	0
14800483	0
792608948	0
950783972	2
220241174	0
381413722	0
119250381	2
24299006	0
389840566	1
36777778	0
88806753	2
415780303	0
143779492	0
614542142	0
333504114	0
29848453	0
65919935	0
44682276	0
593813785	0
582931822	1
31801993	2
94366606	0
162784542	0
330816212	0
448923637	0
1096507650	0
15428227	2
411997494	0
2252899873	0
14293310	2
40402146	0
18811140	2
1365917090	0
273098660	0
88976164	0
23970171	2
1347674623	0
223523798	0
15014405	1
1347436638	0
2836421	2
15964588	0
38254095	2
37094727	2
64161351	0
372345957	0
14672279	0
16030518	0
91137301	0
240663096	0
247334603	2
20957491	0
26841582	0
28238988	0
30673492	1
35518656	0
322737879	0
1965801554	0
47614124	0
71281860	0
721052064	0
1949611364	0
18008330	1
148006729	1
1301328822	0
1183811947	0
17906632	0
155680896	0
26111775	0
349219528	0
86364947	0
2181453624	1
26316100	0
1556756886	0
20002401	2
19269183	1
321119379	0
1300124792	0
563844379	0
751806494	0
33027306	0
23117388	0
819528355	0
267217520	0
886986138	0
497551327	0
59568948	0
1716366295	0
1905833168	0
448169106	0
148333607	0
289374103	0
360191435	0
450786176	0
23617145	0
317193393	0
144189766	0
279964598	0
1120931132	0
1137600571	0
33060832	0
18480494	0
292990703	2
1117009244	0
33576489	2
17848544	0
463918261	0
990635636	0
18213420	0
214179002	0
195070336	0
885789362	0
22831059	2
22081190	0
153486399	2
236480864	0
37202770	0
374161639	0
1242109014	0
211530910	2
1606703838	0
348857253	0
167856299	0
502440556	0
14529929	2
631876809	0
1902537799	0
700126891	0
20444702	1
32789881	0
67906573	0
1032703770	1
7334402	2
19245431	0
110924703	0
198523967	0
1058345042	2
2296636404	0
15471838	0
1702539968	0
20376424	0
21509894	1
1388590928	1
429181880	0
1073212812	0
283657826	0
460656473	0
1277984012	0
165533941	0
42638402	0
337752039	0
1393599296	0
114607567	2
1144145946	0
377702207	0
237814920	2
851621377	1
1487887076	0
1852819452	0
109280446	0
1665719612	0
537156670	0
411526571	0
488127904	0
34270503	0
95602718	0
191208249	0
21351432	0
592019654	1
385429543	2
234937222	2
26194384	0
47975734	2
1023320856	0
211901075	2
271552521	0
1222283971	0
2321129046	0
1722842137	0
1540496365	0
10025982	0
17530189	0
123667924	0
1962564906	0
110893482	1
93575832	0
40750718	0
960962340	2
222195455	0
16056306	2
1074129612	2
60801758	0
21426423	0
319529691	1
161411080	2
161791703	2
939621458	0
16703058	1
301081520	0
32010840	2
834525002	1
26809683	1
202206694	2
520778762	0
8775672	2
317608866	0
24184717	0
1356531588	0
713463571	1
176260948	0
278005891	1
36737855	0
35758513	0
17896154	2
217550862	0
1110920106	0
1931992778	0
1128781184	1
29865139	0
977369880	0
62330632	0
34340464	2
1033532365	0
830430216	0
155642785	2
1154667132	0
1080602371	0
360605502	0
63787812	0
30027177	0
2369234174	0
5741722	2
551698752	0
545501375	0
1596947036	0
1449407450	0
326551457	0
95509057	0
423688722	0
328258374	0
705661256	0
496786334	0
1879871294	0
2374720591	0
1954751917	0
550401754	2
370076582	0
18820392	1
16298388	0
348861268	0
1623282788	0
14124614	0
36588739	0
88784440	2
16804072	0
2356356972	0
1258312562	0
43216755	0
703640660	0
896620178	0
122473388	0
234906311	2
16018516	0
586045941	0
1115633996	0
485139684	1
1352594924	0
1621076712	0
175102610	0
63749707	0
20733972	2
17291452	1
20906882	0
615181714	0
78966155	0
1430524482	0
21669223	1
8870632	0
14730894	2
1959864463	0
21321475	1
272520742	0
19918558	2
1959387662	0
14216438	0
492378372	0
1154894353	1
1463550048	1
24305421	0
26265640	0
382441782	0
856549532	0
235271965	2
314335929	2
59969802	1
74058012	1
347877928	0
30500021	1
716563918	0
2255274860	0
411766612	0
39793438	0
41634520	2
51228911	2
247496974	0
234374703	2
2168350939	0
455037005	0
267781214	0
26324609	0
17487795	0
339852137	2
230761725	0
14616459	0
1556371026	1
199325935	2
234927299	0
109025212	2
225326840	0
1363394484	0
75367781	2
343171266	0
15600527	2
89526574	0
523397097	0
1092979962	2
63804234	0
206716135	0
260841091	0
47470008	0
68198447	0
2377726519	0
1221321108	0
205420257	0
1243902714	1
1049460835	0
49782398	0
1246599554	0
113420831	2
62907908	1
72874723	0
236899846	2
1891157910	0
505932430	0
85778445	0
270067927	1
331268118	0
1201520622	0
538416721	0
359950567	0
6794502	0
1263944875	0
58287227	0
338553588	0
213182436	0
46176168	2
142721190	0
943501040	0
71070614	0
18317325	2
1065995022	2
21941446	0
87055347	0
259950795	0
506091865	0
1581759588	1
547839797	1
1697235505	0
932421955	0
46016028	2
25768647	0
17074440	2
1143929599	0
2254857197	0
631543401	0
959687432	0
97368029	0
32774989	1
415981838	0
180287231	0
472541504	0
1482327366	0
454953162	1
20552026	2
180895768	1
14275291	2
2324036732	0
346030501	0
14135426	2
191005134	0
14389132	1
16472624	0
286363562	0
163586067	0
390292636	0
991821667	0
20449956	1
1693751167	0
1658254478	0
268496469	0
1497383952	0
1313165581	0
1532014123	0
139574248	0
99157266	0
83200882	0
2317860566	0
216481299	1
805777398	0
361365479	0
97171189	0
807095	2
391413865	0
89820928	2
246499208	0
85606078	2
435877117	0
16385104	0
24135119	0
276763538	0
207731256	0
190699396	0
1870898497	0
1104083418	0
52992670	0
27676828	2
310912778	0
47056405	0
352643501	0
252115520	0
47402168	0
404542591	0
594870776	0
240327228	0
263975503	0
1068990122	0
261263905	0
1357427004	0
19253918	0
586032653	1
451967996	0
18793575	0
23712174	2
252819642	2
195019882	0
18244206	1
8953122	3
33655512	0
19926675	2
287861586	1
323239103	0
17439675	0
18967498	2
29598035	0
796737758	0
180396181	1
305389392	0
85353299	0
1423715941	0
17282256	1
1322558402	0
430830756	0
1733849666	0
449959102	0
733751245	2
1558893368	0
56653367	0
39191258	0
498961346	0
300515560	0
539866149	0
225988631	0
78431501	2
76392970	0
248791332	0
1117640744	0
118152495	1
15751083	2
22262553	0
1905298878	0
1443203875	0
39308549	3
196147086	0
47891535	0
15029174	0
273795671	0
237944147	2
1738425180	0
758067224	0
424263083	0
456911539	0
64022803	1
262424195	0
1699808366	0
360427514	0
169472184	0
293254420	0
613725908	1
485264526	0
778724700	0
427024774	0
1068626984	0
148565166	0
29896465	0
15281676	2
20713061	2
193732179	2
1043702834	0
398232779	0
1516830966	0
864768235	0
2417754469	0
356390382	0
712959254	0
180846791	0
158495061	0
64660952	0
221792092	2
75785294	1
242068532	0
619479855	0
48117116	2
443681123	0
380371286	0
30930019	0
195955478	0
2192766368	0
30043495	2
126644609	0
76651617	0
386455581	0
49316020	0
236916916	2
5558312	2
80473367	0
44117460	0
330001961	0
373311804	0
1849261916	1
180100015	0
234822928	2
269931179	0
8128442	2
292935209	2
572317065	0
19553409	2
242555999	2
996565820	0
886042746	0
98242752	0
28859894	0
16086967	0
1578519660	0
283265252	1
350930593	0
1002313952	0
2265167642	0
1076928920	0
1944510751	0
22417674	0
49697450	0
31350534	0
1694503231	0
1571660059	0
161344057	0
1189735556	0
809050796	0
22819917	0
1602752804	0
14809189	0
578069877	0
311165745	0
155669457	2
1643415560	0
249339682	2
416686487	0
22097192	0
1927804778	0
1077121945	2
33345380	0
287269659	0
1955581326	0
1860099558	0
137381495	0
1408518626	0
317407076	0
1117953943	0
19726613	2
1935184730	0
201877444	0
7713202	2
57977498	1
87318108	0
9624742	2
19891260	0
254775647	0
15116570	2
1925654095	0
17643209	0
14344823	2
308664726	0
558769636	1
40024874	0
198963912	0
189910408	1
50839205	0
560117034	1
2363258587	0
19739126	2
338883349	0
48086014	2
2282872260	0
33665393	0
205886080	0
135931182	0
800162478	0
373011304	0
7270292	2
17976923	2
104797238	0
2337254448	0
97150206	0
5561412	2
42760147	0
191923358	0
581141508	1
223166587	1
193614775	0
28599820	2
1001025787	0
972323274	0
9855382	2
472632386	0
2230533374	0
2704951	2
1611064304	0
342601720	1
224320485	2
121620626	0
364564017	0
1469735982	0
17768436	0
19543987	0
1374923180	0
234024969	1
16031927	2
755802794	0
29501253	2
1403429444	0
1071768498	0
313344689	0
2288373518	0
250188760	2
891678516	0
1920276091	0
16100318	0
49453870	0
10168082	2
453698931	0
54598826	0
165511812	0
1599284149	0
237299871	2
556000874	0
156975310	0
96662959	0
15297551	0
17513304	2
364415553	1
305145458	0
2366260580	0
394272456	0
237129990	0
1020058453	0
317630465	0
39793961	0
377237995	0
133429379	0
64651898	0
776664410	1
235660311	0
63753027	0
1977097572	0
35829796	1
520950046	0
1521740594	0
1061486761	0
425565585	0
32135704	1
111635980	2
334320138	0
1262814457	1
137068935	0
237926856	0
48075643	0
919804596	0
244985138	0
77418275	0
230981077	0
109274506	0
14634720	1
193872188	2
43955137	0
1878559962	0
2241120434	0
209833543	0
1434486529	0
254277011	1
201453157	0
217137252	0
31611298	2
1517363570	0
51241574	2
162069635	2
356291170	0
474232856	0
1931698346	0
245378929	0
159524468	0
15675138	2
1602221707	0
27088314	0
2256726992	0
248852820	0
108671959	0
136471166	0
21220931	2
233238234	0
557671006	0
1060860422	0
2178681566	1
1535579558	0
22731105	1
260760840	0
72405094	0
18161620	1
338811841	0
1385690448	0
1898897300	0
621293247	0
128235400	0
217912727	0
531481241	1
1399903849	0
114887629	0
5392522	2
269908647	0
339814337	0
326208966	0
2162136865	0
80403646	0
131036750	0
53643803	0
30216513	2
860154126	0
19512725	0
405034710	0
16517357	0
85916265	0
1337252017	0
397430607	0
15727317	0
15159913	0
275098108	0
38500956	0
122770149	1
600991865	0
5496932	2
49649077	0
1627252382	0
260396714	1
37461389	0
1279783315	0
19808819	0
1305465990	0
474451843	0
220580561	1
16102244	2
71328021	0
122146840	0
1827782569	0
15954997	2
754277773	0
1920537577	0
21419440	0
381666107	0
25915690	1
17301179	0
19286569	0
1060487274	2
582475251	0
14984637	2
19257799	0
138770045	2
407744769	0
57860368	1
16129920	2
23121519	2
24392175	0
15417358	0
240363117	2
1140648348	0
167699332	1
1911335244	0
1719880621	0
74164455	0
151200240	0
22946355	1
833990756	0
3108351	2
234469322	2
1693373094	0
351109901	0
247420668	0
538646538	0
16583468	2
14763834	0
382791093	2
322794665	0
271985168	0
21636248	0
555593757	0
61250271	0
207317790	0
575766234	0
1002244244	0
84984380	0
1550794628	0
958081542	0
95978223	0
1305596696	0
15922214	2
15522251	0
978690895	0
62090497	0
791002021	0
2196576859	0
34122899	0
200400227	0
23789790	0
121990777	0
1469446608	0
2178860358	0
470126084	0
615953866	0
15745368	2
42734224	0
1503451620	0
193794406	2
538185166	2
324171587	0
1463325120	0
15918708	2
188194323	0
135653370	0
34402366	0
24463788	0
2284159548	0
34932854	0
48587305	0
302382660	0
199286398	0
1462723416	0
359032147	0
400792588	0
572061403	0
247066289	0
930234066	0
34966987	0
2330410284	0
38067927	0
158398519	2
325804079	0
18873711	0
78403308	2
568151409	1
2311117897	0
110545675	2
24795163	1
454060961	0
357253772	1
19028248	2
74895491	0
801084110	0
16187637	1
1365881617	0
628018533	0
98017737	0
845711293	0
593840334	0
1380763326	0
193978839	0
115166212	0
1009269193	1
2253990607	0
105823136	0
287225290	0
137407124	2
426694458	0
245905555	0
1545715382	1
20078009	1
18060177	0
28969421	0
145292853	1
92055121	0
46263050	0
1736053987	0
2238098360	0
11379362	0
240760644	2
301416337	0
965142457	1
1374780043	0
24260994	0
265529710	0
448077090	0
1157424444	0
218206502	0
25162697	0
1350864440	0
204905640	0
71036272	0
19658173	2
15008539	0
124335509	0
66774077	0
770554297	0
1671690367	0
36654245	2
2250858631	0
15985455	2
1396846357	0
385188446	0
1055730738	2
716984711	0
38039087	0
248252582	0
163570705	2
191728014	0
299802435	0
468601121	0
740417436	0
15856366	2
1665514478	0
11650762	2
270017791	0
31128529	2
27385174	0
393585626	0
296361085	2
293131808	2
976579933	0
228784853	0
332040130	0
309267226	2
41750998	1
68917738	0
1874140452	0
159609651	0
458393298	0
403353373	1
249674727	0
2286252732	0
1080844782	3
1372288434	0
255876732	0
49541291	0
784971582	0
22527499	2
21693764	0
16473577	2
159977219	0
140519774	2
27633572	0
31122582	2
32506723	2
1655680988	0
2245220154	0
15075753	1
588237779	0
1468203217	0
188019606	2
242836537	2
193632778	0
19865528	1
351149827	0
18166778	2
303861808	1
343830557	0
17353658	0
1541893820	0
195271137	1
362597648	0
249219490	0
26122639	1
46557945	0
398269985	0
48263046	0
1128514404	1
1262936000	0
537063930	0
305620929	1
15012486	2
156300451	0
305216911	2
757372008	0
32393576	0
1711193490	0
19151741	0
16814879	0
27705441	0
385288144	0
235251868	2
431990191	0
236118432	0
91032815	0
2367536538	0
452004245	0
135297032	2
166536928	0
1476337592	0
32379396	0
589425352	0
633855519	0
17800215	2
235312723	2
123934875	0
983813816	0
359133002	0
246769138	2
602997805	0
30619527	0
2203931420	0
126980084	0
222721984	0
167507135	0
459446627	0
284744912	0
59771400	1
1096059529	2
1385871187	0
1022263688	0
271958454	0
1540360435	0
765038167	1
16803651	0
18029328	0
2361531690	0
60984835	1
112236901	0
404226735	0
1911879768	0
50452197	2
55896443	0
159292313	0
1883356866	1
314761332	0
26607712	0
21786287	0
15356407	2
2739461	0
161743731	2
270182385	0
349379430	0
57751453	0
1265207760	0
27886115	0
16441318	0
96800896	0
23976316	2
21762137	0
350927143	0
539485640	0
407323365	0
275725571	0
77308668	1
30095477	0
330650569	0
108083058	0
1644805254	1
7356562	2
2305315345	0
360804642	0
919927722	0
15207668	2
1214475872	0
44478497	0
16099657	0
857748156	0
1678290240	0
76381104	0
407039290	1
344109654	0
15035209	0
254805061	0
9300262	2
242426145	2
1902563203	0
1909542326	0
185684821	0
21157904	2
253100055	0
396794501	0
30050899	0
47736933	0
209792690	2
11134252	2
480056408	0
14125897	1
1075843532	0
174847410	1
1173237842	0
610415617	0
30823752	0
14597351	0
316819997	0
32007346	0
356881780	0
323511585	0
43108099	0
49675523	0
299883942	2
1214026033	0
293459696	0
793992	0
2236741645	0
16469463	0
1462357878	0
1852444146	0
288295387	0
63502107	0
323863880	0
93723445	0
85418520	0
405134921	0
2301967142	0
148041415	0
284296658	0
1898624934	0
1444380402	0
554109268	0
2297176518	0
1071900114	2
254189414	0
469674025	0
1422126799	1
327798242	0
80958505	0
393603441	0
181101417	0
52989817	1
818586175	0
2277763242	0
31120881	0
1025653922	0
54686639	0
185049728	0
530864692	0
44195577	0
281162551	0
954172328	0
34850480	0
17750110	1
38036372	0
48115928	0
514929629	0
251656840	0
14173315	2
1884324084	0
281540744	2
18891923	2
257658885	0
1246366651	0
330938673	0
1059240924	1
194536303	0
1339931490	1
518644221	1
431266828	0
432092458	0
234022257	2
47747074	1
73925960	0
450108691	0
278124059	2
473199911	1
196619213	0
227036687	0
1630446259	0
16669075	1
75843152	0
1510065122	0
392998644	0
78130610	0
2203399435	0
1906353372	0
56763589	0
116534252	0
15324851	2
209598477	0
244526889	1
1488969002	0
232992031	2
15394954	2
18805303	2
224285242	2
883557414	0
43050282	0
18548136	1
267938462	2
585206397	0
291676686	0
1939381628	1
309605202	0
77017567	0
779118265	0
751212379	0
245136682	0
115488968	0
2253968388	0
1075666608	0
555473643	0
51267980	0
176646411	0
728565668	0
487067075	0
16054728	0
1055362014	0
47412499	2
337122716	1
870670477	0
1572830660	0
391814356	1
13218102	2
1418013151	0
71294756	2
5660532	1
398165004	0
516642662	0
14587949	0
17992453	0
485842327	0
2234105580	0
19929362	2
151589736	0
45151382	0
381152398	2
21950364	0
326043489	0
233724961	0
462033343	0
186506052	0
75347500	0
449795350	0
701303623	0
1439879557	0
246341769	2
186291444	0
378738565	0
219429281	2
1932363210	0
308276891	0
1580451673	0
74302172	0
360893245	0
1375646822	0
237312687	2
119162694	0
21619519	2
490535112	0
224297637	0
1497534576	0
14308987	0
345261756	0
1255785854	0
18216752	2
2184765932	0
1525086182	0
56538228	0
95166404	0
342945847	0
630802892	0
15350894	0
19616327	2
390522985	0
2287788476	0
624186253	1
621500066	0
24300215	0
1624698122	0
236479311	2
594060392	0
1072453910	2
538086333	0
342780479	0
178419778	0
280206584	0
345555778	0
1125409915	1
93936388	0
234014087	2
473401390	0
993153006	1
19139963	2
41464356	0
506033683	0
590696606	0
1652541	2
235217558	2
425489816	0
235591153	0
22903983	0
344033052	0
946114207	0
770448248	0
19407835	2
26778110	2
1327675195	0
169588591	0
78673043	0
15496979	0
801523267	0
45340027	0
399432469	0
125397444	0
72198806	2
197307435	0
1134292500	1
20563979	0
164707575	0
14617444	0
263414131	0
31006603	0
201079432	2
1149312193	0
117974827	0
89814216	0
238861711	0
253149069	0
34666990	0
555845120	0
80111837	1
1406277577	0
529973619	0
950328072	2
153944899	2
1335517206	1
242376736	2
584351142	0
1183865954	0
368977925	0
75398827	0
224294785	2
173363468	0
388958868	0
133864713	0
91179070	0
289530036	0
143889472	0
51284800	0
233601235	0
250710495	1
15434632	0
36183582	0
441425863	0
221614578	0
439596778	0
20841089	0
575385464	0
40526985	0
248850174	2
37920978	2
15939889	2
1490306108	0
433079096	0
463132556	0
2312281051	0
1458461443	0
19877680	1
377773483	0
180142423	0
13067732	0
38787045	0
1143060714	0
452413225	0
18043103	0
1282568923	0
339172700	0
112604826	0
1229226714	0
249834165	0
2305350474	0
2377621136	0
18289929	0
366228554	0
24742936	0
85634199	0
93288759	0
1051127714	1
197290856	0
20071932	0
48807726	1
486380694	0
168666357	0
215909539	0
168673083	2
47632905	0
1069918782	0
28252475	0
1123683068	0
2314336918	1
84129740	2
229197216	2
247850985	0
2369496272	0
85970738	1
15715842	0
153919023	2
499978095	0
1365631760	0
389759292	0
38465240	0
1512666349	0
1656055824	0
1662929678	0
117197307	0
991357832	0
34438002	0
104631905	0
1262623074	0
132278386	2
15948219	0
1011705054	1
251728316	0
20495104	1
612716532	0
110050273	0
113214730	0
237770636	2
247596046	0
62543872	0
123282266	0
133439172	2
1037084538	0
111632324	0
534405915	0
276197098	0
77664666	0
1394549060	0
2199888721	0
225921757	2
91744236	1
428333	2
85634177	0
255829884	0
1328123624	0
325717986	0
266830495	0
611834439	0
960696949	2
15572155	1
433791263	0
1636291356	0
19912734	0
337932925	0
543822491	0
49634881	0
468930111	0
620298978	0
349947276	0
60638933	0
282775291	0
26677801	0
23035691	0
534599939	0
195042501	0
50325797	2
65453528	0
2321775476	0
229592356	2
1071764281	0
2340967118	0
1223102983	0
122719755	0
124196924	0
17525171	1
52503751	2
76452765	2
1634852712	0
1172636797	0
33977070	2
21048033	1
217543151	2
1726999796	0
401955731	0
948491592	0
267583652	0
225242868	0
487906127	0
286898862	0
605098090	0
1071102246	1
1075551668	0
1441675236	0
206428391	0
325298865	0
1626115357	0
600737301	0
43476440	0
1061385474	1
362052555	0
281509650	0
1228818295	0
516131688	0
1222257180	1
158205177	0
28889556	0
248004920	0
23632545	0
1023236538	0
24737755	0
41406567	0
117197740	0
69715433	0
74198348	2
463606038	0
1061006802	0
575749942	0
115754120	0
15448332	0
1131203611	0
298059168	0
610325685	0
241207373	2
1332628436	0
1925656796	0
211254250	0
851120473	0
108619944	0
95070642	0
450708486	0
257170128	0
154648736	0
442824717	1
1571215884	0
308563367	0
1440997712	0
19793648	0
1536065244	0
122207745	0
362654346	0
78369108	2
14859559	1
318464838	0
425527664	0
286034058	0
1552818054	0
37766935	0
266772387	0
986188543	0
1372431026	0
282233418	0
308748838	0
256178459	0
70156027	1
407584834	0
633131271	0
1072382221	1
1437466362	0
373883896	0
1901113928	0
1484301392	0
799658150	0
1198766904	0
785414496	1
84677520	0
1797991	1
608182396	0
170767454	0
15361570	2
9508922	2
376477453	0
190160433	0
373326597	0
122212010	0
44127294	0
22797378	0
1592481150	0
233842454	2
265155317	0
564225302	0
2358445766	0
127894579	0
30313925	2
1058717720	1
20641972	0
1877628114	0
1412998502	1
40466049	0
1008962922	1
13383292	0
100330676	0
330583779	0
5692662	1
1494474121	0
566631178	0
237781383	2
2251095308	0
975200486	2
16712666	0
1656884071	0
1355831521	0
279634424	0
29610442	1
8542882	2
18724011	0
237348797	2
248699486	2
633825457	0
29929730	0
18916432	2
19518515	0
52537790	0
455041792	0
253016264	0
116518445	0
533702418	0
29710286	0
26976860	0
25086658	2
1969641703	0
189236855	1
23536035	0
617382180	0
2281176661	0
1917347892	0
1305481388	0
761840588	0
16560935	0
180032621	0
294965312	0
380001296	0
398990591	0
133448248	0
1608892718	0
409799018	0
1622931326	0
36126319	0
156075520	0
5031151	0
340296149	0
378096410	0
242993672	0
