14412533	1
2163623972	4
249222850	3
1281503318	3
387984038	3
1206306506	3
57931553	3
2258783241	3
63160932	3
25198840	3
15289825	3
1452476780	3
1086619808	3
1623308912	4
2194801027	3
20467163	2
19824430	3
1739650556	3
59558161	3
1444015610	3
804861259	3
252254916	3
40057701	3
2375722164	3
451032276	3
1120298527	3
16860684	3
187414539	3
479674626	3
19394188	2
1155335864	4
20635633	4
248718904	2
252644673	3
534680801	3
932446728	3
235373000	2
1377700518	3
437741704	3
414516629	3
46807181	3
1691930744	3
153694167	3
16705010	3
22509598	3
31054788	3
1545781357	3
5990782	3
239949176	2
174879603	3
547778460	3
15993122	3
44209472	4
17811916	3
37131103	4
83932732	3
22006412	3
132201224	2
1647266078	3
126632552	3
16789970	2
1183998762	3
317216233	3
354493762	3
24773493	2
119899270	3
414774285	3
1252129242	3
295868971	3
19186003	3
564908956	3
528484792	3
2291373043	3
2260662498	3
40523440	3
471606410	3
25668918	3
320787415	3
383393464	3
463890972	3
48366585	3
239584537	3
1357793240	3
51535196	3
22930392	3
35137957	3
199317006	4
197628846	3
223360975	3
29157809	3
776063954	3
277107570	3
873631776	3
18943752	3
492616846	3
75927706	3
1334517175	3
29205600	3
182815759	3
54412900	4
860696202	4
171813900	3
19312039	3
1009921273	3
717888988	3
536281139	3
474326839	3
237763317	2
164732631	3
18890707	3
18696134	2
217454584	3
25168293	3
13491312	2
311789873	3
467801778	3
216881337	2
35998429	3
16256269	2
1226281657	3
47127416	3
598384016	3
456986241	3
9532402	1
26459660	3
35060071	3
424122984	3
164007407	2
1127447660	3
728708694	3
40367637	3
1367531	2
89657363	4
10375552	3
28480805	3
1328434170	3
1055907624	1
28856628	3
1915916724	3
708309848	3
108052620	3
11348282	1
104615577	3
15697940	3
1925127612	3
1222580420	3
254310640	3
201791908	3
1189780298	3
502184923	3
25124372	3
2237923975	3
18909919	2
384913290	1
177028305	3
266133081	2
249348006	2
96386080	3
66369181	2
277008614	3
254859330	3
237460752	3
2360123726	3
343588320	3
22113371	3
2221362486	3
1025521	3
79729138	3
1060984272	4
358606388	3
23220731	3
325691585	3
1408162200	3
274824692	3
186299824	3
612117635	4
35762860	3
19216998	3
409522947	4
112765894	3
3135241	1
280346878	3
220208804	3
116141817	3
611886875	3
73303753	2
25226477	3
331678866	3
261918703	3
561628839	3
47544979	3
790097610	3
1718400349	4
15092872	3
1676771268	3
28785486	2
183637495	3
521926535	3
124062781	3
241771567	3
31210583	3
379378754	3
576268700	3
163209579	3
1066076640	4
93189203	4
939091	2
254557147	3
63506775	3
240839950	3
172662933	3
618586017	3
85616770	3
1091456496	3
267889663	3
160647819	3
510516465	4
18678924	0
35081819	3
15980436	3
20618764	3
1689821791	3
356199275	4
2205359364	3
211420609	2
21631487	3
722800129	3
547174027	3
116748080	3
1057859527	4
27136225	3
269893425	4
1921776680	3
2196548623	3
124224165	2
519728645	3
25214807	3
85898279	3
961520071	3
310608280	3
558895964	3
72831557	3
622198206	3
1027156464	1
18294521	4
1725039222	3
222320264	3
251408532	3
1542493423	3
543154345	3
259834782	4
21873714	3
108376246	2
16614802	3
371887563	3
1090002997	4
93552029	3
17111550	4
372503594	3
20015903	2
934933188	3
332340557	3
944917346	4
2370786962	3
78941245	3
103727818	3
351266014	3
1607546875	3
99949940	3
1713542732	4
237600102	3
72129678	3
180389279	3
2179040628	3
517911880	3
2310494503	3
2293131060	4
218357036	3
558831200	3
402190452	3
97239626	3
11883722	3
394303189	3
110420252	3
61842393	3
357580948	3
1496512904	3
425889480	3
168830539	3
15710384	4
23109966	3
34773320	3
1469869638	3
198323147	3
29584150	4
322781751	3
976969338	4
748531489	3
886946899	3
397584127	3
234057152	2
26083271	4
26144769	3
287811065	3
52763281	3
27048645	3
28336822	3
131791939	3
81919296	4
306001688	3
125984383	3
1262557194	3
506462653	3
85396297	2
233557728	3
252819323	2
238314303	3
296068607	3
1058807868	1
49986081	3
14081659	3
452700445	3
207116000	3
1356966632	3
49171436	3
855057596	3
1340326969	3
598123678	3
966442267	4
326210627	3
108617810	1
221508042	3
39322371	3
31285825	3
97298155	3
98910693	3
1912048351	3
547416793	3
868637460	4
189904289	3
584012853	1
176134825	3
606101503	3
1469528666	3
543635294	3
360436349	3
481000411	3
326196796	4
1120550322	3
192441406	3
272542662	3
904655414	3
1060370282	4
121469977	3
73931897	3
46004597	3
1447399590	3
1201824876	3
359222643	3
384111224	3
80958602	3
1658898042	3
439049326	3
195193469	3
209787354	3
362688424	3
432676344	4
55581437	3
147487756	3
11856892	1
108689270	3
97931967	3
1644734071	3
198526130	2
475294870	3
399170640	3
76163900	3
998576058	4
430292078	3
823801824	3
1974399272	3
402719755	1
456032135	3
743694942	3
51943611	3
1350118422	3
30864583	3
39510422	4
353834752	3
2260579802	3
15392139	3
26977568	3
47892311	4
20517132	3
324403737	3
42913132	3
573495038	3
208692908	1
425286290	3
452344217	3
220249920	4
267854863	2
582875320	4
791967744	3
1548079500	4
288963206	3
239964750	3
2314375189	4
1729693597	3
89193992	4
1083448909	4
963480595	4
221528389	3
1058460818	1
26637348	4
5988062	2
221162525	2
1964821772	3
278145569	2
387225200	3
435983624	3
17005219	3
90518536	3
17633159	3
1355805258	3
14579415	4
267339368	4
75578498	3
717905080	3
24183358	2
2318080736	3
1405337395	3
73833569	3
1646054551	3
245451804	1
887385018	3
15987296	3
54446722	3
467787311	3
78387677	4
1138688364	3
224391627	4
318095351	3
44177383	2
178229698	3
36117128	3
240812994	2
1080509366	4
1480654033	3
22242298	3
171693939	3
285737815	3
1055685948	4
25956294	3
1058051748	4
1092248911	3
18205674	3
245419752	3
7597712	3
418078050	3
472587512	3
379815077	3
516880804	4
14764240	3
115733549	2
1674501806	3
1058917562	4
16348437	2
277363853	3
260807192	3
20245031	4
337785530	3
333663029	3
65433355	3
28423263	4
2312501226	3
585441089	3
126171100	4
349979682	3
841342315	3
525736608	3
557050706	3
334965470	3
249814580	3
274255909	3
310347243	3
1730532331	3
867444085	3
297498647	4
85476251	3
154699063	3
93761782	2
1090009730	3
360080772	3
16631939	3
376064104	3
619964159	3
20468251	3
26513860	3
168502762	2
258900199	2
488297851	3
21269970	2
24735461	2
384538886	3
376946273	3
1331884178	3
377534571	4
2227361208	3
17544524	2
24298528	3
37982748	3
195790079	3
411765271	3
254032655	3
995193054	4
175131510	3
2412155161	3
1691191704	3
21797269	3
1228070911	3
123999551	3
7402662	2
2268031692	3
703301119	3
2385644521	3
190328374	2
240385577	2
18732816	4
976404032	3
613404995	3
239871673	2
1897447471	3
55677432	2
22545491	2
156212602	3
305818200	3
2205545306	3
234837632	2
18822612	4
345491974	3
2308777399	3
18030431	2
2207375216	3
70799357	3
148021006	3
23578274	3
296925880	3
903320070	3
15639642	4
161329769	3
22055226	2
213634439	2
8162322	3
1564956584	3
22509548	2
14129299	4
34238458	3
511079500	3
377591325	3
2252607128	3
1015802058	3
756285384	3
264494662	3
90490354	3
14774189	3
34069014	4
1222684418	3
25755336	3
240840748	3
15160884	2
472263579	3
7900962	3
27302870	3
1074101017	4
22028039	3
214209081	3
1601370486	3
2191060944	3
199510192	3
968650362	4
22523087	1
753647880	3
408105171	3
404132211	4
176896268	3
114756202	2
47468096	3
1431823160	3
40750860	3
358302508	3
347395654	3
65146567	3
31744825	3
136682183	3
33530012	4
2322307531	4
546176922	3
237019973	3
1031845399	3
346813911	3
189986982	3
777390745	3
59704563	3
234053893	2
41445718	0
19670455	3
1132232611	3
194720228	2
308852834	3
21144715	3
376527578	4
22669526	2
794546882	3
26818986	3
19576571	3
615537104	3
2352119654	3
21542518	3
494114249	3
1117326481	3
14354562	4
1023294366	3
336699225	3
360338075	3
265639238	4
402029058	1
535181994	3
18170310	2
1068470480	4
109355585	3
1510311302	3
372315769	3
21333396	3
616965232	3
1516670166	3
233601728	3
114299101	3
61046743	3
177974542	3
300013543	3
254226686	3
14857525	3
237853147	3
300430043	3
121171657	3
37836873	4
187108150	3
36738199	3
1710292866	3
248735463	2
40954486	2
284601302	3
1447467186	3
253281321	3
15602331	3
577609337	3
43273533	3
26777550	3
30045475	3
58228306	3
874694125	3
890904109	3
470703779	3
122183484	3
589070172	3
1075303104	3
457733782	3
117661549	3
20545793	2
160919506	3
154233179	3
370467757	3
216486007	3
438040565	3
216855513	3
2264976900	3
378636572	3
321234739	3
2278730858	3
344525024	3
220765205	3
16002085	3
1681848204	3
123421771	3
831933780	3
1228652142	3
1283908939	3
747876121	4
780383160	3
531596035	3
1410590874	3
16827173	4
1625304829	3
429268149	3
110445334	1
22528309	1
132345883	3
233693291	2
372506462	3
18863927	4
242873057	2
430235090	3
36564017	3
304115290	3
1901018683	3
1037321378	1
278433367	4
302113333	3
1609169504	3
17997831	3
1531521632	3
291551843	3
14669951	1
368914608	3
1375871708	3
17340186	4
432766911	3
68281948	3
127963931	3
18646108	2
549438299	3
16336478	3
83195396	3
467636108	3
231898286	3
70590748	3
441040701	3
137084996	3
912598626	4
230720547	3
41861272	3
416644656	3
2317625354	3
28176898	2
401989810	3
581275783	3
91935208	3
18791763	2
27688281	3
1853114688	4
14246001	2
1486445498	3
977560500	4
15715665	3
235279028	3
805188312	3
64507817	4
277193651	3
21910246	3
156763824	3
1045110018	4
614706394	3
36686040	2
1917731	2
280913598	3
249787913	2
1242946140	3
1526488393	3
28008943	3
2316393866	3
526750889	3
1849400233	3
125613253	3
15380417	3
26051676	2
90250351	3
931024693	3
2245423891	3
73791927	3
389357597	4
514749390	3
1232484468	3
935033864	1
27274887	3
952575223	4
414068004	3
49057566	3
702460382	3
243413616	3
121537837	3
122174004	4
265329329	3
237504609	3
858111194	3
246447524	3
20397563	3
260479308	3
935987066	3
1051446626	1
1428792126	3
15007149	2
238264015	3
237862972	2
265993392	3
15976697	1
315992993	3
127919146	3
403639485	3
17120599	3
1105408002	3
328679423	4
130977700	3
70740010	3
894512114	3
78408666	1
2394285656	3
2292332720	3
21572351	4
1157543414	3
130600206	3
249219716	2
346949527	3
337595668	3
2155491151	3
51982954	3
15224867	2
27675227	3
2236668625	3
108323434	3
52052011	3
2304223555	3
538121732	3
50707364	3
470654192	3
1092757885	4
93950784	3
1360075950	3
19612749	3
1382011333	4
55440365	3
37497720	3
117432541	3
1613159058	3
103949895	4
399112142	3
22265452	3
1120582274	3
1089334250	1
461301890	3
198928268	3
12298112	3
240135871	3
22507324	3
117792965	3
381874511	3
741061716	3
325040651	3
294959299	3
457276155	3
1237156340	3
21643972	3
1362806395	3
136550204	3
18579364	3
1326498037	3
40510796	3
598853747	3
573916220	3
3913931	4
91346513	3
2329092852	4
2176134116	3
1461162020	3
183212100	3
15210284	2
133022865	4
171154131	3
18172905	0
123150166	3
938657858	4
191496735	3
252249233	2
137794015	2
220551206	3
65082057	3
1553746556	4
749375898	3
889786374	3
624927613	3
158290255	3
363540832	3
24509586	3
447277172	3
14398250	3
287545295	3
84119348	2
236541422	1
62387220	3
2316645626	3
18622869	1
53725673	3
1422790478	3
1112972713	4
443265529	3
335476450	3
1870463754	4
714409014	3
344516847	3
271007688	3
1387919042	3
627838899	3
33205490	3
1328762540	3
284664892	3
1265860620	3
619541619	3
249327401	3
1023872718	3
138531540	3
22076537	3
49969221	3
21346197	3
1431454158	3
24745957	2
626001129	3
1345850192	3
243502423	3
414543577	3
59281449	3
270792742	4
325830217	2
18496709	4
1035443946	3
286799590	3
1539064994	3
624753464	3
291756142	2
35013862	3
1849074780	3
171598736	2
20209807	2
1431884516	3
15923226	3
1209417007	1
2161486428	3
215346722	3
562618381	3
125208664	3
625296182	3
36691808	3
17680840	4
731524644	3
405785853	3
18566912	2
1444416162	3
930009097	3
836709230	3
432771620	4
50370046	3
287896740	3
193076432	3
216355557	3
24448865	3
378547255	3
24195214	2
41017380	1
540241441	3
39803436	3
271593651	3
232127685	3
148348430	3
1413602821	4
524724189	3
249288197	1
63169388	2
19693903	3
15769734	3
1884258127	3
158397501	3
25382456	3
628559456	3
620708331	3
1872933859	3
23951197	2
2185601035	3
85342505	3
403539769	3
321380757	3
422076926	3
20469722	3
776698136	3
1092750030	3
50552213	3
19201438	3
157305077	3
213207055	3
130274805	3
348522887	3
2309440500	3
143489158	4
783749288	3
559073634	4
562640547	3
608902626	3
49194495	3
20880535	3
1210072844	3
54606494	3
81021861	3
18277655	2
33537967	1
48354257	3
107620932	3
14540659	4
1636639214	3
365239637	3
15941955	4
1342502834	4
569212271	3
971412384	3
295685416	1
1963246038	3
250736913	3
1310708510	3
50634125	3
1539300170	3
1109679128	3
253654580	3
19563355	3
15458694	2
230100284	3
10615232	2
1045853744	4
233949261	2
593718490	3
1186810890	3
1186874899	4
288886063	3
247517295	3
30437038	3
63796828	4
915781920	4
18915145	2
76348185	1
1915018465	3
22698090	3
20608910	2
87714473	4
1237704769	3
467823431	4
249410485	2
108052596	3
1316483802	3
23365717	3
477583514	4
200870788	3
33655490	2
14511951	2
933487722	3
430343685	3
24477294	3
234812598	2
94103877	3
180197930	3
54207182	3
318711662	3
1347830329	3
22812434	2
14110710	3
15918353	3
15554922	3
254174408	3
53420694	4
1979395855	3
462285708	3
295805574	4
1072467470	1
20621911	3
759316808	3
1325640288	3
109071031	2
2175130770	3
4389861	4
231510077	4
15764644	2
15212187	3
127074099	3
43963249	2
27311044	2
1183912596	3
1225410018	3
2192362761	3
589869443	3
240376522	2
424522799	3
351133674	3
1692578893	3
18217624	2
250462634	3
134302187	3
303920466	3
1346817602	3
1686565519	3
61313751	3
743167003	3
39787282	3
118941676	3
26305670	4
418269619	3
1070943116	3
209151429	3
26820795	3
806186582	3
442610682	3
15584433	3
703759688	3
631648466	3
127908221	3
1551310284	3
2294530717	3
1176615978	3
1465964245	3
192041694	3
74960018	3
584583739	3
2188340009	3
32537213	3
121656624	4
586730005	4
1007065914	3
417664241	4
16557756	3
788006827	3
46499643	4
80612021	2
2362779882	3
14345062	2
146263776	3
334127852	3
515898679	3
66209943	3
1673504017	3
224766531	3
2242638817	4
210926192	2
1031118500	3
1602268826	3
399502932	3
242761889	2
355881289	4
48425512	3
27242307	3
18137749	2
21111098	2
724658815	3
70587562	3
112740986	2
594582597	3
1155212191	4
67776968	3
50128726	3
29898014	4
28382250	4
39424870	3
1187949900	3
2340869731	3
53503202	4
16930125	3
242892689	2
1430814439	3
118540429	3
2294105892	3
417393341	3
16739711	4
312435184	3
56864092	2
221793778	2
17750784	3
427742683	3
1190825605	3
26596727	3
569666511	3
1480218668	3
26424123	2
29751942	3
497535334	3
20597460	2
11651202	4
56440142	3
492480327	3
935398104	3
323166438	3
16474026	3
174369590	3
68888437	3
7350652	4
133832049	2
131149247	3
346045240	3
1655093820	3
1080732656	3
119527861	3
1611680690	3
1620243926	3
237750442	2
38516217	4
1705042116	3
422964271	3
2364631970	3
1925431584	3
50731463	3
191688736	3
235190657	2
204881923	3
32265225	3
78569026	4
397382646	3
407053599	3
268007771	3
2467791	2
22508473	1
2435410690	3
1301606089	3
218267731	3
18632666	2
22387804	3
6577802	2
2288502470	3
1122064316	3
14925704	3
156029105	3
20113797	1
79022250	3
17033503	3
484134207	3
29793493	3
2161537962	3
718468320	3
67738195	3
44215945	3
221496713	3
788081918	3
860733170	3
23387115	3
22812754	2
98929990	3
297940478	3
264221149	3
18056015	4
62770351	3
628760912	3
587783109	3
58379000	1
121841737	3
39279393	3
92071963	3
127870840	4
22012091	2
272019676	3
346885718	3
148086041	3
787373558	4
520245212	3
497546508	3
557806506	3
186430550	4
41377639	3
49045755	3
798420806	3
1006482620	3
154139987	4
1915752144	3
1308601632	3
1326751968	3
242618658	4
24045931	3
297532865	3
24670782	3
59888738	3
71358042	3
46724483	3
1468560242	4
1267462094	3
277750492	3
542842941	3
176135285	3
36394602	3
76350004	2
50150341	3
233346654	4
109287731	2
1686107834	3
1093441423	3
6092972	4
250719718	3
58492046	3
308721230	4
29766367	1
759251	2
393821580	3
77839894	4
1716914930	3
10102032	2
82649553	2
1653370998	3
1362944844	3
61906286	3
1932803906	3
221447516	2
1905156690	3
830918346	3
12788332	2
33622411	3
62354707	3
1621009105	3
104727439	3
24913074	2
106591004	3
18221712	4
5357812	2
103335794	3
905020056	4
15603311	3
15762842	3
15555056	3
115979444	2
2361890355	3
575344793	3
157382927	3
16062766	3
218779638	4
2302483196	3
1655816936	3
454947269	3
470366309	3
16130949	3
2409239300	3
270370405	3
29293808	1
244268646	2
16742053	3
942156122	4
703561088	4
382534366	4
17065503	3
1296038210	3
359596838	3
227088228	2
813286	2
137571771	3
1234286196	3
14849664	3
140959145	3
148453195	2
301090775	3
14800483	3
792608948	3
950783972	1
220241174	3
381413722	3
119250381	1
24299006	3
389840566	4
36777778	3
88806753	2
415780303	3
143779492	3
614542142	3
333504114	3
29848453	3
65919935	3
44682276	3
593813785	3
582931822	4
31801993	2
94366606	3
162784542	3
330816212	3
448923637	3
1096507650	3
15428227	2
411997494	3
2252899873	3
14293310	1
40402146	3
18811140	2
1365917090	3
273098660	3
88976164	3
23970171	2
1347674623	3
223523798	3
15014405	4
1347436638	3
2836421	1
15964588	3
38254095	2
37094727	2
64161351	3
372345957	3
14672279	3
16030518	3
91137301	3
240663096	3
247334603	2
20957491	3
26841582	3
28238988	3
30673492	4
35518656	3
322737879	3
1965801554	3
47614124	3
71281860	3
721052064	3
1949611364	3
18008330	4
148006729	4
1301328822	3
1183811947	3
17906632	3
155680896	3
26111775	3
349219528	3
86364947	3
2181453624	4
26316100	3
1556756886	3
20002401	2
19269183	4
321119379	3
1300124792	3
563844379	3
751806494	3
33027306	3
23117388	3
819528355	3
267217520	3
886986138	3
497551327	3
59568948	3
1716366295	3
1905833168	3
448169106	3
148333607	3
289374103	3
360191435	3
450786176	3
23617145	3
317193393	3
144189766	3
279964598	3
1120931132	3
1137600571	3
33060832	3
18480494	3
292990703	2
1117009244	3
33576489	2
17848544	3
463918261	3
990635636	3
18213420	3
214179002	3
195070336	3
885789362	3
22831059	2
22081190	3
153486399	2
236480864	3
37202770	3
374161639	3
1242109014	3
211530910	2
1606703838	3
348857253	3
167856299	3
502440556	3
14529929	2
631876809	3
1902537799	3
700126891	3
20444702	4
32789881	3
67906573	3
1032703770	4
7334402	2
19245431	3
110924703	3
198523967	3
1058345042	1
2296636404	3
15471838	3
1702539968	3
20376424	3
21509894	4
1388590928	4
429181880	3
1073212812	3
283657826	3
460656473	3
1277984012	3
165533941	3
42638402	3
337752039	3
1393599296	3
114607567	1
1144145946	3
377702207	3
237814920	2
851621377	4
1487887076	3
1852819452	3
109280446	3
1665719612	3
537156670	3
411526571	3
488127904	3
34270503	3
95602718	3
191208249	3
21351432	3
592019654	4
385429543	1
234937222	2
26194384	3
47975734	2
1023320856	3
211901075	1
271552521	3
1222283971	3
2321129046	3
1722842137	3
1540496365	3
10025982	3
17530189	3
123667924	3
1962564906	3
110893482	4
93575832	3
40750718	3
960962340	4
222195455	3
16056306	2
1074129612	1
60801758	3
21426423	3
319529691	4
161411080	2
161791703	2
939621458	3
16703058	4
301081520	3
32010840	2
834525002	4
26809683	4
202206694	2
520778762	3
8775672	1
317608866	3
24184717	3
1356531588	3
713463571	4
176260948	3
278005891	4
36737855	3
35758513	3
17896154	1
217550862	3
1110920106	3
1931992778	3
1128781184	4
29865139	3
977369880	3
62330632	3
34340464	2
1033532365	3
830430216	3
155642785	2
1154667132	3
1080602371	3
360605502	3
63787812	3
30027177	3
2369234174	3
5741722	2
551698752	3
545501375	3
1596947036	3
1449407450	3
326551457	3
95509057	3
423688722	3
328258374	3
705661256	3
496786334	3
1879871294	3
2374720591	3
1954751917	3
550401754	1
370076582	3
18820392	4
16298388	3
348861268	3
1623282788	3
14124614	3
36588739	3
88784440	2
16804072	3
2356356972	3
1258312562	3
43216755	3
703640660	3
896620178	3
122473388	3
234906311	1
16018516	3
586045941	3
1115633996	3
485139684	4
1352594924	3
1621076712	3
175102610	3
63749707	3
20733972	2
17291452	4
20906882	3
615181714	3
78966155	3
1430524482	3
21669223	4
8870632	3
14730894	1
1959864463	3
21321475	4
272520742	3
19918558	2
1959387662	3
14216438	3
492378372	3
1154894353	4
1463550048	4
24305421	3
26265640	3
382441782	3
856549532	3
235271965	2
314335929	1
59969802	4
74058012	4
347877928	3
30500021	4
716563918	3
2255274860	3
411766612	3
39793438	3
41634520	2
51228911	2
247496974	3
234374703	2
2168350939	3
455037005	3
267781214	3
26324609	3
17487795	3
339852137	2
230761725	3
14616459	3
1556371026	4
199325935	1
234927299	3
109025212	2
225326840	3
1363394484	3
75367781	1
343171266	3
15600527	2
89526574	3
523397097	3
1092979962	1
63804234	3
206716135	3
260841091	3
47470008	3
68198447	3
2377726519	3
1221321108	3
205420257	3
1243902714	4
1049460835	3
49782398	3
1246599554	3
113420831	2
62907908	4
72874723	3
236899846	2
1891157910	3
505932430	3
85778445	3
270067927	4
331268118	3
1201520622	3
538416721	3
359950567	3
6794502	3
1263944875	3
58287227	3
338553588	3
213182436	3
46176168	1
142721190	3
943501040	3
71070614	3
18317325	2
1065995022	1
21941446	3
87055347	3
259950795	3
506091865	3
1581759588	4
547839797	4
1697235505	3
932421955	3
46016028	2
25768647	3
17074440	2
1143929599	3
2254857197	3
631543401	3
959687432	3
97368029	3
32774989	4
415981838	3
180287231	3
472541504	3
1482327366	3
454953162	4
20552026	2
180895768	4
14275291	2
2324036732	3
346030501	3
14135426	2
191005134	3
14389132	4
16472624	3
286363562	3
163586067	3
390292636	3
991821667	3
20449956	4
1693751167	3
1658254478	3
268496469	3
1497383952	3
1313165581	3
1532014123	3
139574248	3
99157266	3
83200882	3
2317860566	3
216481299	4
805777398	3
361365479	3
97171189	3
807095	2
391413865	3
89820928	2
246499208	3
85606078	1
435877117	3
16385104	3
24135119	3
276763538	3
207731256	3
190699396	3
1870898497	3
1104083418	3
52992670	3
27676828	2
310912778	3
47056405	3
352643501	3
252115520	3
47402168	3
404542591	3
594870776	3
240327228	3
263975503	3
1068990122	3
261263905	3
1357427004	3
19253918	3
586032653	4
451967996	3
18793575	3
23712174	2
252819642	2
195019882	3
18244206	4
8953122	1
33655512	3
19926675	2
287861586	4
323239103	3
17439675	3
18967498	2
29598035	3
796737758	3
180396181	4
305389392	3
85353299	3
1423715941	3
17282256	4
1322558402	3
430830756	3
1733849666	3
449959102	3
733751245	2
1558893368	3
56653367	3
39191258	3
498961346	3
300515560	3
539866149	3
225988631	3
78431501	2
76392970	3
248791332	3
1117640744	3
118152495	4
15751083	2
22262553	3
1905298878	3
1443203875	3
39308549	0
196147086	3
47891535	3
15029174	3
273795671	3
237944147	2
1738425180	3
758067224	3
424263083	3
456911539	3
64022803	4
262424195	3
1699808366	3
360427514	3
169472184	3
293254420	3
613725908	4
485264526	3
778724700	3
427024774	3
1068626984	3
148565166	3
29896465	3
15281676	2
20713061	2
193732179	2
1043702834	3
398232779	3
1516830966	3
864768235	3
2417754469	3
356390382	3
712959254	3
180846791	3
158495061	3
64660952	3
221792092	2
75785294	4
242068532	3
619479855	3
48117116	2
443681123	3
380371286	3
30930019	3
195955478	3
2192766368	3
30043495	1
126644609	3
76651617	3
386455581	3
49316020	3
236916916	2
5558312	2
80473367	3
44117460	3
330001961	3
373311804	3
1849261916	4
180100015	3
234822928	2
269931179	3
8128442	2
292935209	1
572317065	3
19553409	2
242555999	2
996565820	3
886042746	3
98242752	3
28859894	3
16086967	3
1578519660	3
283265252	4
350930593	3
1002313952	3
2265167642	3
1076928920	3
1944510751	3
22417674	3
49697450	3
31350534	3
1694503231	3
1571660059	3
161344057	3
1189735556	3
809050796	3
22819917	3
1602752804	3
14809189	3
578069877	3
311165745	3
155669457	1
1643415560	3
249339682	2
416686487	3
22097192	3
1927804778	3
1077121945	1
33345380	3
287269659	3
1955581326	3
1860099558	3
137381495	3
1408518626	3
317407076	3
1117953943	3
19726613	2
1935184730	3
201877444	3
7713202	2
57977498	4
87318108	3
9624742	2
19891260	3
254775647	3
15116570	1
1925654095	3
17643209	3
14344823	2
308664726	3
558769636	4
40024874	3
198963912	3
189910408	4
50839205	3
560117034	3
2363258587	3
19739126	2
338883349	3
48086014	2
2282872260	3
33665393	3
205886080	3
135931182	3
800162478	3
373011304	3
7270292	2
17976923	2
104797238	3
2337254448	3
97150206	3
5561412	2
42760147	3
191923358	3
581141508	4
223166587	4
193614775	3
28599820	2
1001025787	3
972323274	3
9855382	2
472632386	3
2230533374	3
2704951	1
1611064304	3
342601720	4
224320485	0
121620626	3
364564017	3
1469735982	3
17768436	3
19543987	3
1374923180	3
234024969	4
16031927	1
755802794	3
29501253	2
1403429444	3
1071768498	3
313344689	3
2288373518	3
250188760	2
891678516	3
1920276091	3
16100318	3
49453870	3
10168082	2
453698931	3
54598826	3
165511812	3
1599284149	3
237299871	2
556000874	3
156975310	3
96662959	3
15297551	3
17513304	2
364415553	4
305145458	3
2366260580	3
394272456	3
237129990	3
1020058453	3
317630465	3
39793961	3
377237995	3
133429379	3
64651898	3
776664410	4
235660311	3
63753027	3
1977097572	3
35829796	4
520950046	3
1521740594	3
1061486761	3
425565585	3
32135704	4
111635980	2
334320138	3
1262814457	4
137068935	3
237926856	3
48075643	3
919804596	3
244985138	3
77418275	3
230981077	3
109274506	3
14634720	4
193872188	1
43955137	3
1878559962	3
2241120434	3
209833543	3
1434486529	3
254277011	4
201453157	3
217137252	3
31611298	2
1517363570	3
51241574	2
162069635	2
356291170	3
474232856	3
1931698346	3
245378929	3
159524468	3
15675138	2
1602221707	3
27088314	3
2256726992	3
248852820	3
108671959	3
136471166	3
21220931	1
233238234	3
557671006	3
1060860422	3
2178681566	4
1535579558	3
22731105	4
260760840	3
72405094	3
18161620	4
338811841	3
1385690448	3
1898897300	3
621293247	3
128235400	3
217912727	3
531481241	4
1399903849	3
114887629	3
5392522	2
269908647	3
339814337	3
326208966	3
2162136865	3
80403646	3
131036750	3
53643803	3
30216513	2
860154126	3
19512725	3
405034710	3
16517357	3
85916265	3
1337252017	3
397430607	3
15727317	3
15159913	3
275098108	3
38500956	3
122770149	4
600991865	3
5496932	1
49649077	3
1627252382	3
260396714	4
37461389	3
1279783315	3
19808819	3
1305465990	3
474451843	3
220580561	4
16102244	2
71328021	3
122146840	3
1827782569	3
15954997	2
754277773	3
1920537577	3
21419440	3
381666107	3
25915690	4
17301179	3
19286569	3
1060487274	4
582475251	3
14984637	2
19257799	3
138770045	2
407744769	3
57860368	4
16129920	2
23121519	2
24392175	3
15417358	3
240363117	2
1140648348	3
167699332	4
1911335244	3
1719880621	3
74164455	3
151200240	3
22946355	4
833990756	3
3108351	2
234469322	2
1693373094	3
351109901	3
247420668	3
538646538	3
16583468	2
14763834	3
382791093	1
322794665	3
271985168	3
21636248	3
555593757	3
61250271	3
207317790	3
575766234	3
1002244244	3
84984380	3
1550794628	3
958081542	3
95978223	3
1305596696	3
15922214	2
15522251	3
978690895	3
62090497	3
791002021	3
2196576859	3
34122899	3
200400227	3
23789790	3
121990777	3
1469446608	3
2178860358	3
470126084	3
615953866	3
15745368	2
42734224	3
1503451620	3
193794406	2
538185166	1
324171587	3
1463325120	3
15918708	1
188194323	3
135653370	3
34402366	3
24463788	3
2284159548	3
34932854	3
48587305	3
302382660	3
199286398	3
1462723416	3
359032147	3
400792588	3
572061403	3
247066289	3
930234066	3
34966987	3
2330410284	3
38067927	3
158398519	2
325804079	3
18873711	3
78403308	2
568151409	4
2311117897	3
110545675	2
24795163	4
454060961	3
357253772	4
19028248	2
74895491	3
801084110	3
16187637	4
1365881617	3
628018533	3
98017737	3
845711293	3
593840334	3
1380763326	3
193978839	3
115166212	3
1009269193	1
2253990607	3
105823136	3
287225290	3
137407124	2
426694458	3
245905555	3
1545715382	4
20078009	4
18060177	3
28969421	3
145292853	4
92055121	3
46263050	3
1736053987	3
2238098360	3
11379362	3
240760644	2
301416337	3
965142457	4
1374780043	3
24260994	3
265529710	3
448077090	3
1157424444	3
218206502	3
25162697	3
1350864440	3
204905640	3
71036272	3
19658173	2
15008539	3
124335509	3
66774077	3
770554297	3
1671690367	3
36654245	2
2250858631	3
15985455	2
1396846357	3
385188446	3
1055730738	1
716984711	3
38039087	3
248252582	3
163570705	2
191728014	3
299802435	3
468601121	3
740417436	3
15856366	2
1665514478	3
11650762	1
270017791	3
31128529	2
27385174	3
393585626	3
296361085	2
293131808	2
976579933	3
228784853	3
332040130	3
309267226	1
41750998	4
68917738	3
1874140452	3
159609651	3
458393298	3
403353373	4
249674727	3
2286252732	3
1080844782	0
1372288434	3
255876732	3
49541291	3
784971582	3
22527499	2
21693764	3
16473577	1
159977219	3
140519774	2
27633572	3
31122582	1
32506723	2
1655680988	3
2245220154	3
15075753	4
588237779	3
1468203217	3
188019606	2
242836537	2
193632778	3
19865528	4
351149827	3
18166778	2
303861808	4
343830557	3
17353658	3
1541893820	3
195271137	4
362597648	3
249219490	3
26122639	4
46557945	3
398269985	3
48263046	3
1128514404	4
1262936000	3
537063930	3
305620929	4
15012486	2
156300451	3
305216911	1
757372008	3
32393576	3
1711193490	3
19151741	3
16814879	3
27705441	3
385288144	3
235251868	2
431990191	3
236118432	3
91032815	3
2367536538	3
452004245	3
135297032	1
166536928	3
1476337592	3
32379396	3
589425352	3
633855519	3
17800215	2
235312723	2
123934875	3
983813816	3
359133002	3
246769138	2
602997805	3
30619527	3
2203931420	3
126980084	3
222721984	3
167507135	3
459446627	3
284744912	3
59771400	4
1096059529	1
1385871187	3
1022263688	3
271958454	3
1540360435	3
765038167	4
16803651	3
18029328	3
2361531690	3
60984835	4
112236901	3
404226735	3
1911879768	3
50452197	2
55896443	3
159292313	3
1883356866	4
314761332	3
26607712	3
21786287	3
15356407	2
2739461	3
161743731	2
270182385	3
349379430	3
57751453	3
1265207760	3
27886115	3
16441318	3
96800896	3
23976316	2
21762137	3
350927143	3
539485640	3
407323365	3
275725571	3
77308668	4
30095477	3
330650569	3
108083058	3
1644805254	4
7356562	2
2305315345	3
360804642	3
919927722	3
15207668	2
1214475872	3
44478497	3
16099657	3
857748156	3
1678290240	3
76381104	3
407039290	4
344109654	3
15035209	3
254805061	3
9300262	2
242426145	2
1902563203	3
1909542326	3
185684821	3
21157904	2
253100055	3
396794501	3
30050899	3
47736933	3
209792690	1
11134252	2
480056408	3
14125897	4
1075843532	3
174847410	4
1173237842	3
610415617	3
30823752	3
14597351	3
316819997	3
32007346	3
356881780	3
323511585	3
43108099	3
49675523	3
299883942	2
1214026033	3
293459696	3
793992	3
2236741645	3
16469463	3
1462357878	3
1852444146	3
288295387	3
63502107	3
323863880	3
93723445	3
85418520	3
405134921	3
2301967142	3
148041415	3
284296658	3
1898624934	3
1444380402	3
554109268	3
2297176518	3
1071900114	4
254189414	3
469674025	3
1422126799	4
327798242	3
80958505	3
393603441	3
181101417	3
52989817	4
818586175	3
2277763242	3
31120881	3
1025653922	3
54686639	3
185049728	3
530864692	3
44195577	3
281162551	3
954172328	3
34850480	3
17750110	4
38036372	3
48115928	3
514929629	3
251656840	3
14173315	1
1884324084	3
281540744	1
18891923	2
257658885	3
1246366651	3
330938673	3
1059240924	4
194536303	3
1339931490	4
518644221	4
431266828	3
432092458	3
234022257	2
47747074	4
73925960	3
450108691	3
278124059	2
473199911	4
196619213	3
227036687	3
1630446259	3
16669075	4
75843152	3
1510065122	3
392998644	3
78130610	3
2203399435	3
1906353372	3
56763589	3
116534252	3
15324851	2
209598477	3
244526889	4
1488969002	3
232992031	1
15394954	2
18805303	2
224285242	2
883557414	3
43050282	3
18548136	4
267938462	1
585206397	3
291676686	3
1939381628	4
309605202	3
77017567	3
779118265	3
751212379	3
245136682	3
115488968	3
2253968388	3
1075666608	3
555473643	3
51267980	3
176646411	3
728565668	3
487067075	3
16054728	3
1055362014	3
47412499	2
337122716	4
870670477	3
1572830660	3
391814356	4
13218102	2
1418013151	3
71294756	2
5660532	4
398165004	3
516642662	3
14587949	3
17992453	3
485842327	3
2234105580	3
19929362	2
151589736	3
45151382	3
381152398	2
21950364	3
326043489	3
233724961	3
462033343	3
186506052	3
75347500	3
449795350	3
701303623	3
1439879557	3
246341769	2
186291444	3
378738565	3
219429281	2
1932363210	3
308276891	3
1580451673	3
74302172	3
360893245	3
1375646822	3
237312687	2
119162694	3
21619519	1
490535112	3
224297637	3
1497534576	3
14308987	3
345261756	3
1255785854	3
18216752	2
2184765932	3
1525086182	3
56538228	3
95166404	3
342945847	3
630802892	3
15350894	3
19616327	2
390522985	3
2287788476	3
624186253	4
621500066	3
24300215	3
1624698122	3
236479311	1
594060392	3
1072453910	4
538086333	3
342780479	3
178419778	3
280206584	3
345555778	3
1125409915	4
93936388	3
234014087	2
473401390	3
993153006	1
19139963	2
41464356	3
506033683	3
590696606	3
1652541	2
235217558	2
425489816	3
235591153	3
22903983	3
344033052	3
946114207	3
770448248	3
19407835	2
26778110	2
1327675195	3
169588591	3
78673043	3
15496979	3
801523267	3
45340027	3
399432469	3
125397444	3
72198806	2
197307435	3
1134292500	4
20563979	3
164707575	3
14617444	3
263414131	3
31006603	3
201079432	2
1149312193	3
117974827	3
89814216	3
238861711	3
253149069	3
34666990	3
555845120	3
80111837	4
1406277577	3
529973619	3
950328072	1
153944899	2
1335517206	4
242376736	1
584351142	3
1183865954	3
368977925	3
75398827	3
224294785	2
173363468	3
388958868	3
133864713	3
91179070	3
289530036	3
143889472	3
51284800	3
233601235	3
250710495	4
15434632	3
36183582	3
441425863	3
221614578	3
439596778	3
20841089	3
575385464	3
40526985	3
248850174	2
37920978	2
15939889	2
1490306108	3
433079096	3
463132556	3
2312281051	3
1458461443	3
19877680	4
377773483	3
180142423	3
13067732	3
38787045	3
1143060714	3
452413225	3
18043103	3
1282568923	3
339172700	3
112604826	3
1229226714	3
249834165	3
2305350474	3
2377621136	3
18289929	3
366228554	3
24742936	3
85634199	3
93288759	3
1051127714	4
197290856	3
20071932	3
48807726	4
486380694	3
168666357	3
215909539	3
168673083	2
47632905	3
1069918782	3
28252475	3
1123683068	3
2314336918	4
84129740	2
229197216	2
247850985	3
2369496272	3
85970738	4
15715842	3
153919023	1
499978095	3
1365631760	3
389759292	3
38465240	3
1512666349	3
1656055824	3
1662929678	3
117197307	3
991357832	3
34438002	3
104631905	3
1262623074	3
132278386	2
15948219	3
1011705054	4
251728316	3
20495104	4
612716532	3
110050273	3
113214730	3
237770636	2
247596046	3
62543872	3
123282266	3
133439172	2
1037084538	3
111632324	3
534405915	3
276197098	3
77664666	3
1394549060	3
2199888721	3
225921757	2
91744236	4
428333	2
85634177	3
255829884	3
1328123624	3
325717986	3
266830495	3
611834439	3
960696949	1
15572155	4
433791263	3
1636291356	3
19912734	3
337932925	3
543822491	3
49634881	3
468930111	3
620298978	3
349947276	3
60638933	3
282775291	3
26677801	3
23035691	3
534599939	3
195042501	3
50325797	2
65453528	3
2321775476	3
229592356	2
1071764281	3
2340967118	3
1223102983	3
122719755	3
124196924	3
17525171	4
52503751	2
76452765	2
1634852712	3
1172636797	3
33977070	2
21048033	4
217543151	2
1726999796	3
401955731	3
948491592	3
267583652	3
225242868	3
487906127	3
286898862	3
605098090	3
1071102246	4
1075551668	3
1441675236	3
206428391	3
325298865	3
1626115357	3
600737301	3
43476440	3
1061385474	4
362052555	3
281509650	3
1228818295	3
516131688	3
1222257180	4
158205177	3
28889556	3
248004920	3
23632545	3
1023236538	3
24737755	3
41406567	3
117197740	3
69715433	3
74198348	2
463606038	3
1061006802	3
575749942	3
115754120	3
15448332	3
1131203611	3
298059168	3
610325685	3
241207373	2
1332628436	3
1925656796	3
211254250	3
851120473	3
108619944	3
95070642	3
450708486	3
257170128	3
154648736	3
442824717	4
1571215884	3
308563367	3
1440997712	3
19793648	3
1536065244	3
122207745	3
362654346	3
78369108	2
14859559	4
318464838	3
425527664	3
286034058	3
1552818054	3
37766935	3
266772387	3
986188543	3
1372431026	3
282233418	3
308748838	3
256178459	3
70156027	4
407584834	3
633131271	3
1072382221	4
1437466362	3
373883896	3
1901113928	3
1484301392	3
799658150	3
1198766904	3
785414496	4
84677520	3
1797991	4
608182396	3
170767454	3
15361570	2
9508922	2
376477453	3
190160433	3
373326597	3
122212010	3
44127294	3
22797378	3
1592481150	3
233842454	2
265155317	3
564225302	3
2358445766	3
127894579	3
30313925	2
1058717720	4
20641972	3
1877628114	3
1412998502	4
40466049	3
1008962922	4
13383292	3
100330676	3
330583779	3
5692662	4
1494474121	3
566631178	3
237781383	2
2251095308	3
975200486	1
16712666	3
1656884071	3
1355831521	3
279634424	3
29610442	4
8542882	1
18724011	3
237348797	2
248699486	2
633825457	3
29929730	3
18916432	2
19518515	3
52537790	3
455041792	3
253016264	3
116518445	3
533702418	3
29710286	3
26976860	3
25086658	2
1969641703	3
189236855	4
23536035	3
617382180	3
2281176661	3
1917347892	3
1305481388	3
761840588	3
16560935	3
180032621	3
294965312	3
380001296	3
398990591	3
133448248	3
1608892718	3
409799018	3
1622931326	3
36126319	3
156075520	3
5031151	3
340296149	3
378096410	3
242993672	3
