239	0.012188	1
28	0.009927	1
545	0.009207	-1
821	0.008199	-1
535	0.008049	-1
314	0.007419	1
741	0.006133	-1
211	0.005101	1
732	0.004910	-1
45	0.004862	1
836	0.004218	-1
208	0.004076	1
52	0.004029	1
164	0.003687	1
198	0.003493	1
349	0.003475	1
105	0.003466	1
363	0.003460	1
792	0.003445	-1
619	0.003443	-1
730	0.003297	-1
544	0.003190	-1
20	0.003160	1
553	0.002777	-1
413	0.002624	1
254	0.002468	1
58	0.002409	1
711	0.002333	-1
461	0.002311	-1
31	0.002289	1
674	0.002177	-1
832	0.002031	-1
40	0.001860	1
191	0.001855	1
228	0.001828	1
168	0.001740	1
442	0.001663	-1
140	0.001574	1
633	0.001539	-1
376	0.001531	1
16	0.001525	1
275	0.001500	1
123	0.001473	1
573	0.001438	-1
489	0.001421	-1
513	0.001387	-1
417	0.001374	1
206	0.001259	1
622	0.001259	-1
757	0.001247	-1
813	0.001235	-1
135	0.001216	1
180	0.001135	1
668	0.001115	-1
603	0.001108	-1
617	0.001097	-1
685	0.001092	-1
567	0.001091	-1
320	0.001077	1
121	0.001060	1
791	0.001056	-1
305	0.001051	1
793	0.001047	-1
739	0.001037	-1
841	0.001021	-1
771	0.000960	-1
342	0.000936	1
816	0.000931	-1
68	0.000927	1
312	0.000911	1
98	0.000895	1
794	0.000888	-1
153	0.000887	1
219	0.000860	1
803	0.000853	-1
149	0.000850	1
377	0.000827	1
438	0.000788	-1
754	0.000768	-1
566	0.000747	-1
217	0.000741	1
549	0.000740	-1
447	0.000733	-1
188	0.000733	1
709	0.000720	-1
587	0.000702	-1
270	0.000702	1
516	0.000701	-1
338	0.000691	1
501	0.000686	-1
718	0.000671	-1
66	0.000665	1
746	0.000659	-1
25	0.000658	1
4	0.000648	1
431	0.000648	-1
835	0.000624	-1
768	0.000612	-1
655	0.000599	-1
283	0.000592	1
286	0.000588	1
317	0.000580	1
519	0.000568	-1
433	0.000559	-1
260	0.000555	1
481	0.000538	-1
387	0.000529	1
324	0.000515	1
751	0.000515	-1
530	0.000497	-1
72	0.000483	1
104	0.000474	1
359	0.000465	1
327	0.000462	1
756	0.000462	-1
137	0.000460	1
64	0.000458	1
634	0.000454	-1
561	0.000431	-1
172	0.000430	1
548	0.000429	-1
156	0.000427	1
398	0.000423	1
705	0.000421	-1
469	0.000407	-1
706	0.000407	-1
100	0.000365	1
412	0.000358	1
833	0.000358	-1
375	0.000357	1
589	0.000353	-1
263	0.000340	1
424	0.000340	-1
120	0.000333	1
76	0.000330	1
351	0.000328	1
778	0.000328	-1
346	0.000327	1
772	0.000327	-1
598	0.000326	-1
662	0.000320	-1
382	0.000320	1
409	0.000316	1
512	0.000315	-1
93	0.000311	1
290	0.000310	1
715	0.000310	-1
691	0.000310	-1
195	0.000304	1
533	0.000284	-1
336	0.000281	1
39	0.000279	1
459	0.000276	-1
292	0.000276	1
218	0.000275	1
760	0.000272	-1
48	0.000271	1
475	0.000270	-1
13	0.000264	1
288	0.000260	1
737	0.000259	-1
231	0.000250	1
280	0.000246	1
716	0.000235	-1
333	0.000233	1
762	0.000233	-1
74	0.000232	1
686	0.000219	-1
575	0.000219	-1
267	0.000212	1
353	0.000209	1
107	0.000205	1
264	0.000197	1
193	0.000194	1
693	0.000194	-1
236	0.000193	1
666	0.000193	-1
787	0.000193	-1
401	0.000191	1
825	0.000191	-1
78	0.000188	1
511	0.000188	-1
274	0.000188	1
539	0.000188	-1
505	0.000187	-1
179	0.000187	1
592	0.000187	-1
646	0.000187	-1
19	0.000180	1
99	0.000180	1
538	0.000180	-1
399	0.000168	1
326	0.000167	1
514	0.000165	-1
372	0.000164	1
584	0.000162	-1
197	0.000161	1
817	0.000160	-1
621	0.000159	-1
176	0.000155	1
725	0.000155	-1
490	0.000154	-1
255	0.000152	1
494	0.000152	-1
733	0.000147	-1
262	0.000146	1
310	0.000145	1
818	0.000142	-1
23	0.000136	1
783	0.000136	-1
323	0.000136	1
750	0.000136	-1
601	0.000131	-1
10	0.000129	1
139	0.000129	1
478	0.000127	-1
88	0.000127	1
521	0.000127	-1
234	0.000124	1
73	0.000123	1
33	0.000120	1
26	0.000117	1
245	0.000117	1
640	0.000116	-1
212	0.000116	1
287	0.000115	1
569	0.000113	-1
604	0.000112	-1
472	0.000110	-1
423	0.000109	-1
251	0.000108	1
106	0.000108	1
627	0.000106	-1
321	0.000106	1
415	0.000102	1
230	0.000101	1
214	0.000098	1
364	0.000097	1
486	0.000096	-1
700	0.000093	-1
528	0.000092	-1
150	0.000092	1
577	0.000092	-1
468	0.000091	-1
232	0.000085	1
466	0.000085	-1
414	0.000085	1
12	0.000083	1
97	0.000080	1
763	0.000079	-1
17	0.000079	1
683	0.000079	-1
779	0.000079	-1
395	0.000078	1
127	0.000077	1
240	0.000077	1
454	0.000075	-1
94	0.000075	1
34	0.000074	1
462	0.000074	-1
128	0.000072	1
571	0.000071	-1
543	0.000069	-1
765	0.000068	-1
352	0.000067	1
224	0.000066	1
654	0.000066	-1
205	0.000066	1
451	0.000066	-1
699	0.000065	-1
41	0.000064	1
471	0.000064	-1
237	0.000064	1
174	0.000064	1
311	0.000063	1
738	0.000063	-1
357	0.000062	1
83	0.000062	1
697	0.000061	-1
443	0.000061	-1
576	0.000061	-1
221	0.000060	1
146	0.000060	1
403	0.000058	1
189	0.000056	1
606	0.000056	-1
289	0.000055	1
830	0.000054	-1
200	0.000054	1
296	0.000054	1
38	0.000053	1
550	0.000053	-1
199	0.000053	1
522	0.000053	-1
788	0.000052	-1
235	0.000052	1
248	0.000051	1
679	0.000051	-1
558	0.000050	-1
162	0.000049	1
632	0.000048	-1
422	0.000047	-1
676	0.000047	-1
742	0.000047	-1
79	0.000047	1
151	0.000046	1
252	0.000044	1
687	0.000044	-1
695	0.000042	-1
826	0.000042	-1
273	0.000041	1
702	0.000041	-1
411	0.000041	1
131	0.000041	1
480	0.000040	-1
384	0.000040	1
60	0.000039	1
194	0.000038	1
583	0.000037	-1
29	0.000037	1
692	0.000037	-1
89	0.000037	1
124	0.000037	1
371	0.000035	1
797	0.000034	-1
154	0.000033	1
579	0.000033	-1
181	0.000033	1
46	0.000033	1
71	0.000033	1
15	0.000033	1
722	0.000033	-1
647	0.000032	-1
0	0.000031	1
565	0.000030	-1
347	0.000030	1
450	0.000029	-1
241	0.000029	1
182	0.000028	1
397	0.000028	1
204	0.000028	1
487	0.000027	-1
488	0.000026	-1
332	0.000026	1
92	0.000025	1
532	0.000025	-1
24	0.000025	1
243	0.000025	1
752	0.000024	-1
297	0.000024	1
720	0.000024	-1
202	0.000024	1
652	0.000023	-1
449	0.000023	-1
635	0.000023	-1
708	0.000023	-1
307	0.000023	1
735	0.000023	-1
728	0.000023	-1
298	0.000023	1
44	0.000023	1
474	0.000023	-1
358	0.000023	1
599	0.000022	-1
612	0.000022	-1
148	0.000022	1
210	0.000021	1
50	0.000021	1
380	0.000021	1
302	0.000021	1
515	0.000021	-1
35	0.000020	1
400	0.000020	1
703	0.000020	-1
682	0.000020	-1
345	0.000020	1
229	0.000019	1
161	0.000019	1
410	0.000019	1
799	0.000019	-1
170	0.000019	1
108	0.000019	1
609	0.000018	-1
807	0.000017	-1
160	0.000017	1
456	0.000017	-1
328	0.000017	1
330	0.000016	1
171	0.000016	1
482	0.000016	-1
804	0.000015	-1
207	0.000015	1
748	0.000015	-1
177	0.000015	1
282	0.000014	1
355	0.000014	1
331	0.000014	1
495	0.000014	-1
284	0.000014	1
3	0.000014	1
663	0.000014	-1
167	0.000013	1
585	0.000013	-1
597	0.000013	-1
223	0.000013	1
65	0.000013	1
14	0.000013	1
428	0.000013	-1
665	0.000013	-1
777	0.000012	-1
563	0.000012	-1
661	0.000012	-1
831	0.000012	-1
773	0.000012	-1
531	0.000012	-1
233	0.000012	1
618	0.000012	-1
163	0.000011	1
220	0.000011	1
660	0.000011	-1
667	0.000011	-1
780	0.000011	-1
448	0.000011	-1
2	0.000011	1
426	0.000011	-1
624	0.000011	-1
796	0.000010	-1
421	0.000010	-1
184	0.000010	1
492	0.000010	-1
341	0.000010	1
325	0.000010	1
308	0.000010	1
192	0.000010	1
80	0.000009	1
385	0.000009	1
812	0.000009	-1
464	0.000009	-1
362	0.000009	1
402	0.000009	1
775	0.000009	-1
102	0.000008	1
227	0.000008	1
5	0.000008	1
537	0.000008	-1
129	0.000008	1
520	0.000008	-1
714	0.000008	-1
59	0.000008	1
496	0.000008	-1
378	0.000008	1
67	0.000007	1
767	0.000007	-1
590	0.000007	-1
116	0.000007	1
319	0.000007	1
744	0.000007	-1
18	0.000007	1
758	0.000006	-1
625	0.000006	-1
641	0.000006	-1
404	0.000006	1
786	0.000006	-1
824	0.000006	-1
173	0.000006	1
755	0.000006	-1
367	0.000006	1
86	0.000006	1
651	0.000006	-1
436	0.000005	-1
555	0.000005	-1
165	0.000005	1
132	0.000005	1
564	0.000005	-1
503	0.000005	-1
827	0.000005	-1
614	0.000005	-1
811	0.000005	-1
541	0.000005	-1
190	0.000005	1
439	0.000005	-1
69	0.000005	1
258	0.000005	1
85	0.000005	1
518	0.000005	-1
689	0.000005	-1
770	0.000005	-1
724	0.000005	-1
350	0.000005	1
95	0.000005	1
657	0.000004	-1
226	0.000004	1
656	0.000004	-1
187	0.000004	1
809	0.000004	-1
658	0.000004	-1
418	0.000004	1
626	0.000004	-1
761	0.000004	-1
698	0.000004	-1
185	0.000004	1
303	0.000004	1
334	0.000004	1
534	0.000004	-1
134	0.000004	1
536	0.000004	-1
143	0.000004	1
306	0.000004	1
62	0.000004	1
483	0.000004	-1
30	0.000004	1
678	0.000004	-1
301	0.000004	1
381	0.000004	1
834	0.000003	-1
369	0.000003	1
688	0.000003	-1
429	0.000003	-1
680	0.000003	-1
591	0.000003	-1
183	0.000003	1
600	0.000003	-1
637	0.000003	-1
136	0.000003	1
70	0.000003	1
581	0.000003	-1
840	0.000003	-1
285	0.000003	1
55	0.000003	1
611	0.000003	-1
293	0.000003	1
103	0.000003	1
572	0.000003	-1
111	0.000003	1
547	0.000003	-1
238	0.000003	1
690	0.000003	-1
343	0.000003	1
822	0.000003	-1
406	0.000003	1
605	0.000003	-1
21	0.000003	1
554	0.000003	-1
157	0.000003	1
54	0.000003	1
304	0.000002	1
731	0.000002	-1
348	0.000002	1
203	0.000002	1
259	0.000002	1
506	0.000002	-1
427	0.000002	-1
47	0.000002	1
266	0.000002	1
734	0.000002	-1
166	0.000002	1
828	0.000002	-1
396	0.000002	1
523	0.000002	-1
250	0.000002	1
467	0.000002	-1
710	0.000002	-1
390	0.000002	1
659	0.000002	-1
278	0.000002	1
727	0.000002	-1
713	0.000002	-1
838	0.000002	-1
457	0.000002	-1
7	0.000002	1
114	0.000002	1
138	0.000002	1
721	0.000002	-1
568	0.000002	-1
22	0.000002	1
628	0.000002	-1
529	0.000002	-1
776	0.000002	-1
313	0.000002	1
782	0.000002	-1
295	0.000002	1
719	0.000002	-1
596	0.000002	-1
753	0.000002	-1
63	0.000002	1
498	0.000002	-1
446	0.000002	-1
337	0.000002	1
340	0.000001	1
673	0.000001	-1
6	0.000001	1
8	0.000001	1
432	0.000001	-1
158	0.000001	1
814	0.000001	-1
507	0.000001	-1
405	0.000001	1
354	0.000001	1
43	0.000001	1
339	0.000001	1
366	0.000001	1
578	0.000001	-1
790	0.000001	-1
186	0.000001	1
602	0.000001	-1
244	0.000001	1
586	0.000001	-1
277	0.000001	1
394	0.000001	1
781	0.000001	-1
491	0.000001	-1
53	0.000001	1
9	0.000001	1
434	0.000001	-1
644	0.000001	-1
265	0.000001	1
800	0.000001	-1
435	0.000001	-1
386	0.000001	1
115	0.000001	1
815	0.000001	-1
87	0.000001	1
648	0.000001	-1
444	0.000001	-1
774	0.000001	-1
42	0.000001	1
556	0.000001	-1
96	0.000001	1
499	0.000001	-1
615	0.000001	-1
707	0.000001	-1
242	0.000001	1
629	0.000001	-1
90	0.000001	1
642	0.000001	-1
726	0.000001	-1
729	0.000001	-1
281	0.000001	1
322	0.000001	1
675	0.000001	-1
430	0.000001	-1
119	0.000001	1
101	0.000001	1
672	0.000001	-1
368	0.000001	1
257	0.000001	1
365	0.000001	1
82	0.000001	1
309	0.000001	1
388	0.000001	1
269	0.000001	1
595	0.000001	-1
222	0.000001	1
743	0.000001	-1
740	0.000001	-1
51	0.000001	1
370	0.000001	1
795	0.000001	-1
335	0.000001	1
416	0.000001	1
837	0.000001	-1
169	0.000001	1
588	0.000001	-1
638	0.000001	-1
215	0.000001	1
502	0.000001	-1
607	0.000000	-1
125	0.000000	1
736	0.000000	-1
113	0.000000	1
437	0.000000	-1
749	0.000000	-1
608	0.000000	-1
361	0.000000	1
764	0.000000	-1
75	0.000000	1
509	0.000000	-1
717	0.000000	-1
594	0.000000	-1
473	0.000000	-1
142	0.000000	1
570	0.000000	-1
408	0.000000	1
246	0.000000	1
677	0.000000	-1
36	0.000000	1
463	0.000000	-1
631	0.000000	-1
645	0.000000	-1
476	0.000000	-1
540	0.000000	-1
155	0.000000	1
552	0.000000	-1
249	0.000000	1
425	0.000000	-1
829	0.000000	-1
574	0.000000	-1
789	0.000000	-1
112	0.000000	1
510	0.000000	-1
802	0.000000	-1
315	0.000000	1
784	0.000000	-1
623	0.000000	-1
580	0.000000	-1
620	0.000000	-1
196	0.000000	1
470	0.000000	-1
141	0.000000	1
261	0.000000	1
389	0.000000	1
542	0.000000	-1
276	0.000000	1
126	0.000000	1
213	0.000000	1
344	0.000000	1
27	0.000000	1
440	0.000000	-1
1	0.000000	1
643	0.000000	-1
291	0.000000	1
216	0.000000	1
696	0.000000	-1
420	0.000000	1
57	0.000000	1
84	0.000000	1
517	0.000000	-1
299	0.000000	1
723	0.000000	-1
147	0.000000	1
497	0.000000	-1
318	0.000000	1
785	0.000000	-1
91	0.000000	1
524	0.000000	-1
145	0.000000	1
316	0.000000	1
636	0.000000	-1
152	0.000000	1
557	0.000000	-1
32	0.000000	1
485	0.000000	-1
650	0.000000	-1
504	0.000000	-1
225	0.000000	1
798	0.000000	-1
526	0.000000	-1
712	0.000000	-1
769	0.000000	-1
745	0.000000	-1
639	0.000000	-1
610	0.000000	-1
820	0.000000	-1
484	0.000000	-1
455	0.000000	-1
122	0.000000	1
441	0.000000	-1
562	0.000000	-1
839	0.000000	-1
669	0.000000	-1
551	0.000000	-1
360	0.000000	1
272	0.000000	1
329	0.000000	1
383	0.000000	1
56	0.000000	1
493	0.000000	-1
747	0.000000	-1
452	0.000000	-1
460	0.000000	-1
109	0.000000	1
118	0.000000	1
582	0.000000	-1
823	0.000000	-1
684	0.000000	-1
527	0.000000	-1
508	0.000000	-1
479	0.000000	-1
379	0.000000	1
805	0.000000	-1
253	0.000000	1
392	0.000000	1
144	0.000000	1
175	0.000000	1
525	0.000000	-1
801	0.000000	-1
453	0.000000	-1
477	0.000000	-1
61	0.000000	1
268	0.000000	1
694	0.000000	-1
701	0.000000	-1
271	0.000000	1
201	0.000000	1
49	0.000000	1
458	0.000000	-1
681	0.000000	-1
819	0.000000	-1
664	0.000000	-1
159	0.000000	1
130	0.000000	1
671	0.000000	-1
356	0.000000	1
810	0.000000	-1
178	0.000000	1
653	0.000000	-1
209	0.000000	1
630	0.000000	-1
407	0.000000	1
766	0.000000	-1
670	0.000000	-1
279	0.000000	1
391	0.000000	1
110	0.000000	1
546	0.000000	-1
808	0.000000	-1
445	0.000000	-1
77	0.000000	1
373	0.000000	1
117	0.000000	1
649	0.000000	-1
560	0.000000	-1
247	0.000000	1
593	0.000000	-1
613	0.000000	-1
37	0.000000	1
374	0.000000	1
294	0.000000	1
256	0.000000	1
559	0.000000	-1
81	0.000000	1
300	0.000000	1
806	0.000000	-1
11	0.000000	1
704	0.000000	-1
616	0.000000	-1
133	0.000000	1
465	0.000000	-1
500	0.000000	-1
419	0.000000	1
393	0.000000	1
759	0.000000	-1
