354	0.003066	1
311	0.003052	1
738	0.003052	-1
38	0.002944	1
416	0.002910	1
837	0.002910	-1
37	0.002893	1
214	0.002856	1
237	0.002848	1
168	0.002844	1
358	0.002809	1
270	0.002773	1
166	0.002739	1
68	0.002714	1
341	0.002710	1
189	0.002706	1
606	0.002706	-1
139	0.002706	1
413	0.002692	1
80	0.002689	1
375	0.002663	1
65	0.002658	1
149	0.002657	1
40	0.002593	1
96	0.002588	1
652	0.002572	-1
126	0.002556	1
346	0.002546	1
772	0.002546	-1
91	0.002542	1
524	0.002542	-1
277	0.002542	1
52	0.002536	1
170	0.002536	1
247	0.002520	1
258	0.002512	1
364	0.002498	1
41	0.002493	1
471	0.002493	-1
171	0.002482	1
291	0.002480	1
259	0.002471	1
337	0.002461	1
158	0.002453	1
211	0.002452	1
85	0.002451	1
518	0.002451	-1
231	0.002445	1
263	0.002409	1
94	0.002401	1
228	0.002398	1
206	0.002391	1
622	0.002391	-1
351	0.002387	1
778	0.002387	-1
122	0.002384	1
9	0.002374	1
434	0.002374	-1
192	0.002373	1
241	0.002365	1
33	0.002356	1
392	0.002352	1
203	0.002346	1
35	0.002326	1
178	0.002323	1
90	0.002322	1
257	0.002316	1
478	0.002306	-1
275	0.002301	1
362	0.002299	1
89	0.002292	1
124	0.002292	1
297	0.002291	1
720	0.002291	-1
7	0.002289	1
338	0.002285	1
205	0.002277	1
26	0.002276	1
172	0.002275	1
112	0.002271	1
418	0.002260	1
167	0.002253	1
585	0.002253	-1
180	0.002247	1
370	0.002244	1
795	0.002244	-1
296	0.002230	1
177	0.002228	1
240	0.002211	1
342	0.002211	1
45	0.002208	1
123	0.002200	1
329	0.002190	1
28	0.002187	1
163	0.002177	1
298	0.002177	1
318	0.002173	1
271	0.002168	1
217	0.002167	1
3	0.002164	1
302	0.002162	1
316	0.002159	1
282	0.002158	1
119	0.002156	1
76	0.002156	1
115	0.002148	1
475	0.002148	-1
331	0.002144	1
310	0.002137	1
110	0.002134	1
546	0.002134	-1
176	0.002131	1
371	0.002126	1
120	0.002123	1
18	0.002120	1
107	0.002120	1
2	0.002116	1
426	0.002116	-1
330	0.002114	1
236	0.002114	1
666	0.002114	-1
393	0.002113	1
315	0.002112	1
611	0.002109	-1
160	0.002109	1
135	0.002108	1
308	0.002107	1
324	0.002101	1
751	0.002101	-1
305	0.002092	1
404	0.002090	1
216	0.002087	1
234	0.002083	1
407	0.002080	1
279	0.002079	1
250	0.002076	1
269	0.002074	1
332	0.002071	1
355	0.002070	1
51	0.002069	1
352	0.002068	1
161	0.002068	1
480	0.002062	-1
44	0.002059	1
474	0.002059	-1
8	0.002057	1
432	0.002057	-1
340	0.002057	1
831	0.002056	-1
66	0.002053	1
412	0.002051	1
833	0.002051	-1
116	0.002051	1
128	0.002049	1
175	0.002049	1
255	0.002036	1
55	0.002036	1
400	0.002034	1
73	0.002032	1
225	0.002030	1
304	0.002024	1
731	0.002024	-1
345	0.002023	1
309	0.002015	1
347	0.002015	1
117	0.002014	1
60	0.002014	1
278	0.002014	1
195	0.002011	1
420	0.002008	1
36	0.002007	1
463	0.002007	-1
248	0.002005	1
679	0.002005	-1
100	0.002004	1
219	0.002004	1
378	0.002001	1
114	0.001997	1
383	0.001996	1
16	0.001996	1
125	0.001994	1
419	0.001988	1
186	0.001981	1
602	0.001981	-1
295	0.001980	1
719	0.001980	-1
75	0.001973	1
509	0.001973	-1
183	0.001970	1
314	0.001969	1
244	0.001969	1
307	0.001968	1
735	0.001968	-1
409	0.001968	1
384	0.001963	1
272	0.001962	1
142	0.001960	1
570	0.001960	-1
388	0.001953	1
274	0.001952	1
276	0.001951	1
64	0.001950	1
406	0.001949	1
261	0.001936	1
266	0.001936	1
32	0.001934	1
288	0.001934	1
438	0.001932	-1
801	0.001930	-1
283	0.001921	1
82	0.001920	1
103	0.001919	1
368	0.001917	1
462	0.001916	-1
95	0.001913	1
264	0.001911	1
390	0.001898	1
196	0.001888	1
162	0.001887	1
21	0.001886	1
290	0.001883	1
715	0.001883	-1
403	0.001879	1
54	0.001877	1
113	0.001871	1
251	0.001869	1
408	0.001867	1
239	0.001866	1
647	0.001861	-1
218	0.001854	1
53	0.001854	1
146	0.001852	1
262	0.001841	1
306	0.001839	1
165	0.001835	1
417	0.001829	1
415	0.001824	1
50	0.001822	1
56	0.001820	1
493	0.001820	-1
739	0.001819	-1
245	0.001811	1
650	0.001810	-1
273	0.001802	1
702	0.001802	-1
108	0.001797	1
243	0.001790	1
157	0.001784	1
822	0.001777	-1
486	0.001775	-1
224	0.001774	1
0	0.001766	1
131	0.001755	1
98	0.001755	1
292	0.001754	1
510	0.001751	-1
286	0.001748	1
242	0.001744	1
207	0.001737	1
267	0.001726	1
322	0.001713	1
190	0.001712	1
328	0.001710	1
74	0.001709	1
147	0.001706	1
132	0.001702	1
564	0.001702	-1
249	0.001698	1
326	0.001696	1
229	0.001694	1
13	0.001681	1
47	0.001679	1
72	0.001669	1
405	0.001660	1
92	0.001660	1
532	0.001660	-1
746	0.001654	-1
312	0.001653	1
313	0.001642	1
153	0.001641	1
133	0.001634	1
301	0.001631	1
140	0.001627	1
210	0.001621	1
399	0.001618	1
199	0.001613	1
15	0.001608	1
69	0.001603	1
12	0.001602	1
377	0.001601	1
233	0.001597	1
430	0.001595	-1
289	0.001593	1
252	0.001587	1
385	0.001585	1
812	0.001585	-1
395	0.001582	1
4	0.001577	1
431	0.001577	-1
67	0.001564	1
70	0.001559	1
802	0.001550	-1
254	0.001545	1
299	0.001535	1
723	0.001535	-1
325	0.001517	1
690	0.001511	-1
81	0.001510	1
366	0.001510	1
79	0.001508	1
391	0.001507	1
737	0.001506	-1
235	0.001506	1
141	0.001499	1
87	0.001491	1
30	0.001471	1
188	0.001467	1
86	0.001462	1
381	0.001456	1
77	0.001418	1
187	0.001415	1
729	0.001414	-1
376	0.001413	1
101	0.001394	1
27	0.001389	1
265	0.001388	1
193	0.001382	1
20	0.001374	1
323	0.001364	1
750	0.001364	-1
350	0.001360	1
17	0.001359	1
260	0.001348	1
34	0.001345	1
150	0.001319	1
577	0.001319	-1
46	0.001313	1
386	0.001309	1
179	0.001296	1
592	0.001296	-1
701	0.001267	-1
62	0.001263	1
343	0.001254	1
31	0.001253	1
24	0.001253	1
327	0.001221	1
756	0.001221	-1
93	0.001201	1
397	0.001195	1
1	0.001186	1
25	0.001178	1
220	0.001160	1
372	0.001154	1
11	0.001151	1
348	0.001149	1
281	0.001148	1
396	0.001148	1
144	0.001147	1
182	0.001142	1
106	0.001141	1
208	0.001124	1
335	0.001120	1
360	0.001114	1
334	0.001110	1
121	0.001102	1
349	0.001102	1
584	0.001098	-1
130	0.001097	1
84	0.001092	1
517	0.001092	-1
398	0.001091	1
357	0.001090	1
58	0.001090	1
42	0.001086	1
344	0.001085	1
238	0.001075	1
317	0.001072	1
202	0.001070	1
78	0.001070	1
511	0.001070	-1
222	0.001062	1
294	0.001062	1
380	0.001053	1
319	0.001049	1
744	0.001049	-1
387	0.001046	1
287	0.001045	1
145	0.001045	1
223	0.001042	1
154	0.001040	1
579	0.001040	-1
469	0.001034	-1
303	0.001028	1
285	0.001021	1
22	0.001018	1
221	0.001013	1
151	0.001003	1
129	0.001001	1
204	0.000997	1
268	0.000996	1
694	0.000996	-1
373	0.000994	1
280	0.000984	1
361	0.000976	1
49	0.000972	1
293	0.000972	1
389	0.000965	1
104	0.000961	1
169	0.000953	1
29	0.000947	1
97	0.000941	1
197	0.000933	1
10	0.000931	1
63	0.000921	1
498	0.000921	-1
191	0.000919	1
226	0.000915	1
656	0.000915	-1
198	0.000906	1
102	0.000902	1
232	0.000891	1
143	0.000878	1
83	0.000870	1
212	0.000865	1
57	0.000862	1
363	0.000861	1
359	0.000847	1
321	0.000839	1
213	0.000821	1
200	0.000817	1
365	0.000814	1
504	0.000811	-1
466	0.000800	-1
71	0.000796	1
410	0.000793	1
152	0.000792	1
105	0.000790	1
39	0.000789	1
394	0.000788	1
201	0.000768	1
356	0.000755	1
353	0.000751	1
173	0.000746	1
99	0.000742	1
538	0.000742	-1
333	0.000729	1
762	0.000729	-1
230	0.000729	1
256	0.000727	1
174	0.000708	1
209	0.000699	1
630	0.000699	-1
215	0.000695	1
574	0.000683	-1
181	0.000676	1
164	0.000662	1
455	0.000650	-1
138	0.000623	1
401	0.000623	1
825	0.000623	-1
590	0.000595	-1
127	0.000588	1
148	0.000585	1
109	0.000573	1
43	0.000566	1
48	0.000561	1
519	0.000560	-1
61	0.000548	1
628	0.000548	-1
608	0.000489	-1
118	0.000473	1
23	0.000466	1
557	0.000453	-1
156	0.000433	1
137	0.000430	1
14	0.000419	1
185	0.000409	1
155	0.000399	1
534	0.000397	-1
367	0.000386	1
576	0.000384	-1
411	0.000373	1
284	0.000364	1
726	0.000359	-1
369	0.000327	1
227	0.000322	1
136	0.000308	1
5	0.000305	1
680	0.000302	-1
782	0.000301	-1
379	0.000300	1
805	0.000300	-1
184	0.000287	1
636	0.000272	-1
339	0.000269	1
763	0.000264	-1
320	0.000260	1
111	0.000257	1
547	0.000257	-1
194	0.000249	1
834	0.000243	-1
134	0.000238	1
589	0.000235	-1
832	0.000227	-1
414	0.000210	1
88	0.000206	1
521	0.000206	-1
253	0.000200	1
382	0.000190	1
6	0.000188	1
402	0.000186	1
246	0.000179	1
677	0.000179	-1
19	0.000168	1
597	0.000161	-1
374	0.000159	1
300	0.000151	1
543	0.000146	-1
645	0.000139	-1
59	0.000136	1
496	0.000136	-1
159	0.000131	1
560	0.000128	-1
721	0.000127	-1
713	0.000117	-1
732	0.000116	-1
708	0.000097	-1
803	0.000091	-1
336	0.000090	1
503	0.000087	-1
816	0.000080	-1
767	0.000076	-1
826	0.000073	-1
561	0.000064	-1
617	0.000064	-1
651	0.000058	-1
621	0.000058	-1
533	0.000058	-1
556	0.000049	-1
520	0.000048	-1
808	0.000048	-1
587	0.000044	-1
787	0.000043	-1
528	0.000035	-1
562	0.000035	-1
765	0.000034	-1
425	0.000031	-1
828	0.000027	-1
581	0.000021	-1
789	0.000021	-1
663	0.000020	-1
773	0.000019	-1
635	0.000018	-1
572	0.000018	-1
797	0.000016	-1
525	0.000016	-1
626	0.000016	-1
514	0.000015	-1
580	0.000015	-1
709	0.000015	-1
682	0.000015	-1
817	0.000015	-1
550	0.000015	-1
423	0.000015	-1
671	0.000015	-1
752	0.000015	-1
424	0.000015	-1
489	0.000015	-1
620	0.000015	-1
637	0.000015	-1
658	0.000015	-1
736	0.000015	-1
717	0.000015	-1
777	0.000015	-1
429	0.000015	-1
465	0.000015	-1
707	0.000015	-1
554	0.000015	-1
724	0.000015	-1
515	0.000014	-1
722	0.000014	-1
460	0.000011	-1
681	0.000008	-1
508	0.000005	-1
775	0.000004	-1
718	0.000004	-1
593	0.000004	-1
476	0.000004	-1
470	0.000003	-1
648	0.000003	-1
819	0.000003	-1
631	0.000003	-1
667	0.000002	-1
758	0.000002	-1
840	0.000002	-1
428	0.000002	-1
627	0.000002	-1
450	0.000002	-1
820	0.000001	-1
768	0.000001	-1
741	0.000001	-1
660	0.000001	-1
458	0.000001	-1
495	0.000001	-1
456	0.000001	-1
586	0.000001	-1
676	0.000001	-1
748	0.000001	-1
774	0.000001	-1
537	0.000001	-1
668	0.000001	-1
488	0.000000	-1
776	0.000000	-1
610	0.000000	-1
601	0.000000	-1
785	0.000000	-1
551	0.000000	-1
794	0.000000	-1
522	0.000000	-1
596	0.000000	-1
742	0.000000	-1
436	0.000000	-1
841	0.000000	-1
759	0.000000	-1
685	0.000000	-1
693	0.000000	-1
472	0.000000	-1
607	0.000000	-1
653	0.000000	-1
654	0.000000	-1
501	0.000000	-1
625	0.000000	-1
700	0.000000	-1
745	0.000000	-1
529	0.000000	-1
698	0.000000	-1
814	0.000000	-1
643	0.000000	-1
623	0.000000	-1
821	0.000000	-1
595	0.000000	-1
624	0.000000	-1
839	0.000000	-1
747	0.000000	-1
695	0.000000	-1
437	0.000000	-1
613	0.000000	-1
555	0.000000	-1
678	0.000000	-1
838	0.000000	-1
502	0.000000	-1
443	0.000000	-1
591	0.000000	-1
790	0.000000	-1
811	0.000000	-1
689	0.000000	-1
457	0.000000	-1
483	0.000000	-1
435	0.000000	-1
552	0.000000	-1
711	0.000000	-1
453	0.000000	-1
442	0.000000	-1
684	0.000000	-1
755	0.000000	-1
770	0.000000	-1
823	0.000000	-1
487	0.000000	-1
545	0.000000	-1
757	0.000000	-1
829	0.000000	-1
766	0.000000	-1
506	0.000000	-1
468	0.000000	-1
448	0.000000	-1
454	0.000000	-1
447	0.000000	-1
743	0.000000	-1
806	0.000000	-1
796	0.000000	-1
730	0.000000	-1
481	0.000000	-1
451	0.000000	-1
783	0.000000	-1
427	0.000000	-1
446	0.000000	-1
619	0.000000	-1
459	0.000000	-1
582	0.000000	-1
733	0.000000	-1
761	0.000000	-1
824	0.000000	-1
673	0.000000	-1
704	0.000000	-1
697	0.000000	-1
444	0.000000	-1
507	0.000000	-1
662	0.000000	-1
728	0.000000	-1
477	0.000000	-1
516	0.000000	-1
563	0.000000	-1
505	0.000000	-1
734	0.000000	-1
433	0.000000	-1
600	0.000000	-1
603	0.000000	-1
646	0.000000	-1
640	0.000000	-1
712	0.000000	-1
818	0.000000	-1
793	0.000000	-1
664	0.000000	-1
548	0.000000	-1
530	0.000000	-1
605	0.000000	-1
815	0.000000	-1
422	0.000000	-1
482	0.000000	-1
615	0.000000	-1
445	0.000000	-1
494	0.000000	-1
541	0.000000	-1
609	0.000000	-1
629	0.000000	-1
634	0.000000	-1
633	0.000000	-1
683	0.000000	-1
674	0.000000	-1
672	0.000000	-1
696	0.000000	-1
659	0.000000	-1
749	0.000000	-1
706	0.000000	-1
800	0.000000	-1
791	0.000000	-1
804	0.000000	-1
449	0.000000	-1
699	0.000000	-1
657	0.000000	-1
512	0.000000	-1
536	0.000000	-1
565	0.000000	-1
578	0.000000	-1
642	0.000000	-1
813	0.000000	-1
440	0.000000	-1
441	0.000000	-1
439	0.000000	-1
421	0.000000	-1
479	0.000000	-1
473	0.000000	-1
467	0.000000	-1
464	0.000000	-1
461	0.000000	-1
452	0.000000	-1
500	0.000000	-1
497	0.000000	-1
499	0.000000	-1
492	0.000000	-1
491	0.000000	-1
490	0.000000	-1
485	0.000000	-1
484	0.000000	-1
549	0.000000	-1
544	0.000000	-1
558	0.000000	-1
559	0.000000	-1
553	0.000000	-1
567	0.000000	-1
566	0.000000	-1
575	0.000000	-1
573	0.000000	-1
571	0.000000	-1
569	0.000000	-1
568	0.000000	-1
513	0.000000	-1
526	0.000000	-1
527	0.000000	-1
523	0.000000	-1
535	0.000000	-1
531	0.000000	-1
540	0.000000	-1
542	0.000000	-1
539	0.000000	-1
614	0.000000	-1
612	0.000000	-1
618	0.000000	-1
616	0.000000	-1
632	0.000000	-1
639	0.000000	-1
638	0.000000	-1
583	0.000000	-1
588	0.000000	-1
594	0.000000	-1
599	0.000000	-1
598	0.000000	-1
604	0.000000	-1
687	0.000000	-1
686	0.000000	-1
675	0.000000	-1
703	0.000000	-1
692	0.000000	-1
691	0.000000	-1
688	0.000000	-1
655	0.000000	-1
649	0.000000	-1
644	0.000000	-1
641	0.000000	-1
669	0.000000	-1
670	0.000000	-1
665	0.000000	-1
661	0.000000	-1
740	0.000000	-1
760	0.000000	-1
764	0.000000	-1
754	0.000000	-1
753	0.000000	-1
714	0.000000	-1
716	0.000000	-1
705	0.000000	-1
710	0.000000	-1
725	0.000000	-1
727	0.000000	-1
830	0.000000	-1
827	0.000000	-1
807	0.000000	-1
809	0.000000	-1
810	0.000000	-1
788	0.000000	-1
786	0.000000	-1
784	0.000000	-1
799	0.000000	-1
798	0.000000	-1
792	0.000000	-1
771	0.000000	-1
769	0.000000	-1
780	0.000000	-1
781	0.000000	-1
779	0.000000	-1
835	0.000000	-1
836	0.000000	-1
