239	0.007877	1
28	0.006695	1
545	0.005361	-1
314	0.005143	1
821	0.004775	-1
535	0.004687	-1
211	0.003994	1
45	0.003754	1
741	0.003572	-1
52	0.003406	1
732	0.002908	-1
208	0.002843	1
413	0.002652	1
349	0.002484	1
836	0.002456	-1
164	0.002424	1
20	0.002414	1
198	0.002413	1
363	0.002375	1
105	0.002349	1
168	0.002201	1
40	0.002166	1
254	0.002082	1
228	0.002066	1
792	0.002006	-1
619	0.002005	-1
730	0.001920	-1
58	0.001858	1
544	0.001858	-1
31	0.001856	1
275	0.001835	1
123	0.001777	1
206	0.001732	1
622	0.001732	-1
16	0.001721	1
68	0.001674	1
553	0.001617	-1
149	0.001605	1
180	0.001600	1
140	0.001597	1
135	0.001588	1
270	0.001567	1
417	0.001564	1
305	0.001486	1
376	0.001481	1
342	0.001469	1
191	0.001464	1
739	0.001364	-1
711	0.001358	-1
338	0.001357	1
461	0.001346	-1
219	0.001338	1
217	0.001336	1
375	0.001320	1
311	0.001311	1
738	0.001311	-1
354	0.001281	1
832	0.001277	-1
674	0.001268	-1
438	0.001266	-1
38	0.001260	1
98	0.001254	1
346	0.001254	1
772	0.001254	-1
214	0.001250	1
66	0.001245	1
237	0.001227	1
312	0.001221	1
416	0.001216	1
837	0.001216	-1
37	0.001208	1
139	0.001205	1
263	0.001205	1
153	0.001202	1
172	0.001201	1
351	0.001188	1
778	0.001188	-1
358	0.001186	1
324	0.001178	1
751	0.001178	-1
231	0.001167	1
189	0.001163	1
606	0.001163	-1
377	0.001150	1
283	0.001147	1
166	0.001145	1
341	0.001138	1
80	0.001129	1
65	0.001117	1
364	0.001100	1
76	0.001093	1
652	0.001088	-1
96	0.001081	1
64	0.001081	1
120	0.001081	1
41	0.001079	1
471	0.001079	-1
121	0.001078	1
746	0.001075	-1
286	0.001072	1
170	0.001070	1
126	0.001068	1
412	0.001066	1
833	0.001066	-1
277	0.001062	1
91	0.001062	1
524	0.001062	-1
475	0.001055	-1
33	0.001054	1
247	0.001053	1
258	0.001052	1
100	0.001050	1
94	0.001046	1
171	0.001046	1
188	0.001040	1
478	0.001037	-1
291	0.001036	1
4	0.001036	1
431	0.001036	-1
259	0.001033	1
337	0.001029	1
85	0.001027	1
518	0.001027	-1
158	0.001025	1
26	0.001019	1
195	0.001017	1
409	0.001006	1
107	0.001005	1
241	0.001005	1
192	0.000997	1
122	0.000996	1
236	0.000995	1
666	0.000995	-1
9	0.000992	1
434	0.000992	-1
205	0.000989	1
35	0.000983	1
392	0.000982	1
203	0.000981	1
176	0.000980	1
89	0.000979	1
124	0.000979	1
72	0.000978	1
310	0.000977	1
297	0.000971	1
720	0.000971	-1
178	0.000970	1
90	0.000970	1
442	0.000969	-1
240	0.000968	1
257	0.000968	1
290	0.000967	1
715	0.000967	-1
362	0.000965	1
296	0.000963	1
288	0.000959	1
7	0.000957	1
112	0.000949	1
167	0.000949	1
585	0.000949	-1
418	0.000946	1
234	0.000942	1
177	0.000939	1
255	0.000939	1
370	0.000938	1
795	0.000938	-1
218	0.000935	1
274	0.000924	1
298	0.000923	1
73	0.000920	1
163	0.000916	1
302	0.000915	1
329	0.000915	1
264	0.000913	1
3	0.000912	1
282	0.000910	1
371	0.000908	1
318	0.000908	1
271	0.000905	1
331	0.000904	1
352	0.000903	1
316	0.000902	1
119	0.000901	1
128	0.000898	1
115	0.000898	1
633	0.000896	-1
292	0.000893	1
330	0.000892	1
110	0.000892	1
546	0.000892	-1
160	0.000891	1
2	0.000890	1
426	0.000890	-1
18	0.000890	1
260	0.000886	1
308	0.000886	1
480	0.000885	-1
611	0.000883	-1
393	0.000882	1
315	0.000882	1
332	0.000880	1
404	0.000876	1
25	0.000875	1
161	0.000875	1
44	0.000873	1
474	0.000873	-1
355	0.000873	1
216	0.000872	1
407	0.000869	1
279	0.000869	1
250	0.000868	1
248	0.000867	1
679	0.000867	-1
269	0.000867	1
831	0.000866	-1
51	0.000865	1
60	0.000864	1
400	0.000861	1
116	0.000861	1
8	0.000860	1
432	0.000860	-1
340	0.000860	1
347	0.000859	1
345	0.000857	1
13	0.000856	1
175	0.000856	1
262	0.000854	1
55	0.000852	1
74	0.000849	1
225	0.000848	1
304	0.000847	1
731	0.000847	-1
267	0.000844	1
251	0.000844	1
462	0.000843	-1
384	0.000843	1
278	0.000842	1
309	0.000842	1
117	0.000841	1
378	0.000840	1
420	0.000839	1
36	0.000838	1
463	0.000838	-1
573	0.000837	-1
307	0.000836	1
735	0.000836	-1
114	0.000835	1
489	0.000834	-1
383	0.000834	1
125	0.000833	1
419	0.000830	1
186	0.000828	1
602	0.000828	-1
295	0.000828	1
719	0.000828	-1
183	0.000825	1
245	0.000825	1
75	0.000824	1
509	0.000824	-1
244	0.000823	1
415	0.000821	1
272	0.000819	1
403	0.000819	1
142	0.000819	1
570	0.000819	-1
162	0.000817	1
388	0.000816	1
406	0.000815	1
276	0.000815	1
266	0.000810	1
261	0.000809	1
146	0.000808	1
32	0.000808	1
513	0.000808	-1
801	0.000806	-1
326	0.000806	1
103	0.000803	1
82	0.000802	1
95	0.000801	1
368	0.000801	1
486	0.000797	-1
647	0.000796	-1
390	0.000794	1
21	0.000789	1
196	0.000789	1
317	0.000786	1
54	0.000785	1
113	0.000782	1
737	0.000780	-1
408	0.000780	1
224	0.000779	1
327	0.000779	1
756	0.000779	-1
273	0.000776	1
702	0.000776	-1
53	0.000775	1
399	0.000774	1
50	0.000773	1
306	0.000770	1
165	0.000769	1
243	0.000762	1
108	0.000762	1
56	0.000760	1
493	0.000760	-1
131	0.000757	1
650	0.000756	-1
0	0.000756	1
157	0.000747	1
387	0.000745	1
822	0.000744	-1
320	0.000736	1
207	0.000734	1
510	0.000732	-1
242	0.000729	1
757	0.000726	-1
328	0.000724	1
813	0.000719	-1
229	0.000719	1
190	0.000718	1
12	0.000717	1
322	0.000716	1
132	0.000714	1
564	0.000714	-1
147	0.000713	1
249	0.000709	1
92	0.000708	1
532	0.000708	-1
395	0.000706	1
199	0.000705	1
47	0.000702	1
398	0.000702	1
289	0.000697	1
405	0.000694	1
15	0.000690	1
193	0.000690	1
210	0.000689	1
252	0.000689	1
313	0.000687	1
301	0.000683	1
133	0.000683	1
93	0.000683	1
104	0.000678	1
233	0.000674	1
69	0.000672	1
469	0.000669	-1
385	0.000667	1
812	0.000667	-1
430	0.000667	-1
617	0.000665	-1
235	0.000659	1
67	0.000658	1
79	0.000657	1
70	0.000653	1
179	0.000650	1
592	0.000650	-1
668	0.000650	-1
323	0.000649	1
750	0.000649	-1
802	0.000648	-1
603	0.000645	-1
299	0.000641	1
723	0.000641	-1
325	0.000640	1
685	0.000636	-1
567	0.000635	-1
690	0.000633	-1
366	0.000631	1
81	0.000631	1
391	0.000630	1
141	0.000626	1
359	0.000625	1
87	0.000623	1
30	0.000616	1
791	0.000615	-1
86	0.000614	1
17	0.000614	1
381	0.000610	1
793	0.000610	-1
34	0.000605	1
150	0.000604	1
577	0.000604	-1
841	0.000594	-1
187	0.000594	1
77	0.000592	1
729	0.000591	-1
101	0.000583	1
265	0.000580	1
27	0.000580	1
372	0.000577	1
816	0.000576	-1
350	0.000571	1
46	0.000568	1
519	0.000565	-1
771	0.000559	-1
78	0.000556	1
511	0.000556	-1
280	0.000554	1
584	0.000553	-1
386	0.000547	1
106	0.000540	1
24	0.000538	1
803	0.000535	-1
62	0.000530	1
701	0.000529	-1
343	0.000525	1
794	0.000517	-1
397	0.000516	1
287	0.000504	1
1	0.000496	1
182	0.000493	1
39	0.000492	1
357	0.000492	1
220	0.000491	1
197	0.000483	1
348	0.000481	1
11	0.000481	1
396	0.000481	1
281	0.000480	1
144	0.000479	1
335	0.000468	1
334	0.000466	1
360	0.000465	1
10	0.000464	1
202	0.000461	1
130	0.000458	1
221	0.000458	1
84	0.000456	1
517	0.000456	-1
42	0.000454	1
154	0.000454	1
579	0.000454	-1
344	0.000453	1
380	0.000452	1
238	0.000451	1
137	0.000448	1
754	0.000447	-1
151	0.000446	1
222	0.000444	1
294	0.000444	1
223	0.000443	1
319	0.000442	1
744	0.000442	-1
333	0.000440	1
762	0.000440	-1
97	0.000439	1
145	0.000437	1
353	0.000436	1
566	0.000435	-1
204	0.000432	1
303	0.000432	1
549	0.000431	-1
156	0.000429	1
212	0.000429	1
285	0.000428	1
587	0.000427	-1
447	0.000427	-1
22	0.000426	1
709	0.000426	-1
129	0.000423	1
232	0.000421	1
29	0.000417	1
268	0.000416	1
694	0.000416	-1
373	0.000415	1
99	0.000415	1
538	0.000415	-1
321	0.000412	1
516	0.000408	-1
361	0.000408	1
293	0.000408	1
49	0.000406	1
389	0.000403	1
83	0.000399	1
501	0.000399	-1
169	0.000398	1
718	0.000393	-1
48	0.000392	1
63	0.000386	1
498	0.000386	-1
226	0.000385	1
656	0.000385	-1
466	0.000383	-1
102	0.000382	1
200	0.000373	1
401	0.000371	1
825	0.000371	-1
143	0.000369	1
835	0.000364	-1
230	0.000363	1
57	0.000360	1
768	0.000357	-1
71	0.000352	1
655	0.000349	-1
213	0.000343	1
410	0.000342	1
365	0.000340	1
504	0.000339	-1
174	0.000333	1
152	0.000331	1
394	0.000330	1
433	0.000326	-1
201	0.000321	1
356	0.000315	1
173	0.000315	1
481	0.000313	-1
256	0.000304	1
589	0.000303	-1
181	0.000302	1
209	0.000292	1
630	0.000292	-1
127	0.000291	1
215	0.000291	1
530	0.000290	-1
574	0.000286	-1
561	0.000278	-1
23	0.000274	1
455	0.000272	-1
382	0.000265	1
634	0.000265	-1
138	0.000261	1
148	0.000257	1
590	0.000253	-1
548	0.000250	-1
705	0.000245	-1
109	0.000240	1
43	0.000237	1
706	0.000237	-1
628	0.000230	-1
61	0.000229	1
608	0.000204	-1
424	0.000204	-1
336	0.000201	1
118	0.000198	1
576	0.000196	-1
598	0.000190	-1
533	0.000190	-1
557	0.000189	-1
662	0.000186	-1
512	0.000184	-1
14	0.000182	1
691	0.000180	-1
411	0.000180	1
19	0.000175	1
185	0.000173	1
534	0.000168	-1
155	0.000167	1
367	0.000164	1
459	0.000161	-1
284	0.000160	1
88	0.000160	1
521	0.000160	-1
760	0.000159	-1
763	0.000157	-1
726	0.000150	-1
227	0.000139	1
369	0.000139	1
414	0.000137	1
716	0.000137	-1
5	0.000132	1
787	0.000131	-1
136	0.000130	1
680	0.000128	-1
686	0.000128	-1
575	0.000127	-1
782	0.000127	-1
194	0.000126	1
184	0.000126	1
379	0.000126	1
805	0.000126	-1
621	0.000117	-1
636	0.000114	-1
339	0.000113	1
693	0.000113	-1
539	0.000109	-1
505	0.000109	-1
111	0.000109	1
547	0.000109	-1
646	0.000109	-1
834	0.000103	-1
514	0.000102	-1
134	0.000102	1
543	0.000101	-1
817	0.000100	-1
725	0.000090	-1
490	0.000089	-1
494	0.000088	-1
733	0.000085	-1
253	0.000084	1
818	0.000083	-1
402	0.000083	1
6	0.000079	1
783	0.000079	-1
601	0.000077	-1
246	0.000075	1
677	0.000075	-1
597	0.000075	-1
423	0.000070	-1
528	0.000068	-1
640	0.000067	-1
374	0.000066	1
569	0.000066	-1
604	0.000065	-1
472	0.000064	-1
300	0.000063	1
627	0.000062	-1
59	0.000061	1
496	0.000061	-1
645	0.000058	-1
826	0.000055	-1
159	0.000055	1
721	0.000054	-1
700	0.000054	-1
708	0.000054	-1
765	0.000054	-1
560	0.000053	-1
468	0.000053	-1
713	0.000050	-1
683	0.000046	-1
779	0.000046	-1
454	0.000044	-1
571	0.000041	-1
503	0.000040	-1
654	0.000038	-1
451	0.000038	-1
699	0.000038	-1
550	0.000037	-1
767	0.000036	-1
697	0.000035	-1
443	0.000035	-1
830	0.000032	-1
522	0.000031	-1
788	0.000030	-1
558	0.000029	-1
632	0.000028	-1
676	0.000028	-1
651	0.000028	-1
422	0.000028	-1
742	0.000027	-1
797	0.000027	-1
687	0.000026	-1
722	0.000025	-1
520	0.000025	-1
695	0.000025	-1
583	0.000022	-1
692	0.000022	-1
635	0.000021	-1
556	0.000021	-1
808	0.000020	-1
752	0.000020	-1
515	0.000018	-1
682	0.000018	-1
450	0.000017	-1
565	0.000017	-1
663	0.000016	-1
488	0.000015	-1
487	0.000015	-1
773	0.000015	-1
562	0.000015	-1
449	0.000014	-1
777	0.000013	-1
728	0.000013	-1
599	0.000013	-1
425	0.000013	-1
612	0.000013	-1
828	0.000012	-1
703	0.000012	-1
799	0.000011	-1
581	0.000011	-1
609	0.000011	-1
456	0.000010	-1
807	0.000010	-1
482	0.000009	-1
626	0.000009	-1
748	0.000009	-1
804	0.000009	-1
572	0.000009	-1
789	0.000009	-1
724	0.000009	-1
495	0.000009	-1
658	0.000009	-1
429	0.000008	-1
637	0.000008	-1
428	0.000008	-1
554	0.000008	-1
665	0.000007	-1
563	0.000007	-1
667	0.000007	-1
660	0.000007	-1
661	0.000007	-1
775	0.000007	-1
531	0.000007	-1
525	0.000007	-1
618	0.000007	-1
707	0.000007	-1
780	0.000006	-1
736	0.000006	-1
717	0.000006	-1
580	0.000006	-1
620	0.000006	-1
448	0.000006	-1
624	0.000006	-1
671	0.000006	-1
465	0.000006	-1
796	0.000006	-1
421	0.000006	-1
492	0.000006	-1
537	0.000005	-1
464	0.000005	-1
460	0.000005	-1
758	0.000005	-1
714	0.000004	-1
625	0.000004	-1
641	0.000004	-1
786	0.000003	-1
824	0.000003	-1
755	0.000003	-1
436	0.000003	-1
681	0.000003	-1
555	0.000003	-1
827	0.000003	-1
614	0.000003	-1
811	0.000003	-1
541	0.000003	-1
439	0.000003	-1
689	0.000003	-1
770	0.000003	-1
657	0.000003	-1
809	0.000003	-1
840	0.000002	-1
761	0.000002	-1
698	0.000002	-1
536	0.000002	-1
483	0.000002	-1
678	0.000002	-1
508	0.000002	-1
688	0.000002	-1
591	0.000002	-1
600	0.000002	-1
593	0.000002	-1
476	0.000002	-1
648	0.000002	-1
605	0.000002	-1
470	0.000001	-1
506	0.000001	-1
427	0.000001	-1
631	0.000001	-1
734	0.000001	-1
586	0.000001	-1
523	0.000001	-1
467	0.000001	-1
819	0.000001	-1
710	0.000001	-1
659	0.000001	-1
774	0.000001	-1
727	0.000001	-1
838	0.000001	-1
457	0.000001	-1
776	0.000001	-1
568	0.000001	-1
529	0.000001	-1
596	0.000001	-1
753	0.000001	-1
446	0.000001	-1
673	0.000001	-1
814	0.000001	-1
507	0.000001	-1
820	0.000001	-1
578	0.000001	-1
790	0.000001	-1
781	0.000001	-1
458	0.000001	-1
491	0.000001	-1
644	0.000001	-1
800	0.000001	-1
435	0.000001	-1
815	0.000001	-1
444	0.000001	-1
499	0.000000	-1
615	0.000000	-1
629	0.000000	-1
642	0.000000	-1
675	0.000000	-1
672	0.000000	-1
595	0.000000	-1
743	0.000000	-1
740	0.000000	-1
588	0.000000	-1
638	0.000000	-1
502	0.000000	-1
607	0.000000	-1
437	0.000000	-1
749	0.000000	-1
764	0.000000	-1
594	0.000000	-1
473	0.000000	-1
540	0.000000	-1
552	0.000000	-1
829	0.000000	-1
784	0.000000	-1
623	0.000000	-1
542	0.000000	-1
610	0.000000	-1
440	0.000000	-1
643	0.000000	-1
785	0.000000	-1
696	0.000000	-1
497	0.000000	-1
485	0.000000	-1
551	0.000000	-1
798	0.000000	-1
526	0.000000	-1
712	0.000000	-1
769	0.000000	-1
745	0.000000	-1
639	0.000000	-1
484	0.000000	-1
441	0.000000	-1
839	0.000000	-1
669	0.000000	-1
747	0.000000	-1
452	0.000000	-1
582	0.000000	-1
823	0.000000	-1
684	0.000000	-1
527	0.000000	-1
479	0.000000	-1
453	0.000000	-1
477	0.000000	-1
664	0.000000	-1
810	0.000000	-1
653	0.000000	-1
766	0.000000	-1
670	0.000000	-1
445	0.000000	-1
649	0.000000	-1
613	0.000000	-1
559	0.000000	-1
806	0.000000	-1
704	0.000000	-1
616	0.000000	-1
500	0.000000	-1
759	0.000000	-1
