286898862	2.346063
266772387	0.978156
1226281657	-0.432836
1969641703	1.296144
1624698122	-2.087716
10025982	-1.059254
266133081	0.005260
2175130770	-1.418378
14809189	-1.550952
16669075	0.234138
109025212	0.937431
31128529	0.850046
414774285	0.070293
39803436	1.050399
3135241	-1.484481
294959299	0.348367
116748080	1.140067
148006729	-0.888941
209792690	-0.882050
202206694	-2.054008
15029174	1.037353
65433355	0.604075
35081819	-0.368999
36686040	1.160771
851120473	0.885458
21941446	-1.426138
121841737	1.123078
236479311	-1.517364
915781920	-0.143939
265993392	-0.318661
78408666	2.180800
292990703	-1.698985
1581759588	-1.407440
1444015610	0.708976
2258783241	1.969585
301081520	-0.815481
1437466362	2.200673
84129740	-0.137447
344525024	2.344154
156075520	-1.577459
1387919042	-0.873646
274255909	0.816881
1516830966	-1.934196
142721190	-2.381703
46557945	-0.918131
22812434	-0.433040
50731463	-0.616500
21950364	-2.278549
63169388	-2.009546
381874511	0.479101
1954751917	1.904787
20113797	1.205857
77839894	0.698323
883557414	-1.511764
60801758	-0.179798
1080509366	1.134106
127894579	-2.050178
29610442	-0.841781
14634720	0.151328
1646054551	0.605406
18289929	-2.162609
20015903	2.311110
223523798	-2.232179
919927722	1.556994
1699808366	-1.377471
154699063	-1.860500
1283908939	-1.537316
1621009105	-0.918354
66369181	-0.522712
15014405	2.142646
618586017	0.387756
1061006802	1.334975
414543577	-1.682077
452344217	1.872729
18277655	-2.367153
57751453	0.736112
137571771	1.493077
1281503318	-0.658221
1697235505	-1.317895
180142423	-0.486018
267938462	-1.351465
16517357	-1.977158
56653367	1.900206
15976697	1.718768
625296182	-2.381173
547416793	-2.319303
271593651	0.088587
833990756	-0.395703
50128726	-1.306927
439049326	-1.212039
85778445	1.508444
154648736	-0.208032
12298112	0.068280
1461162020	1.021668
733751245	0.592375
234937222	-1.149539
249288197	1.737843
784971582	2.293410
1535579558	-2.139487
47975734	-1.132142
317216233	-1.533632
37920978	0.942900
364415553	0.319678
16336478	1.253946
271552521	-1.126050
2245423891	-0.879685
477583514	0.855533
506091865	1.390330
236899846	1.993925
14529929	-0.002968
1127447660	-2.172086
1716914930	-2.155340
219429281	-0.022389
116141817	0.277388
133429379	-0.751546
453698931	-2.317396
2286252732	0.897943
1964821772	-2.464151
58228306	-0.442677
1183811947	-1.052614
703759688	-1.149069
133022865	-0.825530
401989810	1.122331
502440556	-2.368453
432771620	-0.230295
492616846	1.284810
600991865	2.158866
5496932	-0.560749
207116000	0.550488
271958454	1.406442
399502932	-2.186947
259834782	1.329819
562618381	1.243150
80403646	-0.899009
1037084538	1.663242
180389279	-0.755682
323239103	0.181061
487067075	2.406100
242993672	0.876363
462033343	1.546926
399170640	0.015806
63506775	1.598031
1075551668	-0.294121
31611298	-2.438614
191496735	-1.318146
301090775	-0.725432
305145458	-2.062970
181101417	2.150302
281540744	-1.655360
19201438	-2.428325
1255785854	-1.727263
1497534576	0.571110
190160433	2.382555
16062766	-0.652131
303861808	-0.490004
496786334	-2.152518
36777778	0.419166
330938673	0.409508
148333607	0.681769
1410590874	-1.381486
1002244244	-0.643421
15075753	-0.691773
426694458	0.133355
18216752	1.870480
56440142	-0.735851
454953162	-0.081519
713463571	-2.235122
240376522	0.117006
18724011	1.848829
126644609	-0.101295
38067927	-1.596991
19726613	-0.526533
608902626	1.074266
20880535	0.253807
153919023	-0.534776
887385018	0.669983
13218102	0.305328
17896154	-2.450233
452700445	1.748830
339852137	1.364823
1652541	-1.866953
78369108	0.882837
2178860358	-1.685286
377591325	2.156116
116518445	0.782064
308276891	0.476362
557806506	-1.957809
31801993	2.444683
1447467186	-2.281548
831933780	-1.232500
1237704769	-2.493470
27311044	-2.225580
1328123624	-1.239615
34932854	-1.945882
85898279	2.374698
1480218668	2.469049
305389392	0.647428
29584150	1.198906
162069635	-2.472475
1305596696	0.295189
323863880	-1.353700
249814580	-1.466748
29293808	-1.402032
116534252	1.511574
193076432	-0.638217
1463325120	-0.032301
1117640744	1.565341
1686565519	2.012897
428333	-0.518985
798420806	1.398770
224766531	1.464298
39191258	-0.655892
891678516	1.707728
435983624	-1.196236
24045931	1.155095
433079096	1.147166
1090009730	-1.359937
886042746	1.935572
325830217	1.458068
36126319	-0.892901
54446722	-2.188579
63502107	2.268871
479674626	-0.219536
268007771	0.687873
254805061	1.548356
1541893820	1.807036
1458461443	0.657730
16054728	1.890944
18622869	-1.297128
1665719612	0.535857
22055226	-1.605974
1503451620	1.930516
2314336918	1.688519
21321475	0.705697
480056408	-0.781792
54606494	0.099386
1374780043	1.590537
1403429444	0.737936
456911539	-1.928309
1020058453	1.197917
151200240	1.429838
189910408	0.384590
74895491	-1.686427
1023236538	-1.283957
497535334	-2.061044
886986138	1.821735
1912048351	1.266075
1959864463	-0.505648
30050899	0.455166
823801824	-1.372129
20841089	1.629822
62387220	-0.154828
19658173	1.751768
237750442	1.087642
581141508	-0.626349
201079432	1.088221
756285384	-0.186858
1647266078	1.969296
1263944875	-1.252383
82649553	2.147758
759316808	1.712460
24260994	1.851071
718468320	0.580529
75927706	-1.730674
198523967	0.873050
2203931420	2.217165
72831557	0.004814
195042501	-1.955983
26459660	2.085185
1572830660	-2.091774
17513304	-1.798300
1222580420	0.776880
32135704	-0.290319
360080772	-1.905693
22528309	-1.321361
1132232611	-2.196582
1155335864	-1.472012
397584127	1.739965
205886080	0.978604
2221362486	-0.355692
67738195	-1.304481
788081918	-0.448277
237019973	-2.422657
160919506	0.893304
233601728	1.220805
408105171	-0.362646
586045941	-1.950162
26194384	1.456967
441040701	-1.672381
1730532331	-1.435548
2374720591	-1.618803
18496709	1.207218
177028305	-1.039456
19616327	-1.817484
137084996	-2.440117
425286290	0.268849
253100055	-1.433498
257170128	1.468288
17065503	-1.677358
30823752	-0.955981
555473643	-0.874369
2385644521	-2.231658
1636291356	-0.879340
240812994	0.674383
1693373094	0.214418
740417436	-0.854095
18873711	0.045471
18678924	-1.041112
2196576859	-0.337665
171693939	0.090693
300013543	1.590781
19865528	1.781418
15428227	-1.889677
455041792	-2.378987
19808819	1.732863
417393341	-1.142687
587783109	0.495226
1738425180	-2.203343
28008943	-1.112665
411526571	-1.918517
269893425	-0.831087
558769636	-2.130873
136471166	0.844121
131791939	1.953148
631876809	-1.985887
2178681566	0.722473
1827782569	-2.204960
332340557	-0.536576
2168350939	-0.458951
346045240	-0.096458
2309440500	1.049961
284664892	-0.538157
96386080	-2.460193
1925656796	-0.595295
487906127	-2.012377
27675227	-1.133504
22831059	1.422930
230761725	2.445105
75785294	-1.793814
939091	-1.850065
61046743	-0.078963
462285708	-2.201733
265639238	0.726258
115166212	2.319025
236480864	1.291358
2375722164	0.734388
22698090	2.455603
222721984	-1.888104
89814216	-0.335113
180287231	-1.615108
2340869731	-1.050086
347395654	2.358715
2291373043	-2.407579
716984711	1.294851
44478497	-0.201992
851621377	2.395426
54412900	-1.746924
16703058	-0.894373
32789881	-2.277550
231510077	2.080707
1977097572	2.160956
7350652	-1.294421
271985168	-2.281892
132345883	1.346297
356291170	-2.453563
2409239300	-2.199027
244526889	0.251306
16030518	-1.690527
47747074	0.898136
18916432	0.692204
117974827	0.711191
57860368	0.793827
18943752	-0.570063
1032703770	1.092231
325691585	0.942634
295805574	-1.359350
25956294	0.484507
20563979	-0.905408
2179040628	-2.203576
1023872718	-0.551910
75367781	-0.899421
1172636797	0.887679
472587512	-1.792291
415981838	-1.651102
21693764	-0.844165
1852819452	0.519896
221614578	0.357590
108083058	2.129951
1849074780	0.650529
1613159058	-2.052849
15751083	0.985460
234022257	-0.592120
373311804	0.819105
2161486428	1.739567
857748156	-0.098869
19926675	1.705012
26265640	-0.152182
518644221	-1.811375
1548079500	-0.804017
2322307531	0.118457
229592356	-1.963989
16789970	1.138911
624186253	1.571329
1602268826	-1.157420
39279393	0.266954
75398827	-1.329593
377534571	-0.410145
1718400349	0.091194
351149827	0.651277
278145569	-1.222200
1328762540	0.512475
1092750030	-0.029265
1452476780	0.171797
240663096	1.432503
16614802	-0.291890
364564017	1.579267
18244206	-1.906833
747876121	-1.128885
16930125	-0.582141
1626115357	0.048599
18863927	-1.196968
292935209	-0.369209
2329092852	-1.082285
326551457	-0.592131
701303623	-0.376488
59281449	-0.252478
14774189	1.855440
538121732	-1.973100
703301119	1.972590
1228652142	1.647550
433791263	1.737388
1465964245	-2.003799
404542591	-1.935392
14398250	-2.404822
93288759	2.210031
193978839	-0.882080
17439675	-1.882644
29710286	0.111985
1083448909	-0.081387
41750998	0.218155
2161537962	-1.219674
1068990122	1.552955
235217558	-0.668160
236916916	-0.754072
348522887	2.214518
172662933	-0.985698
238264015	0.996668
18060177	-0.902234
1558893368	1.938772
11379362	-1.044228
74960018	2.231219
34850480	-1.700816
17906632	1.210880
1096059529	-1.653048
77418275	2.276552
282775291	-0.414454
368977925	2.333855
221447516	0.792648
244985138	2.409455
95509057	0.054613
398990591	0.868508
110893482	1.956628
130977700	0.468612
1201824876	-1.088230
1860099558	2.293089
193872188	-1.313956
20713061	-1.334540
35998429	-2.103757
1884258127	0.179035
21873714	0.540609
14081659	-1.561258
1011705054	0.262834
494114249	-0.551017
1074101017	0.951103
123999551	1.468187
249219716	1.698494
2227361208	0.748972
389759292	-2.028953
1925127612	1.787988
93723445	0.776760
32506723	2.401371
325298865	1.543384
382441782	0.234633
118941676	2.495424
2184765932	-0.191621
2191060944	0.380786
242426145	-0.773596
538646538	1.103945
474232856	-1.452003
407053599	1.953671
455037005	-1.896744
1673504017	-2.192990
284601302	1.745221
18890707	-1.305680
1476337592	1.955998
2256726992	0.029255
54207182	-0.389261
1552818054	2.358463
85916265	0.042665
75347500	1.743575
228784853	-0.682223
17976923	1.537461
16473577	-1.472380
2205545306	-1.098448
255876732	1.634776
1898897300	-0.415266
1109679128	1.385418
422076926	0.259438
35060071	1.947416
91032815	1.709333
801084110	-2.113370
264221149	1.866746
126980084	2.488073
178419778	0.697555
194720228	0.126772
26305670	-1.823106
60984835	-0.255885
864768235	0.650277
1365917090	-0.427805
1123683068	-0.849526
72405094	1.138509
1128514404	2.269173
264494662	-2.421772
1214026033	0.851610
1198766904	-1.832960
40510796	1.589252
18791763	1.285047
761840588	1.886488
38036372	-0.764001
1665514478	1.638144
792608948	-1.784274
15941955	-0.399466
279964598	-0.527460
26777550	-1.695655
16860684	0.288566
467787311	-1.763145
248850174	1.776949
1564956584	-2.282891
148041415	0.812315
153486399	1.263411
755802794	-1.648092
39787282	-2.320036
70587562	1.358007
10168082	1.800065
460656473	-0.121598
2312501226	0.157809
66774077	-0.804840
523397097	-1.481005
38500956	0.411235
260396714	0.494323
13067732	0.242736
16472624	-0.446877
187108150	-0.060808
424122984	1.931932
237781383	2.216711
193732179	-1.172940
615953866	-1.604289
470654192	1.120802
27088314	-2.143690
793992	-2.176255
1949611364	-0.284520
935033864	1.636388
546176922	-1.220100
1342502834	1.117292
1066076640	2.310724
1630446259	-1.923221
1234286196	1.659237
1430524482	1.038729
35013862	-1.912009
1878559962	-1.918396
770448248	0.007190
2162136865	0.596170
18820392	0.842080
1870898497	-1.396461
582875320	1.949282
805188312	-0.755391
26841582	1.548316
335476450	0.971430
217912727	1.893328
76651617	-1.707090
514749390	-2.272289
269908647	1.710831
48263046	2.024130
23117388	1.646674
1423715941	1.681602
407584834	-2.266746
138770045	-1.968349
249834165	-1.784409
1045110018	-2.016805
1963246038	0.369684
16712666	2.431287
52992670	-0.337536
23976316	-0.827006
43108099	-2.193079
1075303104	-1.746223
156212602	1.238533
1093441423	0.133446
20621911	-0.212924
1536065244	0.770029
296068607	-0.764191
589869443	1.115157
402029058	1.951042
2361531690	0.272532
459446627	1.092036
235312723	1.852912
217454584	-0.053964
80958602	-0.239731
15922214	-1.592463
23387115	-0.355765
22509548	0.375296
74058012	-2.332041
14275291	-0.924436
1634852712	-2.333378
24184717	1.844793
62090497	-2.456836
148086041	2.388918
135931182	1.181574
119899270	-0.242687
322781751	-1.193755
124062781	0.365482
62770351	-1.385567
221793778	-1.881462
49194495	0.428329
484134207	-0.366048
108671959	1.808574
16560935	0.452732
16631939	-2.468580
211254250	1.038416
25668918	0.030812
250462634	-0.022569
584583739	-0.447528
72198806	-1.343411
965142457	0.551992
1105408002	1.457029
249674727	-2.280342
96662959	1.181360
1578519660	-0.157498
1033532365	-1.355599
21351432	-0.835671
1418013151	1.588983
272542662	-1.392940
860154126	1.927716
326208966	0.036035
371887563	0.709591
950783972	1.036423
204905640	0.726377
1393599296	0.500713
16583468	1.726858
98017737	-1.224257
235251868	-0.674517
2302483196	0.483591
92071963	0.763520
1305465990	-1.799872
110545675	-1.797488
334127852	1.468533
1539300170	-1.441903
2278730858	0.647496
1075843532	0.482906
127908221	1.584520
34438002	-0.194463
249219490	-0.712807
381666107	-0.036993
778724700	-1.402369
311789873	0.020637
749375898	-1.700147
195193469	-1.840708
894512114	-1.716641
21220931	-0.212020
49675523	0.009847
342601720	-1.917871
33345380	-1.020728
321380757	-2.014232
111632324	-1.453799
615537104	1.890263
1486445498	1.911991
21762137	-0.986711
391814356	-0.488784
164732631	-1.740986
75578498	1.155133
1431884516	-0.787074
233842454	-0.991929
326196796	-1.809325
246341769	1.806334
318095351	-0.442541
132278386	2.219511
33977070	0.109848
191208249	0.171644
376527578	0.272080
2366260580	1.539308
558895964	1.419466
380371286	0.414540
535181994	-1.622113
1372431026	2.036496
127074099	-0.754977
25226477	-1.735494
19518515	1.179801
27048645	-2.220564
8775672	-2.134988
1607546875	-1.013451
41861272	2.476685
520950046	1.262608
398269985	-0.685143
2192362761	-1.111751
2704951	-1.254891
43476440	-0.136405
17005219	1.859613
534405915	2.184856
2369234174	-0.259418
36737855	-2.088968
15572155	-1.542519
2310494503	-1.944336
2252899873	1.871190
229197216	0.566367
26596727	-1.018323
1363394484	1.206321
1658254478	-1.671514
1713542732	1.313117
62543872	0.832471
1671690367	-1.798051
2318080736	2.309084
15856366	-1.593154
27886115	-2.345799
288886063	1.254866
776063954	-1.272185
110050273	2.167439
15603311	0.173836
230100284	1.038426
1009269193	0.609424
84984380	-0.507705
399112142	1.698162
18805303	0.454916
267889663	-1.149329
37497720	-0.565112
1702539968	-1.454056
55440365	2.110659
73925960	-1.731667
267854863	-0.872264
633825457	-2.350618
133832049	-1.454590
245378929	-1.209017
374161639	-2.267905
24195214	-0.264012
15697940	1.025825
100330676	-1.686431
230981077	2.468812
125613253	1.897481
59558161	-0.055760
1911335244	-1.886324
221508042	0.125561
235271965	-2.033429
547839797	-2.435823
351266014	-2.172994
1061385474	-0.254737
1176615978	-1.044491
332040130	2.022953
337785530	-0.203013
20002401	2.478823
85616770	-1.137970
97239626	0.139450
108619944	2.149550
1719880621	-2.167632
196619213	-1.581156
339814337	0.681564
1313165581	1.199008
345555778	1.755007
40954486	0.852061
628760912	-0.676961
77308668	1.764585
273795671	1.197693
338883349	-0.578043
242376736	1.563323
870670477	-1.330445
211530910	1.927101
17487795	1.446264
834525002	0.396815
1301606089	-0.893960
472541504	1.500483
15350894	-2.348370
190328374	1.499277
305216911	-1.321544
1932363210	2.398308
1367531	-0.936805
322794665	0.149402
22242298	-1.212831
403353373	1.371051
430235090	1.225228
47891535	1.022478
401955731	-0.418649
1006482620	0.084806
362654346	2.347502
1906353372	-0.619234
8162322	0.996143
49697450	-0.852499
322737879	-2.007378
14246001	0.041670
606101503	-0.605904
1051446626	-2.436732
200400227	0.158771
430830756	-1.170032
209151429	-0.945457
117661549	-2.402866
301416337	-1.929663
450786176	0.014311
1399903849	1.196869
269931179	0.935489
104615577	1.665645
61313751	2.490911
993153006	-1.615149
578069877	0.899874
324171587	1.666544
351133674	2.208759
2188340009	-0.960934
353834752	2.312449
370076582	2.228824
18137749	-1.469067
162784542	0.383030
442610682	0.421063
91137301	-1.494524
90518536	-2.104518
1068626984	-1.533906
743167003	-1.929822
346885718	2.006546
1853114688	-0.722911
33537967	0.942288
117432541	1.050970
1120582274	1.409859
163209579	-2.442874
360436349	2.039130
153944899	0.279742
216355557	0.466125
15727317	-2.015036
27302870	-0.375878
31006603	1.138355
27688281	-2.150035
15210284	2.457282
32537213	1.468967
323511585	-0.036284
22669526	1.235155
235591153	1.354864
545501375	1.722730
234024969	0.295423
703640660	-0.482136
860733170	-1.842195
247850985	-0.764980
42913132	2.081472
19693903	-2.024032
9300262	-1.989781
890904109	1.718893
148021006	0.601538
1917347892	1.235482
318711662	0.824525
333663029	-1.189396
551698752	-1.604369
1058345042	-1.783060
343588320	-0.596943
1462357878	-2.130590
614706394	-2.016995
250719718	1.755054
143489158	-1.588811
237504609	-1.134442
256178459	0.622030
1601370486	-1.675764
1262623074	0.861382
404226735	-1.071807
7713202	1.796294
76452765	0.260568
1143929599	0.061482
14125897	-1.932677
2268031692	-2.484469
1077121945	-0.952404
113420831	1.743301
2236668625	0.245101
714409014	1.892034
415780303	-1.371219
449795350	-1.681026
193614775	-1.648435
77664666	0.794037
11883722	2.323745
1691191704	-0.087254
28238988	-2.261378
7597712	-1.312875
1022263688	0.758426
799658150	-0.015170
430292078	0.783431
232992031	1.053037
96800896	1.271031
1331884178	2.001634
397430607	-0.511518
1484301392	-1.977687
348857253	1.526178
2301967142	-2.286869
36117128	-0.619458
41445718	1.073043
15584433	1.558874
14135426	2.173312
254226686	0.944288
26977568	-1.167436
796737758	-0.822011
741061716	0.683647
317630465	-0.481195
1080602371	0.172245
144189766	-1.414366
128235400	-1.647879
91744236	0.996287
474451843	-2.092402
18579364	1.214378
40367637	-1.058088
1974399272	-1.207856
171598736	-0.493251
40523440	1.148472
2238098360	1.133934
25168293	2.404346
16804072	2.269904
349379430	0.078275
25755336	2.246432
68198447	-0.552752
1449407450	-0.529283
593718490	-1.461176
53725673	1.842505
263414131	1.331233
2207375216	0.947600
205420257	1.204007
403639485	0.512886
17633159	-2.235579
619541619	1.598773
449959102	-0.752951
1909542326	2.446479
21636248	1.976314
31210583	-0.830530
488127904	2.236025
416644656	-0.804849
1526488393	2.005631
1849400233	-1.376992
1237156340	0.709882
930234066	1.301895
66209943	-1.444271
94366606	-0.740481
1120550322	-1.524039
46724483	-0.806997
309267226	1.800856
1656055824	-2.413067
407039290	0.784248
2304223555	-0.064964
1531521632	-1.874825
47892311	-1.241589
186506052	0.866616
931024693	2.126328
631648466	-1.906187
255829884	2.168718
93950784	-2.118937
16099657	2.330475
327798242	-1.008635
1592481150	-2.450899
1055730738	-0.928538
48115928	-1.934302
247334603	-0.981830
1173237842	1.616070
1339931490	-2.057405
248699486	-0.560860
49045755	0.708262
289530036	2.014034
19612749	-1.541738
78387677	-0.940849
765038167	-1.674662
252115520	-0.054919
2412155161	-2.303011
51241574	-2.128739
56763589	-2.095810
76381104	0.501239
572061403	1.045398
209787354	-1.954985
407323365	-0.765081
237299871	0.305403
378636572	-0.126461
248252582	-2.010962
17111550	1.435912
18967498	0.626662
254557147	1.719493
531596035	-1.009375
1396846357	-2.171073
249327401	0.664083
334965470	2.312322
156975310	-2.136131
370467757	1.615759
277750492	0.190094
277107570	2.282942
24300215	0.346772
50634125	1.360863
254189414	-1.789591
234469322	-0.848240
186291444	0.812983
1512666349	-0.492080
450708486	-0.267978
1729693597	2.139914
161329769	0.157740
21346197	-1.899265
424263083	1.134109
244268646	-1.472276
1571660059	0.480329
215909539	-1.460028
277193651	1.008756
18217624	0.679454
403539769	2.416751
119162694	1.587126
270017791	-2.320759
41377639	2.467769
254859330	-1.323445
69715433	-0.074242
1265860620	1.913174
448077090	-2.335753
125984383	0.506687
123421771	-1.592600
49316020	-1.373873
209598477	0.914088
486380694	2.442926
1915752144	1.645688
1602221707	-0.381570
261263905	-0.816338
388958868	-0.184080
21572351	-0.122869
972323274	0.603670
199325935	-1.941214
594870776	-1.945976
121537837	1.980583
337932925	-0.028039
1246599554	-2.020346
243502423	-2.130908
485264526	-0.760132
1705042116	-1.115604
124196924	0.425062
14124614	0.924072
123934875	-0.154877
998576058	2.417154
405034710	-1.795874
245451804	1.562693
287269659	2.258313
18909919	-0.435434
411766612	2.377899
402719755	1.631731
1556371026	0.417026
25198840	0.969994
856549532	0.916343
1551310284	2.345287
425565585	0.318005
24305421	2.281710
217137252	0.997846
216881337	-0.471794
534599939	0.808028
22097192	-1.971946
16100318	-2.121014
49986081	1.432210
24509586	1.414625
620298978	0.871907
225326840	-1.498498
26637348	1.643510
29766367	1.772762
896620178	-0.960832
267781214	2.461452
405134921	-1.605388
5031151	0.645982
108052596	0.619176
182815759	1.642273
88784440	0.855730
976404032	-2.298352
1326751968	2.307121
308563367	-2.291018
492480327	-2.287343
1674501806	-1.920188
326210627	1.999312
28423263	-1.224981
46499643	-1.461863
15448332	-1.606144
946114207	-0.538287
19891260	-2.113784
15769734	-0.867251
1058717720	-1.881553
241207373	2.070511
409799018	1.518169
1932803906	-1.851022
293459696	2.356466
156029105	-1.629471
240385577	1.053768
16256269	-1.081386
314335929	0.731476
131149247	0.913123
121656624	-0.803095
9624742	2.478811
589070172	-2.374101
263975503	1.519770
18056015	1.486414
959687432	0.336084
49453870	1.177478
425889480	1.770889
1228070911	0.501002
905020056	-1.479794
287811065	2.357722
21643972	-0.858524
15710384	1.991493
14669951	-2.038566
613404995	1.085918
1002313952	-0.204004
15458694	-1.959069
110420252	0.174669
246447524	-1.319081
279634424	-2.385499
539866149	2.436100
59704563	1.653104
1120931132	0.020316
18480494	0.550299
237129990	-2.264200
291676686	0.261627
338811841	-0.437282
192041694	-0.083439
1308601632	2.041681
2417754469	2.276657
19543987	-2.106241
80473367	0.665044
234374703	1.216747
409522947	-0.455676
235660311	-0.319925
51284800	1.154730
3913931	-0.745387
1736053987	-2.477179
2367536538	-0.142123
288295387	-0.688547
16739711	0.679361
173363468	1.737464
362597648	-2.456099
37982748	-1.548309
48425512	-0.748628
270182385	2.408446
454060961	1.536349
23220731	0.384496
986188543	1.868734
2377621136	-0.288553
1356966632	2.372132
1469869638	0.715119
1385871187	0.386868
252249233	0.300233
188194323	-1.275947
919804596	1.552209
438040565	2.130739
16705010	-0.641953
874694125	0.457731
25915690	0.067519
337122716	2.144560
510516465	1.551067
225988631	1.922949
241771567	-2.427107
223360975	1.713123
779118265	-1.167632
575766234	2.027720
1069918782	-2.036132
1080732656	-1.603072
210926192	-1.911190
586032653	2.335782
885789362	1.532538
233238234	-2.249989
21542518	2.135929
2394285656	0.839329
15116570	0.274413
24735461	1.034906
33622411	-1.452612
275098108	2.188703
26122639	-1.095180
16348437	1.613413
115488968	2.255715
23365717	0.009369
218206502	1.859952
1365631760	0.274863
2296636404	-0.219983
20397563	-1.496090
195790079	0.586014
381413722	1.565329
23578274	0.324043
566631178	-1.177098
11348282	2.416959
24795163	-0.798268
198323147	1.844420
2250858631	0.693384
954172328	2.307160
278433367	-1.105947
99949940	-1.485917
43955137	1.517328
262424195	1.619887
39793961	1.356879
109280446	-0.200136
40057701	-1.405167
780383160	-0.924162
437741704	1.968250
242892689	0.635884
471606410	0.287955
1210072844	-2.162009
950328072	1.429298
167699332	1.905880
18170310	-1.179075
1539064994	-0.450115
250736913	-1.107578
232127685	0.647735
165511812	1.011169
360893245	0.954026
613725908	0.358740
360338075	0.062488
59568948	-1.457089
960696949	1.495398
22946355	0.697345
582475251	0.547727
516642662	1.431282
16814879	1.062153
195019882	2.409357
215346722	-0.418209
261918703	2.079728
1089334250	0.731379
206428391	-1.750928
126632552	0.360331
285737815	-2.192836
21509894	1.072393
240760644	-1.977537
360427514	1.630768
377773483	1.913676
22265452	2.213348
15012486	2.310097
12788332	-0.817130
253016264	2.264738
791002021	2.498996
1031118500	-2.493002
80612021	-2.064886
103727818	2.003761
1222283971	-1.841714
359596838	2.436271
2194801027	-2.493308
61250271	-0.648550
24392175	-0.039964
248004920	1.876299
19139963	-1.416028
2241120434	-2.482189
23970171	-0.636767
52537790	1.643073
176260948	2.277917
289374103	1.538792
1057859527	1.165603
624753464	-1.610239
242873057	0.025403
260760840	1.354429
978690895	2.119899
18294521	0.024813
1377700518	2.412591
119527861	-0.331024
151589736	0.421923
1143060714	-0.392010
300430043	1.592430
39424870	-0.924083
1965801554	-0.622368
234053893	1.760381
394272456	-1.268917
34402366	0.591862
1222684418	-0.071254
123150166	1.020040
272520742	0.149504
743694942	0.123227
6794502	1.057071
17525171	1.189115
7402662	-1.473417
62330632	0.488221
274824692	-0.602636
21797269	-1.448682
59888738	-1.300757
16469463	-0.565942
28969421	-0.333154
7334402	-0.109596
104797238	1.232537
17074440	-1.374568
790097610	0.766574
1316483802	-1.489231
248791332	1.039273
34238458	-0.164819
2252607128	-1.374338
1380763326	-2.049405
15297551	-2.096142
1921776680	-2.458292
360804642	1.043964
308664726	-1.214080
385288144	0.809025
16129920	1.830088
28599820	1.942103
91179070	-1.149177
717888988	-1.523227
148348430	1.904946
20495104	-2.450169
277008614	1.344380
73303753	-0.483667
267339368	-1.346938
330816212	0.154515
168502762	-1.340667
33655490	2.022128
588237779	-0.457713
251408532	1.091108
758067224	2.350397
45340027	-0.616332
84677520	0.710757
349979682	-1.316699
245136682	1.461913
427024774	1.457013
29598035	-0.613509
16031927	-1.157390
30095477	2.455051
46016028	-1.896139
287896740	-0.217614
1488969002	0.997969
794546882	-0.785992
414068004	0.429545
220208804	2.335208
221162525	-0.037021
2311117897	1.068696
29205600	-1.154851
463890972	-0.400396
74302172	0.251289
1510311302	0.448126
14764240	1.341642
26083271	2.269254
1516670166	-1.777367
20376424	-0.325770
124335509	0.095401
363540832	0.677194
417664241	-0.717108
14354562	-1.479879
1277984012	-0.275345
252819642	0.725967
78966155	2.171103
272019676	0.489783
17750784	1.185357
425489816	-1.484374
122719755	0.144663
65919935	1.327950
33205490	1.432674
2316645626	-0.026239
70590748	-0.378937
37094727	-1.960555
317193393	0.580720
473401390	0.546613
240327228	0.550259
312435184	0.686498
155680896	0.368376
14293310	0.483941
1243902714	-0.523570
1915916724	2.440584
122146840	0.282963
20209807	-1.557272
238861711	0.901112
538416721	0.792058
191728014	0.706245
2358445766	0.045905
18317325	0.181851
1852444146	-0.533608
47614124	0.928677
1187949900	-1.337801
35758513	1.791250
1345850192	1.460073
242836537	-1.171990
305818200	-1.978200
439596778	0.320943
592019654	-1.307783
19877680	-1.572690
14511951	0.349960
600737301	-1.856721
830918346	-1.930276
702460382	1.435146
42734224	-0.513256
311165745	-1.859389
393603441	2.284303
216481299	-0.772857
159609651	0.966061
176896268	2.377883
324403737	1.398954
275725571	-2.446712
137407124	0.250699
122473388	-1.971199
28336822	-1.760496
26677801	-2.450657
236541422	1.262527
15954997	0.269163
114756202	1.783538
2251095308	-1.606618
1496512904	0.008089
416686487	-1.776975
99157266	-1.865401
242761889	-0.820060
88976164	2.479764
2361890355	-0.611818
122212010	-1.716230
98929990	0.284447
134302187	2.111258
50452197	0.277008
1091456496	0.693762
57931553	-2.340433
18213420	-0.116410
240363117	1.287047
104631905	-0.207614
158495061	2.142759
20597460	-0.286133
17643209	2.062786
630802892	-1.267179
20071932	-0.039187
53503202	-1.985983
28856628	-0.174128
1571215884	1.267296
240839950	0.192330
52052011	-0.719688
225921757	2.335622
58287227	-1.711128
287545295	-0.006969
30619527	-0.733162
1201520622	-0.705034
94103877	-0.477276
44117460	-1.098494
63749707	-1.292729
15035209	1.139061
250188760	-0.006153
270370405	-0.475563
1071102246	-1.320857
939621458	2.234603
787373558	-0.737636
1190825605	-1.649469
1689821791	-1.446544
325804079	1.577484
123282266	-0.999359
373011304	2.361355
611886875	-0.960152
16557756	-1.895308
441425863	1.288122
1463550048	-0.505067
21269970	1.123687
39793438	-0.266504
159292313	1.020380
1884324084	-1.125550
23536035	1.696322
728565668	0.206715
1382011333	1.068055
1279783315	0.039559
22507324	-1.596642
53420694	0.757491
2288502470	-1.720570
1149312193	-0.788222
1357793240	-0.321776
25768647	-0.489736
234822928	2.097098
376477453	-0.111888
384913290	1.089406
8953122	0.406748
65453528	0.454732
422964271	-0.211477
1911879768	1.009625
224297637	0.286522
22081190	-0.265834
1327675195	1.383037
1186874899	2.213865
87055347	-2.438611
1352594924	1.896075
20517132	-1.106761
114607567	1.330521
78941245	-1.298962
19929362	2.449231
71281860	0.800590
868637460	0.106111
35829796	-0.505452
18811140	-2.306124
424522799	-1.499542
112236901	1.198826
196147086	1.768133
15159913	-1.336033
330001961	-1.184061
18030431	1.689878
220765205	-2.075899
1076928920	2.401085
50552213	0.629497
93575832	-0.306059
1394549060	0.319281
254310640	-1.380448
1444380402	-1.096858
15417358	-1.638849
299802435	0.123291
18548136	1.467788
49782398	-2.160684
108052620	2.192990
584351142	0.887811
273098660	1.955230
393585626	-1.115155
83932732	-2.056980
1406277577	0.617593
1117009244	1.697118
14173315	-1.300732
1901113928	1.440819
608182396	-2.337719
18732816	-2.068783
443265529	2.096542
1155212191	2.463597
1431823160	0.245170
63796828	-1.718938
47468096	0.325578
935398104	2.284852
193632778	1.910849
721052064	1.479551
15745368	0.880240
217550862	-2.246920
320787415	0.608259
543154345	2.224746
1510065122	1.323409
1282568923	1.695891
19257799	-2.470997
1183912596	-0.483529
456032135	1.372379
21111098	2.106072
497551327	-1.807174
237853147	-1.782183
1242109014	-0.275660
180895768	1.945969
21631487	-2.387012
323166438	-1.800061
20608910	-0.199161
1138688364	-2.494766
867444085	-1.316153
385429543	-0.738508
889786374	1.759121
2288373518	1.064333
29793493	-1.788735
10375552	-1.934127
485139684	1.755894
87318108	-1.847628
143779492	-1.746461
389840566	0.609878
87714473	-1.444468
247420668	0.942658
174879603	1.656363
2192766368	0.226700
20906882	2.149939
1134292500	2.303056
2337254448	-0.150089
71328021	1.834157
2230533374	-0.898807
620708331	-0.289409
41634520	-1.870550
1346817602	-1.934176
330650569	-0.169150
15715665	-0.349142
350930593	-1.237052
195070336	2.068234
281162551	-0.938823
258900199	1.252710
176135285	0.359980
2352119654	0.111592
1125409915	2.063809
485842327	-2.242695
220551206	-2.004200
37836873	-0.255577
935987066	1.290264
569666511	0.987992
776698136	-2.387248
221528389	1.024363
16474026	0.346441
29751942	2.273640
32265225	0.218300
58379000	-0.622209
554109268	0.129674
372345957	-1.717105
16056306	1.364726
529973619	-1.119734
67906573	0.272111
15496979	1.950492
252819323	-0.669832
11856892	-0.792264
325040651	-2.171867
64660952	2.119129
628559456	1.323947
555845120	-1.814753
280206584	-0.593780
19407835	0.681532
267583652	0.911233
1434486529	-0.244607
995193054	-2.322885
14925704	-2.112765
610415617	1.692905
590696606	-0.697011
564908956	-1.609654
313344689	0.077232
19918558	2.086027
247517295	-0.394523
50839205	-0.299912
73833569	-0.572967
26820795	-1.171302
1043702834	1.230315
344516847	1.739069
1891157910	2.314795
36738199	-2.419910
1350118422	0.971131
717905080	0.985636
452004245	1.686070
1490306108	-2.297686
10102032	0.903646
1725039222	1.044336
254775647	-0.739625
350927143	-0.004675
26324609	-1.149594
17033503	-0.995730
1092248911	0.617126
32010840	0.809397
23712174	-1.529871
22527499	-0.447807
213182436	0.109659
1917731	-1.418239
296361085	-1.167068
122770149	2.498795
505932430	-1.814100
15980436	-0.565161
1440997712	-0.792980
192441406	-1.673260
29865139	1.042920
1422790478	2.033053
260479308	-0.134603
1025521	0.788066
130600206	1.609953
89657363	-1.576474
95602718	-0.977098
1296038210	0.466151
37461389	1.640628
1469528666	2.083063
233601235	-0.465575
456986241	-1.426020
356199275	2.200008
977369880	1.859598
952575223	1.724365
108689270	1.085594
16803651	-0.944291
283265252	0.930888
1071768498	0.675439
71358042	-0.408458
83200882	0.424698
1060860422	-1.693440
1225410018	2.481700
1710292866	2.031910
23109966	2.188560
18891923	1.771642
27705441	-0.633899
5660532	-1.308141
359950567	0.069862
131036750	0.510594
1140648348	-1.822755
983813816	1.544884
321119379	-0.639102
265529710	-2.039630
159977219	0.612938
392998644	-1.802104
1072453910	0.613476
524724189	0.719398
1739650556	1.569931
1183865954	0.329944
108617810	-0.765459
468601121	-2.413585
36183582	-0.710266
538086333	0.622844
2185601035	-1.812691
240840748	-0.981078
249348006	2.459666
1944510751	1.757159
1532014123	0.971221
55677432	1.485597
64651898	0.136283
169472184	1.090945
115733549	1.746414
243413616	-1.659679
137794015	0.285113
427742683	0.151347
23951197	0.879522
147487756	-1.032464
380001296	1.876104
933487722	-0.949397
1360075950	2.317533
18646108	1.039488
242068532	-1.161516
112740986	2.388163
237600102	-0.954977
472632386	1.785469
38787045	1.761704
297498647	0.119650
18043103	-0.552491
333504114	-1.798510
7356562	0.030925
377237995	-0.739007
1979395855	0.689758
581275783	-1.874098
140959145	-1.894012
265155317	0.152590
13491312	0.222812
450108691	-0.927727
271007688	-0.107905
18161620	-0.666494
62354707	-1.742921
97931967	-0.354553
521926535	-0.391595
334320138	-0.130332
423688722	2.481262
20444702	-0.730035
1905833168	1.237534
21048033	-0.757286
1075666608	1.468009
1246366651	0.832178
65146567	1.534433
91346513	-0.362382
582931822	0.087044
50707364	-2.321879
1310708510	-1.312595
234057152	0.667363
26051676	-1.154805
95070642	1.218857
74164455	0.056982
25214807	0.241927
873631776	-0.609893
26778110	-1.826735
195955478	-2.029789
1621076712	0.426522
183637495	0.450536
33060832	2.225368
26607712	2.318322
284296658	1.740453
562640547	2.241057
2321775476	-1.410942
2176134116	-2.304916
1031845399	1.423204
24670782	-2.167407
41406567	1.657713
1644805254	1.021122
468930111	-1.261749
237944147	2.182606
930009097	0.569451
146263776	-1.973776
48354257	-1.602148
34069014	-1.570128
432766911	0.140902
976579933	-1.392797
525736608	1.673446
28382250	1.688705
22262553	0.213148
193794406	1.943103
16827173	-1.293441
98242752	-2.073932
1086619808	0.013083
506462653	2.332580
340296149	-0.046003
197628846	-0.427566
1939381628	0.661746
1072467470	1.020009
197290856	-0.411160
531481241	0.303374
78403308	-1.541733
305620929	-2.202586
7270292	-0.964808
14344823	-1.066259
1232484468	-0.966127
961520071	-1.091458
1060984272	-0.360187
770554297	1.589936
48587305	-2.095025
19216998	-0.260559
457276155	-0.222268
14345062	2.268145
67776968	1.357684
1902563203	1.956630
575385464	-1.548366
38254095	-0.452440
97150206	-2.031837
90250351	0.149486
10615232	-0.323776
543635294	1.607469
248718904	0.404051
234812598	-2.352307
214209081	-0.360976
2362779882	-2.204242
235373000	-0.538237
70156027	0.017660
239964750	1.797948
180032621	-2.186282
1430814439	-2.427210
24463788	-2.206486
547778460	-1.286267
469674025	-0.881775
515898679	2.259188
34666990	2.268820
1925654095	-1.478266
473199911	-0.602815
52763281	1.234279
79022250	-0.335565
431266828	-1.477213
39322371	-1.052153
46807181	0.029139
15289825	-0.304110
283657826	-1.583209
830430216	2.479882
20449956	0.178792
169588591	-0.509533
240135871	1.215361
32007346	1.276334
251656840	1.124063
976969338	-2.050347
1388590928	0.851332
24773493	-0.224610
237926856	2.075913
360191435	-0.983107
174847410	1.953118
50150341	0.484557
1092757885	1.148600
23789790	-0.106421
23035691	-0.829160
18632666	-2.293778
178229698	-1.903638
1955581326	2.047980
121990777	0.828867
612716532	-1.160293
126171100	-1.014624
207317790	-1.117693
11651202	-0.464174
1726999796	2.029791
2317625354	1.098575
29898014	-0.837622
25382456	0.708371
1189735556	0.655348
22028039	-0.694538
1027156464	-0.227639
105823136	-1.241097
186299824	-1.405925
15764644	1.032393
237460752	0.033804
346949527	-0.039839
81021861	0.360473
68888437	0.840870
585206397	-2.276294
1122064316	0.731044
199510192	2.094082
1625304829	2.462193
492378372	-0.959391
561628839	0.288192
373883896	-2.026358
109071031	0.946409
1347674623	1.100720
122174004	2.276850
724658815	1.950195
365239637	0.361805
1428792126	1.097814
234906311	1.132183
59969802	1.728315
2308777399	-1.771745
355881289	1.031193
971412384	0.528680
20641972	0.679504
615181714	1.583572
75843152	0.895215
30045475	-1.649503
157305077	-1.154549
287861586	1.266573
610325685	1.431938
253149069	0.159482
40024874	1.381207
93552029	0.653877
156763824	-0.024848
560117034	1.150391
112765894	1.699489
1258312562	-2.290452
1655093820	-0.440388
1189780298	0.064175
700126891	2.207186
14308987	-0.202503
287225290	2.333522
2294530717	2.480485
1071900114	-2.126211
21426423	-0.733858
805777398	-1.604672
1716366295	0.329420
21619519	1.938839
22012091	-0.656881
76392970	0.477652
1262936000	-0.649702
2199888721	-1.148370
1060370282	-0.625046
127919146	-1.578319
233557728	1.581627
2363258587	2.041272
943501040	0.912366
1055907624	0.124611
1553746556	0.791684
573495038	-1.661131
18172905	1.576501
37202770	-2.399260
359032147	0.053036
519728645	1.815939
414516629	2.044671
337595668	-2.026452
938657858	2.427027
15212187	2.464336
547174027	-2.133728
90490354	-0.388358
958081542	-2.044269
18008330	-0.477176
321234739	2.160354
1879871294	-1.764327
575749942	-2.140977
411997494	0.354078
346030501	-2.444093
180100015	1.656353
85396297	0.003407
543822491	-1.406733
164007407	1.014231
27385174	-0.144545
1228818295	-1.653097
467801778	-0.174468
619964159	-1.580169
31744825	-0.607805
463606038	-1.829242
1154667132	-0.695490
32379396	2.042111
26818986	-2.393368
18793575	-1.516061
1061486761	-0.802269
1487887076	-1.845307
402190452	-2.200249
498961346	-1.969691
28859894	-2.462924
1883356866	-0.747481
5561412	1.496643
429268149	1.841073
557671006	2.463621
2155491151	0.428960
15007149	-1.955291
63804234	1.256554
19563355	-1.513933
54598826	-2.434013
33655512	0.163053
347877928	1.791516
73931897	1.320610
233949261	1.049999
130274805	1.642275
282233418	0.137231
1322558402	-0.552533
26111775	-2.245733
35137957	0.195585
1128781184	-1.018839
1441675236	-1.194591
2317860566	1.025992
36588739	-0.517283
267217520	1.181579
189904289	2.050556
83195396	-1.618207
1517363570	-0.432664
171813900	-1.840349
302113333	0.529286
302382660	-0.449958
110445334	-0.473341
136682183	1.165432
2467791	0.557528
180846791	-1.598250
33027306	-0.391214
93936388	-1.663050
619479855	0.759816
2254857197	1.183791
2377726519	-1.771303
1901018683	0.202974
382791093	-0.898611
227036687	0.309088
237763317	1.208183
52989817	1.480257
45151382	1.845216
1627252382	-2.232086
1092979962	1.997948
2181453624	-2.314979
73791927	1.983258
42760147	0.002830
19286569	2.171898
28785486	1.216103
218779638	1.727368
362052555	1.836819
20957491	1.254122
155642785	-1.826343
16441318	2.400138
91935208	0.760003
357253772	-1.071645
47412499	-0.747508
187414539	0.539623
30500021	-0.435092
220241174	0.887694
11650762	0.593072
29848453	1.224267
616965232	-0.026444
22930392	2.009111
14616459	-1.514098
16187637	-1.464532
211901075	-2.478270
48075643	2.182803
47544979	0.306455
30313925	-1.294867
564225302	-1.443409
64161351	0.990702
549438299	-1.991979
1035443946	-1.155835
24183358	-1.236619
1874140452	-2.488564
470126084	-0.081231
530864692	-1.784743
1656884071	-0.834731
819528355	0.830828
50370046	1.477032
617382180	-0.200551
382534366	0.037492
728708694	0.357511
47402168	0.895266
1090002997	2.410830
291756142	0.642712
225242868	-2.217517
44127294	1.568314
2356356972	-2.162626
85970738	-1.870858
252254916	-0.520541
1080844782	-0.664419
379815077	-1.571708
343830557	2.336263
1037321378	-0.680378
631543401	-0.530611
418269619	-1.790590
43050282	-0.374950
1691930744	2.269873
368914608	0.493247
5990782	-0.012031
223166587	-1.809555
1849261916	-1.242043
74198348	-0.366035
30437038	2.006880
624927613	-0.376621
996565820	-1.379159
49649077	-2.119527
185684821	0.525836
93761782	1.767955
387225200	1.504472
1265207760	1.259917
28480805	-0.757169
93189203	1.166509
326043489	-2.146445
89820928	-0.951960
598853747	-2.275487
21786287	-0.398960
56864092	1.119263
14412533	-0.793949
1599284149	-1.012574
1372288434	-1.575891
1959387662	-2.479230
612117635	1.380142
37131103	1.064588
1468203217	1.525605
467636108	-0.376719
2293131060	-1.687513
286034058	-1.197029
231898286	-2.096142
407744769	-0.859269
361365479	2.494028
171154131	0.267358
253281321	-2.099612
394303189	-2.264418
2305315345	1.339521
34966987	1.974645
16130949	-1.782835
2281176661	2.171150
22417674	1.084288
39308549	-1.249917
904655414	-0.136447
20618764	1.973676
386455581	1.989793
6577802	2.283047
2314375189	0.177216
1365881617	-1.218178
605098090	0.301618
88806753	2.464840
97368029	0.029036
1711193490	1.800570
31285825	0.728613
249787913	2.314638
15939889	0.256712
15918708	-1.765511
163570705	2.005918
1221321108	0.742087
330583779	2.274998
1074129612	1.252091
358302508	2.367289
48086014	-2.443809
348861268	1.682619
121171657	0.928525
384111224	1.483560
1055362014	2.010009
15987296	0.526721
207731256	0.728089
17530189	0.624302
396794501	-0.230682
331678866	-1.304705
2163623972	-1.578938
133448248	-1.531326
51943611	-1.489236
117792965	-2.313702
51228911	0.881123
9855382	1.129157
378096410	-0.608807
46263050	0.749326
86364947	1.980119
24477294	1.558294
40402146	0.384694
314761332	2.111447
13383292	1.786200
14984637	0.583785
2360123726	-2.042455
26144769	-0.316584
488297851	-1.520638
23617145	-0.638797
118152495	0.743629
1023320856	0.295812
1636639214	1.825183
303920466	1.046300
5558312	-2.205975
791967744	-0.863326
108376246	-1.306945
3108351	-2.029669
1301328822	-0.395656
2260662498	0.653080
1469735982	1.969453
89526574	-0.448008
2287788476	2.472039
62907908	1.738648
499978095	-0.700173
1025653922	0.598545
432676344	0.803284
199286398	-0.442736
22006412	2.394416
44215945	-0.463628
1497383952	-2.224860
188019606	0.850443
2242638817	1.153825
19670455	1.467664
1223102983	2.263650
198928268	2.041491
251728316	-0.390548
703561088	1.775129
431990191	-0.827927
174369590	-0.115730
60638933	-2.368146
628018533	2.290567
252644673	1.235925
1328434170	0.807645
237770636	-1.463095
233346654	-1.194163
71036272	-1.957438
430343685	-1.521230
154233179	-1.884888
43216755	0.936209
160647819	2.382954
31054788	-1.550790
593813785	0.223697
107620932	-1.953746
164707575	0.151946
1462723416	1.057449
14597351	-2.085915
1525086182	-1.882585
33665393	-2.169353
310912778	-0.960358
502184923	2.119165
1444416162	0.074060
942156122	1.120745
17544524	-0.452415
328679423	2.195226
190699396	-0.808723
855057596	-0.444568
759251	1.488633
194536303	-0.897282
18166778	-0.217120
112604826	-0.114753
475294870	-1.713068
807095	-2.282014
325717986	-0.587993
201877444	0.729514
584012853	-1.681401
1870463754	-0.305096
21144715	-0.620573
1362944844	2.395228
233693291	0.395579
336699225	2.440814
448923637	2.226084
977560500	-1.104935
809050796	-0.236261
516131688	-1.864522
331268118	-1.563381
27633572	-0.955118
14540659	1.140293
81919296	-0.695302
236118432	1.449550
387984038	0.088420
538185166	-0.655989
48366585	-0.737925
27274887	2.467502
85418520	0.583059
528484792	0.068709
712959254	1.752857
384538886	-0.582719
8542882	-0.714618
1609169504	-1.683642
585441089	-0.626932
366228554	-2.265157
158205177	-1.501095
155669457	-0.059309
227088228	-0.204829
594582597	-0.555905
30027177	-1.211273
4389861	-2.344452
297532865	-2.491789
36654245	1.261207
250710495	2.129004
113214730	1.734224
22076537	1.675943
1144145946	2.187524
110924703	2.428997
235279028	2.466951
22903983	-2.169327
185049728	1.254390
593840334	0.982107
70799357	1.253170
254277011	2.453585
161743731	1.752115
2205359364	-0.300312
349219528	-0.016389
1015802058	0.044030
391413865	-0.586961
1408162200	2.027542
398232779	-0.885765
43963249	2.050829
22545491	-1.374927
2255274860	0.197914
362688424	-1.450058
411765271	1.027832
443681123	-2.172706
61842393	-2.056593
138531540	2.140491
2369496272	1.584045
24298528	-2.216876
836709230	-0.008353
161411080	1.244416
15356407	2.125333
41464356	-0.560682
5357812	-1.429367
276197098	0.438802
22508473	-1.969724
15715842	1.560418
2294105892	-2.215376
34270503	-0.956440
16086967	-2.233034
72874723	2.278542
20468251	-0.930991
49541291	0.688485
1334517175	-1.459438
342945847	-1.882680
379378754	0.000021
17120599	-0.320382
399432469	2.363177
157382927	-1.063534
15522251	-0.478728
1347830329	2.418566
352643501	1.958172
751212379	-2.400055
29501253	0.153976
1556756886	-0.405771
143889472	-1.349806
1872933859	-1.004123
22113371	1.981347
14730894	0.300954
136550204	1.350312
559073634	-0.669739
29929730	-0.859932
117197740	-2.359549
556000874	1.922333
191688736	-1.620689
2234105580	2.212829
2253968388	1.736903
304115290	-2.388071
36564017	-0.383376
1008962922	-0.704165
1355831521	0.435481
63160932	0.834432
80958505	0.831614
343171266	-0.386186
23632545	0.264084
247066289	0.450177
748531489	1.024573
53643803	1.372431
25124372	0.516417
1070943116	1.708017
224294785	-1.998566
115979444	0.074157
15380417	1.561615
1385690448	-0.691832
1058917562	0.197736
247496974	-0.221486
533702418	-0.298598
558831200	-0.475231
20078009	0.836503
270792742	-2.238737
17301179	0.080405
214179002	-1.963428
109287731	-2.431310
1608892718	-2.280538
1355805258	1.308493
912598626	0.040917
24135119	1.257537
277363853	-1.919506
253654580	0.576143
18029328	-1.628316
168673083	-1.450378
1550794628	0.102997
300515560	1.134608
338553588	-1.293874
79729138	-0.674388
18566912	0.306299
14800483	0.072275
14617444	-1.471457
47127416	2.042624
1905298878	-1.667665
1897447471	-1.653124
284744912	-1.679514
1058051748	2.367847
246769138	-0.369858
15392139	2.030326
397382646	-0.532312
1611680690	-1.640522
451032276	2.357931
337752039	-1.311244
15160884	-1.386805
2435410690	-1.223751
1154894353	-0.378653
1655680988	0.754894
14587949	-2.355840
1692578893	-0.109234
85476251	1.608932
176134825	-1.346746
1049460835	2.176525
705661256	0.444552
19028248	2.346924
216855513	0.310677
621500066	-0.702666
163586067	-0.885840
1962564906	-2.324587
268496469	0.525583
389357597	2.438664
46176168	-0.942092
405785853	-0.353499
598384016	-1.521145
2253990607	-2.409823
109355585	-0.218282
26809683	-2.137485
1262814457	-0.552384
14763834	0.609044
33530012	-2.299738
2284159548	0.308427
68281948	-2.469801
201453157	0.156526
158398519	-1.623955
49634881	-0.012453
245419752	-0.093526
1209417007	-0.220284
536281139	0.494255
26976860	-0.856841
15985455	-0.157779
16002085	0.864983
633131271	-0.824842
191923358	0.041178
1183998762	0.299586
1915018465	0.616408
51982954	-0.761489
716563918	0.200022
860696202	-2.362271
34122899	0.858010
259950795	-2.484100
121620626	0.583787
339172700	0.478571
783749288	-0.677185
818586175	2.257135
124224165	-2.376569
15554922	2.372132
1469446608	0.174833
127963931	2.095737
239949176	-1.001921
376064104	-1.575710
19512725	-0.188242
328258374	1.926282
298059168	-1.105329
948491592	0.546814
36394602	-2.483262
14859559	-1.597199
97298155	0.969061
28889556	-1.544601
451967996	-1.733230
189236855	-1.407377
966442267	1.455336
1902537799	-1.024045
63787812	1.963354
1300124792	1.614003
467823431	0.812457
288963206	-0.377242
1222257180	-0.472278
14110710	-0.151431
133864713	-0.041492
48807726	-1.215885
46004597	1.698523
220249920	-1.448929
15471838	1.522679
2364631970	-0.807965
14579415	0.984082
1623282788	0.379090
514929629	-2.356222
372503594	-1.338054
38516217	1.054342
1686107834	-0.465643
167507135	-1.338576
85606078	2.366851
153694167	0.909394
220580561	-1.155036
249222850	1.582207
76163900	-0.842649
308748838	-1.568026
442824717	2.224251
213207055	-1.541987
934933188	0.654805
785414496	-0.579428
1931698346	-0.482684
57977498	-2.212698
448169106	1.029463
310608280	-1.092171
1898624934	0.790048
18205674	1.742544
317608866	-2.471272
754277773	1.495610
48117116	-2.371720
1112972713	-1.561870
1405337395	1.942763
520245212	1.583700
111635980	-0.003887
24299006	1.582971
1542493423	1.285508
103335794	-2.266710
627838899	-1.347373
2277763242	-0.289370
24737755	2.028696
22819917	-2.010556
254174408	0.045188
358606388	-1.252808
372506462	1.254831
43273533	-0.211506
586730005	-2.014792
125397444	-0.036748
1206306506	0.092118
36691808	-0.903183
2292332720	-0.731314
22812754	0.361242
454947269	-0.239824
1545715382	-1.333296
78673043	-1.270942
5741722	-0.727018
318464838	-1.510068
114887629	-0.246957
1540360435	-1.996194
260807192	-1.615309
19793648	-1.515584
16385104	0.311290
308721230	1.558993
18915145	-2.432125
237814920	0.959239
159524468	0.592716
216486007	-1.752671
622198206	0.774328
15207668	-0.857635
463918261	-0.832827
360605502	1.875559
963480595	-0.147825
526750889	-1.077640
189986982	-1.263372
481000411	-0.074072
25162697	-0.542764
1071764281	-0.387392
14672279	1.654471
359133002	0.714160
265329329	-1.729883
20552026	-1.953930
1678290240	-0.163879
345491974	0.872831
224391627	0.484351
1051127714	-2.069026
376946273	-2.264302
1643415560	2.124226
1468560242	2.004508
22797378	-1.917610
2316393866	0.271545
266830495	-1.149304
1439879557	-2.014409
27136225	-2.202019
28252475	0.010137
1447399590	0.983251
31120881	2.256183
342780479	0.268270
206716135	-0.436569
260841091	0.210533
1325640288	-0.202346
139574248	0.502599
722800129	1.018957
1357427004	1.460558
1606703838	0.800420
2265167642	-2.188478
64022803	-0.695037
991357832	1.026510
309605202	-1.114422
16742053	-0.585316
1045853744	0.694687
1065995022	-2.404389
49171436	1.866420
381152398	1.240337
254032655	1.174339
1186810890	-2.203502
463132556	0.929164
1117953943	-0.551584
295868971	2.138621
17353658	-1.294244
242618658	-1.664064
776664410	1.643731
222195455	-2.164366
56538228	1.048201
158397501	-0.304663
30864583	0.149087
222320264	0.159774
209833543	-1.411808
122207745	-0.492849
1262557194	1.080267
1131203611	1.786730
1797991	1.440696
95166404	-1.932442
15224867	2.305594
2203399435	-1.741051
19269183	-1.268953
1110920106	-1.080105
44195577	0.682393
239871673	-1.537064
20545793	-0.798752
64507817	-1.146627
2260579802	-0.759040
1229226714	0.991544
15324851	1.998394
801523267	1.988293
306001688	-1.766257
354493762	1.154868
22731105	-1.012769
390292636	0.741190
1676771268	0.183245
84119348	-0.107335
246499208	-0.495961
15092872	-0.563048
68917738	-1.753261
235190657	1.549196
1060487274	-1.486993
2836421	1.027383
35518656	-0.630815
573916220	2.398154
1413602821	-0.361058
2237923975	-1.213248
249410485	-1.182150
17811916	0.950854
903320070	0.531596
432092458	-2.015187
221792092	0.782897
310347243	-0.554880
125208664	-0.532892
92055121	2.386370
76348185	0.787836
1055685948	-1.504708
2370786962	-0.989010
2236741645	1.993864
217543151	-0.317998
520778762	-1.314430
1622931326	-0.045217
349947276	1.735600
2324036732	0.984332
16018516	-1.090622
15923226	1.594955
398165004	0.807080
2340967118	-1.686494
103949895	1.496729
161344057	-2.252183
1545781357	-0.903415
777390745	-2.425890
991821667	-1.370459
932421955	1.688158
19553409	0.568504
221496713	-0.528220
135653370	-1.778351
1620243926	2.462021
55581437	-1.360961
15394954	1.802369
534680801	0.335739
34773320	-0.244534
211420609	0.458817
20635633	-2.199007
539485640	2.323694
21669223	-0.298631
1374923180	0.615562
594060392	1.646388
191005134	2.209863
960962340	-0.324738
299883942	0.087351
70740010	-0.005676
19186003	0.388502
1482327366	1.268888
2305350474	-1.686861
572317065	-0.839107
15964588	-0.522846
378738565	2.236624
104727439	0.002092
40750860	1.292317
186430550	1.157007
1375871708	0.285084
458393298	-1.223081
602997805	-0.457522
78431501	2.039234
15434632	-0.879799
2282872260	1.938762
180396181	1.932709
1927804778	-1.976866
944917346	0.178735
1072382221	-0.447639
95978223	1.190429
968650362	-1.742651
35762860	1.952644
55896443	1.680054
98910693	-1.545924
30216513	0.679732
137381495	-2.235086
16102244	-0.058153
17768436	2.291283
804861259	1.194409
30043495	2.274420
29896465	-1.353856
44177383	1.005652
400792588	-2.153628
19394188	1.875062
47056405	1.521860
200870788	0.704478
295685416	-0.125574
1480654033	-0.489130
54686639	-2.412447
167856299	-0.934357
18822612	-0.737427
239584537	0.253984
78130610	-1.083199
2330410284	0.176436
58492046	-0.632062
175131510	0.286336
234927299	-0.998540
135297032	-0.779592
1059240924	1.380072
22387804	-1.311422
8870632	-1.924430
418078050	2.160414
1494474121	-0.237984
78569026	-1.328781
15993122	1.142554
24448865	-0.093174
788006827	2.437718
32393576	-2.416829
224285242	0.546974
1058807868	-1.230522
201791908	0.323452
280346878	-1.798204
346813911	-2.250470
25086658	-0.729796
51267980	-1.147401
23121519	2.446290
248852820	-1.499928
20469722	-1.360068
472263579	1.413709
195271137	-2.237347
1694503231	1.858314
1408518626	-1.459929
598123678	1.110969
137068935	1.003708
542842941	1.485555
1925431584	-1.267441
757372008	-2.035758
621293247	-0.328435
17680840	2.323106
20733972	-0.423804
71070614	-1.407397
14389132	0.902627
175102610	2.184237
5692662	1.349008
1068470480	-0.429229
76350004	-0.443318
393821580	0.916355
198963912	1.487181
15675138	-0.987854
1412998502	-1.778180
199317006	-0.361232
845711293	1.890674
319529691	-1.484890
40526985	-1.134152
1443203875	-0.871269
474326839	2.473964
85353299	-0.588935
19151741	-1.747408
47632905	-0.285343
208692908	-0.862590
17848544	-1.726863
59771400	2.097906
344109654	0.040214
1252129242	-0.699419
14129299	1.883786
14216438	1.265395
813286	-1.213310
132201224	1.073430
452413225	1.317505
154139987	2.095838
24742936	1.883377
1681848204	-1.955463
1242946140	-1.528373
404132211	2.226945
1058460818	-2.103144
316819997	0.537721
61906286	1.273686
383393464	-2.008427
30930019	1.169966
248735463	1.029107
357580948	0.908104
71294756	-0.317317
1332628436	0.879851
15639642	1.226341
26513860	0.737940
1602752804	1.642305
490535112	-0.498134
356390382	1.089948
1920537577	2.149209
198526130	0.269422
497546508	1.202278
148565166	0.823908
1540496365	2.315801
19824430	-0.351814
575344793	-0.562456
1115633996	0.578324
1007065914	-2.127744
17340186	1.573028
118540429	-1.488385
166536928	-0.708339
1347436638	1.689687
161791703	-0.708796
1375646822	1.035073
40466049	-1.246679
1422126799	2.376894
990635636	2.295977
378547255	2.141061
1326498037	1.589411
38465240	-2.225795
19245431	-2.014873
28176898	1.942824
280913598	2.465378
281509650	-0.428137
344033052	-0.050371
2264976900	0.066344
576268700	0.358740
1340326969	1.267763
568151409	2.076323
44682276	0.158910
589425352	1.283486
85342505	0.981110
40750718	-2.463935
2312281051	-1.939409
800162478	0.344777
6092972	-0.840918
29157809	2.085322
7900962	-0.169497
461301890	-0.531613
1023294366	-1.047166
176646411	1.934334
286363562	0.043344
237862972	-2.416082
237312687	-1.002816
26316100	-2.271042
1611064304	1.714086
16298388	-1.555866
218357036	-0.494918
457733782	-2.044052
557050706	1.869834
80111837	-2.365192
1120298527	-2.016521
1337252017	2.312928
39510422	1.167755
18696134	-0.329655
296925880	0.491459
5988062	-1.715533
293254420	2.056585
234014087	-1.620052
577609337	-1.805489
15600527	2.334624
2245220154	-2.203343
15555056	-0.932509
18221712	2.020572
1658898042	0.764036
15948219	-0.810543
359222643	-0.824744
19312039	0.493988
308852834	-0.613937
1580451673	2.122662
291551843	0.397575
249339682	2.312787
751806494	0.751682
27242307	2.010213
21157904	-0.625054
540241441	0.942669
517911880	-2.303211
626001129	0.899353
109274506	1.252534
15008539	-1.572106
20467163	2.498260
15762842	-0.572282
858111194	0.509038
42638402	-0.235291
257658885	1.906554
1362806395	-1.056561
1655816936	1.552707
14857525	-2.452717
22523087	-0.227150
2196548623	-1.050165
563844379	-2.359120
97171189	-0.820944
11134252	0.907651
1662929678	1.603682
1073212812	0.707732
1733849666	0.744213
17997831	2.195476
72129678	-1.717849
17992453	1.681989
32774989	-2.345507
122183484	-0.153273
9508922	-1.761575
611834439	0.842182
1305481388	2.425774
197307435	-0.007020
1931992778	1.089588
89193992	0.691586
1920276091	-0.603077
506033683	-1.374069
1335517206	-1.677177
140519774	-0.261679
537156670	-0.119867
145292853	1.142896
1104083418	-0.832976
38039087	-0.561856
117197307	-0.872526
1157543414	1.493224
119250381	-1.943132
270067927	-1.601706
47470008	-1.387336
133439172	1.120168
31122582	-0.485008
121469977	-2.249686
51535196	-1.539954
1214475872	-1.438286
106591004	1.595297
37766935	-0.621890
180197930	0.404548
50325797	1.711556
731524644	1.066576
2739461	-0.565449
276763538	1.436869
1117326481	1.347849
237348797	2.270486
373326597	-1.704239
156300451	2.277439
294965312	1.612577
317407076	2.061576
168830539	-0.213193
1722842137	-1.969328
24913074	0.668308
1009921273	0.429416
165533941	2.165814
1905156690	0.797795
429181880	-2.228187
1623308912	0.314046
224320485	0.975613
19253918	0.672072
1356531588	1.485450
17291452	0.755808
372315769	-0.537172
1693751167	2.404455
278005891	-2.302550
286799590	-0.130702
52503751	0.823912
511079500	0.110747
21910246	0.541141
15602331	-1.801481
20245031	-1.934071
30673492	1.693074
19739126	-0.809129
114299101	-1.203530
27676828	1.766969
2297176518	-1.830979
238314303	-1.131171
447277172	-2.122703
5392522	-1.513100
26424123	0.840995
1350864440	0.222156
569212271	-0.887265
242555999	-1.986278
390522985	1.196427
315992993	-2.476314
31350534	0.586983
806186582	1.034123
356881780	-0.393846
49057566	-2.087658
22509598	1.085270
550401754	0.188897
537063930	-0.716147
975200486	1.120683
1935184730	1.771257
148453195	1.814707
1137600571	1.583622
516880804	1.837262
85634199	0.407057
1096507650	-2.016753
21419440	-2.454129
17750110	0.020421
470703779	-1.912977
15361570	-1.272829
633855519	-1.346638
204881923	-1.882163
213634439	-2.007381
385188446	-2.410749
33576489	2.029829
1157424444	-1.747420
230720547	1.930521
1877628114	-0.153002
127870840	1.802805
1267462094	2.011640
170767454	-1.610213
44209472	1.949617
24745957	-0.939687
841342315	0.516817
470366309	0.546267
47736933	-2.142581
8128442	-2.242154
245905555	-2.029413
77017567	-0.946414
177974542	-1.904065
1431454158	-1.922443
21333396	-2.149038
2321129046	-2.410088
932446728	0.427772
19576571	2.105827
247596046	2.379604
19912734	-1.021663
614542142	2.104822
233724961	-0.721583
1001025787	-2.193642
65082057	1.266111
183212100	-2.308230
17800215	0.844134
63753027	0.441096
351109901	1.434069
158290255	-1.551098
234837632	-1.381521
345261756	1.220180
14849664	-0.587501
9532402	-0.771967
218267731	-1.462025
753647880	-0.079919
555593757	1.803329
1653370998	1.769972
41017380	-1.016089
17282256	-1.075408
293131808	-1.849135
49969221	-0.804785
1596947036	-2.479045
377702207	0.714824
108323434	-2.235502
886946899	0.351683
435877117	-2.408350
123667924	-2.017436
1644734071	1.976623
297940478	-0.475917
708309848	-1.177986
34340464	0.467809
15918353	0.317690
425527664	1.819098
168666357	0.926506
1521740594	-1.709784
278124059	-0.592333
115754120	2.318883
15281676	1.752357
85634177	-2.318093
