286898862	-0.614556
266772387	-0.574383
1226281657	-0.532188
1969641703	-0.618727
1624698122	-0.487826
10025982	-0.547548
266133081	-0.575573
2175130770	-0.643346
14809189	-0.613815
16669075	-0.609302
109025212	-0.390853
31128529	-0.334179
414774285	-0.612236
39803436	-0.599673
3135241	-0.729154
294959299	-0.610402
116748080	-0.596360
148006729	1.043333
209792690	-0.580019
202206694	-0.867457
15029174	-0.632579
65433355	-0.651899
35081819	-0.589008
36686040	-0.677338
851120473	-0.617942
21941446	-0.598798
121841737	-0.590148
236479311	-0.134911
915781920	-1.757271
265993392	-0.589041
78408666	0.338857
292990703	-0.651516
1581759588	-0.369436
1444015610	-0.590904
2258783241	-0.527413
301081520	-0.595231
1437466362	-0.412239
84129740	0.325030
344525024	-0.642859
156075520	-0.596179
1387919042	-0.592475
274255909	-0.527052
1516830966	-0.295198
142721190	-0.436393
46557945	-0.356678
22812434	0.481598
50731463	-0.595310
21950364	-0.561378
63169388	-0.397820
381874511	-0.470177
1954751917	-0.578188
20113797	-2.280012
77839894	-1.294825
883557414	-0.623699
60801758	-0.478122
1080509366	-0.361270
127894579	-0.672606
29610442	-1.163828
14634720	-1.567387
1646054551	-0.545845
18289929	-0.552462
20015903	-0.606881
223523798	-0.650944
919927722	-1.084637
1699808366	-0.612506
154699063	-0.649763
1283908939	-0.535017
1621009105	-0.549205
66369181	-0.612332
15014405	1.067327
618586017	-0.625591
1061006802	-0.660554
414543577	-0.632508
452344217	-0.593414
18277655	-0.458525
57751453	-0.565605
137571771	-0.613167
1281503318	-0.512179
1697235505	-0.643723
180142423	-0.589837
267938462	1.315410
16517357	-0.596487
56653367	-0.759881
15976697	0.688415
625296182	-0.620540
547416793	-0.602043
271593651	-0.561994
833990756	-0.643347
50128726	-0.605124
439049326	-0.650948
85778445	-0.369904
154648736	-0.617367
12298112	-0.583926
1461162020	-0.724592
733751245	-0.768599
234937222	-0.068638
249288197	0.373436
784971582	-0.552945
1535579558	-0.590285
47975734	1.431623
317216233	-0.352324
37920978	-0.558371
364415553	-1.209540
16336478	-0.580455
271552521	-0.637915
2245423891	-0.661961
477583514	0.366217
506091865	-0.583111
236899846	0.194614
14529929	-0.416037
1127447660	-0.613392
1716914930	-0.620104
219429281	0.596652
116141817	-0.594171
133429379	-0.335107
453698931	-0.574967
2286252732	-0.573220
1964821772	-0.674256
58228306	-0.610222
1183811947	-0.586490
703759688	-0.594598
133022865	-0.469715
401989810	-0.584488
502440556	-0.597756
432771620	1.708323
492616846	-0.625921
600991865	-0.582320
5496932	-0.600890
207116000	-0.655143
271958454	-0.542306
399502932	-0.691229
259834782	1.188250
562618381	-0.627119
80403646	-0.645631
1037084538	-0.537853
180389279	-0.584070
323239103	-0.580484
487067075	-0.603951
242993672	-0.576015
462033343	-0.588464
399170640	-0.583589
63506775	-0.613649
1075551668	-0.654022
31611298	0.116211
191496735	-0.615598
301090775	-0.596512
305145458	-0.601671
181101417	-0.524125
281540744	-0.470984
19201438	-0.587582
1255785854	-0.671248
1497534576	-0.560066
190160433	-0.648619
16062766	-0.529197
303861808	-1.084440
496786334	-0.496621
36777778	-0.625815
330938673	-0.682560
148333607	-0.636926
1410590874	-0.889893
1002244244	-0.561382
15075753	-0.200582
426694458	-0.563339
18216752	-1.644125
56440142	-0.452085
454953162	-0.083883
713463571	0.326774
240376522	-0.456274
18724011	-0.642235
126644609	-0.668819
38067927	-0.590920
19726613	-0.779230
608902626	-0.628952
20880535	-0.489975
153919023	0.072664
887385018	-0.597928
13218102	-0.419615
17896154	-0.634349
452700445	-0.609283
339852137	-0.506661
1652541	0.553875
78369108	-0.487573
2178860358	-0.598599
377591325	-0.642015
116518445	-0.605662
308276891	-0.561091
557806506	-0.597876
31801993	0.407966
1447467186	-0.620088
831933780	-0.635515
1237704769	-0.623599
27311044	-0.391113
1328123624	-0.552882
34932854	-0.532347
85898279	-0.658283
1480218668	-0.628375
305389392	-0.621708
29584150	-0.562632
162069635	-2.088797
1305596696	-0.700540
323863880	-0.548596
249814580	-0.501939
29293808	-0.880475
116534252	-0.563721
193076432	-0.663823
1463325120	-0.525941
1117640744	-0.517690
1686565519	-0.530679
428333	2.114730
798420806	-0.615158
224766531	-0.479195
39191258	-0.769673
891678516	-0.503178
435983624	-0.623265
24045931	-0.606264
433079096	-0.606811
1090009730	-0.626474
886042746	-0.568842
325830217	0.269110
36126319	-0.664245
54446722	-0.591987
63502107	-0.595710
479674626	-0.548605
268007771	-0.657444
254805061	-0.684122
1541893820	-0.625995
1458461443	-0.564039
16054728	-0.501303
18622869	-0.410912
1665719612	-0.565160
22055226	0.457746
1503451620	-0.508771
2314336918	-0.739248
21321475	-0.773130
480056408	-0.561217
54606494	-0.807469
1374780043	-0.602421
1403429444	-0.620690
456911539	-0.569577
1020058453	-0.492742
151200240	-0.549755
189910408	1.312970
74895491	-0.666601
1023236538	-0.630346
497535334	-0.623763
886986138	-0.665235
1912048351	-0.473835
1959864463	-0.618233
30050899	-0.552691
823801824	-0.650943
20841089	-0.643457
62387220	-0.571395
19658173	-0.801747
237750442	-0.420756
581141508	-0.606157
201079432	-0.697488
756285384	-0.521795
1647266078	-0.641419
1263944875	-0.539613
82649553	1.513594
759316808	-0.686898
24260994	-0.613358
718468320	-0.613220
75927706	-0.592488
198523967	-0.551802
2203931420	-0.456434
72831557	-0.476000
195042501	-0.535162
26459660	-0.373432
1572830660	-0.452935
17513304	-0.575511
1222580420	-0.610860
32135704	2.116119
360080772	-0.613085
22528309	-0.525543
1132232611	-0.583476
1155335864	-0.954496
397584127	-0.717179
205886080	-0.548663
2221362486	-0.679739
67738195	-0.426173
788081918	-0.659109
237019973	-0.557203
160919506	-0.614865
233601728	-0.561760
408105171	-0.646066
586045941	-0.610785
26194384	-0.592670
441040701	-0.610468
1730532331	-0.500348
2374720591	-0.562139
18496709	-0.148710
177028305	-0.605154
19616327	-0.489704
137084996	-0.598970
425286290	-0.539812
253100055	-0.579720
257170128	-0.647336
17065503	-0.519296
30823752	-0.647049
555473643	-0.553196
2385644521	-0.575002
1636291356	-0.623049
240812994	-0.553612
1693373094	-0.626494
740417436	-0.564386
18873711	-0.476972
18678924	-0.279127
2196576859	-0.590481
171693939	-0.644476
300013543	-0.652357
19865528	-0.511315
15428227	-0.411706
455041792	-0.638559
19808819	-0.554801
417393341	-0.629481
587783109	-0.626676
1738425180	-0.587643
28008943	-0.652982
411526571	-0.603028
269893425	1.760386
558769636	-0.467590
136471166	-0.671907
131791939	-0.549481
631876809	-0.399336
2178681566	-1.233341
1827782569	-0.586865
332340557	-0.635602
2168350939	-0.507813
346045240	-0.604830
2309440500	-0.610220
284664892	-0.637886
96386080	-0.579379
1925656796	-0.574725
487906127	-0.602430
27675227	-0.618495
22831059	-0.562264
230761725	-0.659246
75785294	1.821580
939091	-0.114864
61046743	-0.602875
462285708	-0.624231
265639238	-0.403950
115166212	-0.638114
236480864	-0.605372
2375722164	-0.514026
22698090	-0.566776
222721984	-0.616569
89814216	-0.588024
180287231	-0.689629
2340869731	-0.579201
347395654	-0.512332
2291373043	-0.623481
716984711	-0.627543
44478497	-0.591220
851621377	1.467999
54412900	1.970194
16703058	-0.352508
32789881	-0.619773
231510077	-2.010482
1977097572	-0.579704
7350652	-1.991202
271985168	-0.623901
132345883	-0.527519
356291170	-0.630261
2409239300	-0.597489
244526889	0.961245
16030518	-0.672642
47747074	-1.042428
18916432	-2.352674
117974827	-0.375692
57860368	-0.588120
18943752	-0.624002
1032703770	0.224294
325691585	-0.617999
295805574	-0.379172
25956294	-0.450237
20563979	-0.331870
2179040628	-0.578126
1023872718	-0.565694
75367781	-0.488491
1172636797	-0.567276
472587512	-0.609030
415981838	-0.655419
21693764	-0.641142
1852819452	-0.573576
221614578	-0.620657
108083058	-0.561442
1849074780	-0.678474
1613159058	-0.531512
15751083	-1.831161
234022257	-0.661522
373311804	-0.597774
2161486428	-0.589127
857748156	-0.610684
19926675	-0.054229
26265640	-0.697073
518644221	-0.780409
1548079500	0.717036
2322307531	-0.081493
229592356	-1.264014
16789970	-1.763330
624186253	1.751412
1602268826	-0.492534
39279393	-0.455833
75398827	-0.497446
377534571	-1.940828
1718400349	-0.741911
351149827	-0.562280
278145569	-0.706192
1328762540	-0.670281
1092750030	-0.682040
1452476780	-0.634669
240663096	-0.602352
16614802	-0.556242
364564017	-0.707280
18244206	0.260682
747876121	0.311242
16930125	-0.274252
1626115357	-0.568892
18863927	1.152011
292935209	-1.541251
2329092852	-0.265424
326551457	-0.605174
701303623	-0.502946
59281449	-0.638527
14774189	-0.644440
538121732	-0.626297
703301119	-0.554791
1228652142	-0.543583
433791263	-0.587998
1465964245	-0.727854
404542591	-0.554723
14398250	-0.629906
93288759	-0.603551
193978839	-0.830221
17439675	-0.578121
29710286	-0.543657
1083448909	-1.967813
41750998	-0.693956
2161537962	-0.609582
1068990122	-0.662872
235217558	0.124398
236916916	-0.795645
348522887	-0.682823
172662933	-0.640473
238264015	-0.659543
18060177	-0.614648
1558893368	-0.614409
11379362	-0.565106
74960018	-0.226014
34850480	-0.667072
17906632	-0.553565
1096059529	-1.589866
77418275	-0.587415
282775291	-0.554053
368977925	-0.668816
221447516	-0.591116
244985138	-0.531293
95509057	-0.648503
398990591	-0.686802
110893482	1.174924
130977700	-0.595891
1201824876	-0.586180
1860099558	-0.662982
193872188	-0.621061
20713061	0.979169
35998429	-0.597767
1884258127	-0.598017
21873714	-0.555744
14081659	-0.520101
1011705054	0.479278
494114249	-0.531538
1074101017	0.241997
123999551	-0.595178
249219716	-0.643962
2227361208	-0.552383
389759292	-0.527102
1925127612	-0.628419
93723445	-0.559701
32506723	-0.846480
325298865	-0.641134
382441782	-0.521409
118941676	-0.531413
2184765932	-0.539972
2191060944	-0.624483
242426145	-0.964187
538646538	-0.477096
474232856	-0.427170
407053599	-0.613664
455037005	-0.624831
1673504017	-0.688150
284601302	-0.539122
18890707	-0.624570
1476337592	-0.556264
2256726992	-0.581580
54207182	-0.653608
1552818054	-0.621891
85916265	-0.586535
75347500	-0.614934
228784853	-0.680233
17976923	-0.469017
16473577	1.073559
2205545306	-0.620431
255876732	-0.541566
1898897300	-0.392892
1109679128	-0.599729
422076926	-0.619628
35060071	-0.665130
91032815	-0.585264
801084110	-0.654569
264221149	-0.585001
126980084	-0.601650
178419778	-0.527103
194720228	-1.390482
26305670	-1.893138
60984835	-0.608669
864768235	-0.498959
1365917090	-0.618143
1123683068	-0.485395
72405094	-0.542945
1128514404	0.735841
264494662	-0.562989
1214026033	-0.530792
1198766904	-0.623438
40510796	-0.539536
18791763	1.770270
761840588	-0.676302
38036372	-0.528690
1665514478	-0.557379
792608948	-0.666729
15941955	-0.444147
279964598	-0.630326
26777550	-0.559664
16860684	-0.571817
467787311	-0.631819
248850174	-0.596501
1564956584	-0.597501
148041415	-0.402920
153486399	-1.139354
755802794	-0.531139
39787282	-0.549856
70587562	-0.627826
10168082	-0.265873
460656473	-0.587193
2312501226	-0.547813
66774077	-0.626200
523397097	-0.655089
38500956	-0.656207
260396714	-0.140976
13067732	-0.548550
16472624	-0.607355
187108150	-0.588719
424122984	-0.695429
237781383	-0.690839
193732179	-0.083041
615953866	-0.590525
470654192	-0.657673
27088314	-0.594596
793992	-0.548878
1949611364	-0.626984
935033864	-0.360803
546176922	-0.617849
1342502834	-0.812018
1066076640	-1.257865
1630446259	-0.564132
1234286196	-0.601645
1430524482	-0.596628
35013862	-0.562822
1878559962	-0.606170
770448248	-0.596116
2162136865	-0.540212
18820392	1.063975
1870898497	-0.541068
582875320	-1.175164
805188312	-0.554662
26841582	-0.856409
335476450	-0.593530
217912727	-0.583920
76651617	-0.607277
514749390	-0.559690
269908647	-0.686521
48263046	-0.540317
23117388	-0.660495
1423715941	-0.483808
407584834	-0.717766
138770045	-0.502933
249834165	-0.618920
1045110018	0.965283
1963246038	-0.603820
16712666	-0.590935
52992670	-0.611191
23976316	-0.582438
43108099	-0.562398
1075303104	-0.642370
156212602	-0.473092
1093441423	-0.575743
20621911	-0.581648
1536065244	-0.597964
296068607	-0.543246
589869443	-0.533778
402029058	-0.592126
2361531690	-0.583160
459446627	-0.645077
235312723	-0.434627
217454584	-0.590720
80958602	-0.491769
15922214	-0.583123
23387115	-0.602111
22509548	-0.595888
74058012	0.187425
14275291	-0.918868
1634852712	-0.601466
24184717	-0.459040
62090497	-0.668246
148086041	-0.571020
135931182	-0.575711
119899270	-0.689700
322781751	-0.581473
124062781	-0.630099
62770351	-0.626011
221793778	-0.574654
49194495	-0.564456
484134207	-0.586251
108671959	-0.686461
16560935	-0.643577
16631939	-0.505573
211254250	-0.544808
25668918	-0.604576
250462634	-0.634521
584583739	-0.608553
72198806	0.915642
965142457	-1.585477
1105408002	-0.595759
249674727	-0.510418
96662959	-0.612424
1578519660	-0.605596
1033532365	-0.601331
21351432	-0.613852
1418013151	-0.392025
272542662	-0.625735
860154126	-0.543775
326208966	-0.479048
371887563	-0.658782
950783972	-1.985034
204905640	-0.556859
1393599296	-0.627068
16583468	-0.301002
98017737	-0.493735
235251868	0.138603
2302483196	-0.549542
92071963	-0.585456
1305465990	-0.588527
110545675	-0.628489
334127852	-0.598654
1539300170	-0.706508
2278730858	-0.564896
1075843532	-0.627138
127908221	-0.760800
34438002	-0.544172
249219490	-0.606999
381666107	-0.682880
778724700	-0.538683
311789873	-0.638808
749375898	-0.558654
195193469	-0.635654
894512114	-0.667263
21220931	-0.261251
49675523	-0.642743
342601720	1.812114
33345380	-0.520811
321380757	-0.600007
111632324	-0.348600
615537104	-0.563024
1486445498	-0.648673
21762137	-0.585139
391814356	1.281909
164732631	-0.514237
75578498	-0.471131
1431884516	-0.682627
233842454	-0.634448
326196796	0.473897
246341769	-0.609521
318095351	-0.687885
132278386	-0.189884
33977070	-0.688549
191208249	-0.611793
376527578	-1.574829
2366260580	-0.576127
558895964	-0.594426
380371286	-0.638225
535181994	-0.601049
1372431026	-0.561867
127074099	-0.622063
25226477	-0.629606
19518515	-0.642692
27048645	-0.592595
8775672	0.798675
1607546875	-0.643342
41861272	-0.620167
520950046	-0.661283
398269985	-0.562528
2192362761	-0.631802
2704951	-0.902103
43476440	-0.573781
17005219	-0.599809
534405915	-0.576468
2369234174	-0.603613
36737855	-0.431635
15572155	-1.269053
2310494503	-0.876308
2252899873	-0.586250
229197216	-0.498209
26596727	-0.496675
1363394484	-0.613142
1658254478	-0.554314
1713542732	-0.099481
62543872	-0.545205
1671690367	-0.530063
2318080736	-0.620504
15856366	-0.926789
27886115	-0.625041
288886063	-0.660126
776063954	-0.616271
110050273	-0.580952
15603311	-0.468481
230100284	-0.638020
1009269193	-0.523461
84984380	-0.564047
399112142	-0.548235
18805303	-0.597079
267889663	-0.619798
37497720	-0.480228
1702539968	-0.529915
55440365	-0.644317
73925960	-0.666537
267854863	-0.616999
633825457	-0.720319
133832049	-0.314898
245378929	-0.597281
374161639	-0.540021
24195214	-0.622755
15697940	-0.599593
100330676	-0.578586
230981077	-0.558343
125613253	-0.638835
59558161	-0.594684
1911335244	-0.680448
221508042	-0.461506
235271965	-0.663976
547839797	-0.389900
351266014	-0.708978
1061385474	-0.328559
1176615978	-0.603266
332040130	-0.549691
337785530	-0.615004
20002401	-0.422090
85616770	0.238978
97239626	-0.644501
108619944	-0.515580
1719880621	-0.614400
196619213	-0.639006
339814337	-0.624391
1313165581	-0.624906
345555778	-0.426779
40954486	-0.138207
628760912	-0.632247
77308668	-0.637800
273795671	-0.622253
338883349	-0.599120
242376736	-0.245660
870670477	-0.590147
211530910	-0.668044
17487795	-0.563555
834525002	-1.728722
1301606089	-0.374494
472541504	-0.690647
15350894	-0.484690
190328374	-0.632012
305216911	0.245099
1932363210	-0.609321
1367531	-0.210066
322794665	-0.581060
22242298	-0.566769
403353373	0.053674
430235090	-0.458821
47891535	-0.518922
401955731	-0.634528
1006482620	-0.619103
362654346	-0.627518
1906353372	-0.589154
8162322	-0.551741
49697450	-0.534682
322737879	-0.596236
14246001	1.037553
606101503	-0.534505
1051446626	-0.620395
200400227	-0.769969
430830756	-0.596752
209151429	-0.631595
117661549	-0.467895
301416337	-0.601729
450786176	-0.523757
1399903849	-0.575134
269931179	-0.595388
104615577	-0.477092
61313751	-0.608934
993153006	-0.246127
578069877	-0.538587
324171587	-0.427003
351133674	-0.562861
2188340009	-0.587441
353834752	-0.626817
370076582	-0.608520
18137749	-0.356470
162784542	-0.380686
442610682	-0.628739
91137301	-0.528718
90518536	-0.630706
1068626984	-0.617488
743167003	-0.711435
346885718	-0.672605
1853114688	1.269240
33537967	-0.878444
117432541	-0.586687
1120582274	-0.411738
163209579	-0.619846
360436349	-0.636032
153944899	-1.255311
216355557	-0.578128
15727317	-0.382710
27302870	-0.479366
31006603	-0.573860
27688281	-0.498725
15210284	-0.564568
32537213	-0.623120
323511585	-0.540487
22669526	-0.697676
235591153	-0.642201
545501375	-0.661052
234024969	-0.268159
703640660	-0.577427
860733170	-0.560699
247850985	-0.609424
42913132	-0.582436
19693903	-0.655864
9300262	-0.605708
890904109	-0.698343
148021006	-0.587652
1917347892	-0.563252
318711662	-0.685617
333663029	-0.620534
551698752	-0.554574
1058345042	-0.793691
343588320	-0.607437
1462357878	-0.662997
614706394	-0.610860
250719718	-0.587574
143489158	1.409108
237504609	-0.637848
256178459	-0.633278
1601370486	-0.638078
1262623074	-0.585398
404226735	-0.749371
7713202	-0.359264
76452765	-2.017450
1143929599	-0.620554
14125897	1.626458
2268031692	-0.641335
1077121945	1.139894
113420831	0.084483
2236668625	-0.498658
714409014	-0.539080
415780303	-0.691832
449795350	-0.572846
193614775	-0.645627
77664666	-0.556997
11883722	-0.526612
1691191704	-0.486459
28238988	-0.603643
7597712	-0.544750
1022263688	-0.592026
799658150	-0.634048
430292078	-0.558686
232992031	0.083141
96800896	-0.638591
1331884178	-0.575469
397430607	-0.422698
1484301392	-0.471779
348857253	-0.602633
2301967142	-0.905954
36117128	-0.691192
41445718	-0.490675
15584433	-0.639062
14135426	0.168765
254226686	-0.581606
26977568	-0.606409
796737758	-0.686963
741061716	-0.582611
317630465	-0.687442
1080602371	-0.592292
144189766	-0.646362
128235400	-0.554738
91744236	-1.499523
474451843	-0.433330
18579364	-0.653143
40367637	-0.619138
1974399272	-0.622131
171598736	-0.433147
40523440	-0.578632
2238098360	-0.538101
25168293	-0.462859
16804072	-0.377679
349379430	-0.543858
25755336	-0.594587
68198447	-0.567544
1449407450	-0.575785
593718490	-0.600164
53725673	-0.661445
263414131	-0.671041
2207375216	-0.521681
205420257	-0.627388
403639485	-0.669689
17633159	-0.358147
619541619	-0.667547
449959102	-0.590977
1909542326	-0.611295
21636248	-0.571822
31210583	-0.565767
488127904	-0.540758
416644656	-0.603654
1526488393	-0.576548
1849400233	-0.572321
1237156340	-0.587002
930234066	-0.557086
66209943	-0.593791
94366606	-0.560817
1120550322	-0.594543
46724483	-0.585860
309267226	-1.066391
1656055824	-0.614206
407039290	-1.878961
2304223555	-0.541941
1531521632	-0.482553
47892311	0.750432
186506052	-0.534394
931024693	-0.604082
631648466	-0.735978
255829884	-0.588209
93950784	-0.642441
16099657	-0.616413
327798242	-0.620239
1592481150	-0.611351
1055730738	-0.505261
48115928	-0.595826
247334603	-0.467054
1173237842	-0.595200
1339931490	-0.435309
248699486	-0.599465
49045755	-0.545353
289530036	-0.636371
19612749	-0.550361
78387677	-2.264403
765038167	-1.128940
252115520	-0.569974
2412155161	-0.603924
51241574	-1.688057
56763589	-0.617552
76381104	-0.527387
572061403	-0.636426
209787354	-0.520889
407323365	-0.596034
237299871	-0.315301
378636572	-0.474661
248252582	-0.609054
17111550	-0.414082
18967498	-0.675935
254557147	-0.652527
531596035	-0.668482
1396846357	-0.700790
249327401	-0.666692
334965470	-0.559690
156975310	-0.531410
370467757	-0.614143
277750492	-0.657406
277107570	-0.563548
24300215	-0.510604
50634125	-0.553652
254189414	-0.660383
234469322	-0.704390
186291444	-0.598067
1512666349	-0.526597
450708486	-0.666963
1729693597	-0.541578
161329769	-0.602285
21346197	-0.363171
424263083	-0.662140
244268646	-0.686762
1571660059	-0.542179
215909539	-0.760122
277193651	-0.580282
18217624	-0.905874
403539769	-0.734944
119162694	-0.546917
270017791	-0.439915
41377639	-0.603504
254859330	-0.635130
69715433	-0.514477
1265860620	-0.638025
448077090	-0.634612
125984383	-0.627228
123421771	-0.454475
49316020	-0.614904
209598477	-0.506778
486380694	-0.558258
1915752144	-0.608122
1602221707	-0.555473
261263905	-0.612043
388958868	-0.600188
21572351	-0.285194
972323274	-0.475036
199325935	-0.477981
594870776	-0.460870
121537837	-0.521880
337932925	-0.626127
1246599554	-0.576468
243502423	-0.649387
485264526	-0.606976
1705042116	-0.500376
124196924	-0.652555
14124614	-0.624886
123934875	-0.533339
998576058	-1.051561
405034710	-0.670585
245451804	1.239868
287269659	-0.558952
18909919	0.952301
411766612	-0.539159
402719755	-0.360601
1556371026	-0.198284
25198840	-0.515094
856549532	-0.646381
1551310284	-0.686756
425565585	-0.536696
24305421	-0.573712
217137252	-0.602901
216881337	-1.259887
534599939	-0.520103
22097192	-0.514019
16100318	-0.596396
49986081	-0.589094
24509586	-0.619093
620298978	-0.514244
225326840	-0.392041
26637348	0.195892
29766367	-0.403460
896620178	-0.596707
267781214	-0.453600
405134921	-0.536195
5031151	-0.450743
108052596	-0.621068
182815759	-0.519908
88784440	0.213472
976404032	-0.665956
1326751968	-0.591848
308563367	-0.596431
492480327	-0.660939
1674501806	-0.681855
326210627	-0.627589
28423263	0.167814
46499643	-1.424497
15448332	-0.550144
946114207	-0.487634
19891260	-0.697816
15769734	-0.615681
1058717720	-0.312471
241207373	-0.255476
409799018	-0.642812
1932803906	-0.679246
293459696	-0.612615
156029105	-0.486793
240385577	-0.469436
16256269	-0.702550
314335929	-0.485675
131149247	-0.654686
121656624	-1.118990
9624742	0.160000
589070172	-0.632493
263975503	-0.404664
18056015	0.182969
959687432	-0.575435
49453870	-0.514593
425889480	-0.577755
1228070911	-0.603334
905020056	0.159466
287811065	-0.590000
21643972	-0.575198
15710384	-1.354385
14669951	0.722293
613404995	-0.565180
1002313952	-0.552415
15458694	-0.370592
110420252	-0.660679
246447524	-0.627550
279634424	-0.616031
539866149	-0.682701
59704563	-0.663512
1120931132	-0.629379
18480494	-0.656217
237129990	-0.595930
291676686	-0.661880
338811841	-0.767822
192041694	-0.575527
1308601632	-0.564192
2417754469	-0.601525
19543987	-0.667132
80473367	-0.558542
234374703	-0.721581
409522947	1.478452
235660311	-0.815158
51284800	-0.656246
3913931	0.089313
1736053987	-0.650631
2367536538	-0.497323
288295387	-0.572893
16739711	-1.205904
173363468	-0.658876
362597648	-0.647208
37982748	-0.667025
48425512	-0.622537
270182385	-0.571205
454060961	-0.612644
23220731	-0.574110
986188543	-0.567230
2377621136	-0.654182
1356966632	-0.709403
1469869638	-0.678185
1385871187	-0.609556
252249233	-0.371648
188194323	-0.575283
919804596	-0.656573
438040565	-0.606086
16705010	-0.640588
874694125	-0.516453
25915690	2.153649
337122716	0.625048
510516465	0.390197
225988631	-0.496156
241771567	-0.694402
223360975	-0.661146
779118265	-0.585201
575766234	-0.588518
1069918782	-0.616082
1080732656	-0.489931
210926192	-0.398778
586032653	2.432293
885789362	-0.597349
233238234	-0.437947
21542518	-0.347851
2394285656	-0.568288
15116570	0.150575
24735461	-0.579890
33622411	-0.598921
275098108	-0.628540
26122639	1.734441
16348437	-0.672060
115488968	-0.667625
23365717	-0.637444
218206502	-0.613417
1365631760	-0.580027
2296636404	-0.584847
20397563	-0.588708
195790079	-0.598389
381413722	-0.663488
23578274	-0.613192
566631178	-0.600720
11348282	-2.182948
24795163	0.572447
198323147	-0.586163
2250858631	-0.581313
954172328	-0.660128
278433367	2.258293
99949940	-0.631399
43955137	-0.627779
262424195	-0.498647
39793961	-0.549623
109280446	-0.628122
40057701	-0.418648
780383160	-0.601793
437741704	-0.672168
242892689	-0.616088
471606410	-0.716242
1210072844	-0.636079
950328072	-0.555202
167699332	2.215196
18170310	-0.376227
1539064994	-0.640771
250736913	-0.495038
232127685	-0.626110
165511812	-0.613941
360893245	-0.675200
613725908	-0.850754
360338075	-0.631228
59568948	-0.586009
960696949	-0.164409
22946355	0.011575
582475251	-0.499459
516642662	-0.625200
16814879	-0.624248
195019882	-0.687878
215346722	-0.642703
261918703	-0.353024
1089334250	-0.536206
206428391	-0.691719
126632552	-0.522635
285737815	-0.572871
21509894	1.184057
240760644	-0.805744
360427514	-0.683285
377773483	-0.509393
22265452	-0.593479
15012486	-0.589587
12788332	-0.555791
253016264	-0.607494
791002021	-0.691793
1031118500	-0.601550
80612021	-0.735116
103727818	-0.712532
1222283971	-0.554730
359596838	-0.640296
2194801027	-0.637828
61250271	-0.510097
24392175	-0.607517
248004920	-0.453878
19139963	-0.654641
2241120434	-0.564956
23970171	-0.441700
52537790	-0.571046
176260948	-0.397928
289374103	-0.624669
1057859527	0.221735
624753464	-0.645845
242873057	-1.295573
260760840	-0.594135
978690895	-0.592218
18294521	0.383778
1377700518	-0.425153
119527861	-0.723427
151589736	-0.627033
1143060714	-0.650278
300430043	-0.603437
39424870	-0.619589
1965801554	-0.626946
234053893	0.084127
394272456	-0.634785
34402366	-0.588537
1222684418	-0.623636
123150166	-0.547138
272520742	-0.626935
743694942	-0.573503
6794502	-0.626497
17525171	2.058227
7402662	-1.806483
62330632	-0.584683
274824692	-0.533991
21797269	-0.673822
59888738	-0.522413
16469463	-0.066892
28969421	-0.551204
7334402	-0.012784
104797238	-0.501838
17074440	-0.867930
790097610	-0.651541
1316483802	-0.658947
248791332	-0.644325
34238458	-0.551892
2252607128	-0.489586
1380763326	-0.561896
15297551	-0.594855
1921776680	-0.595152
360804642	-0.620797
308664726	-0.545512
385288144	-0.654445
16129920	-0.366337
28599820	-0.182389
91179070	-0.562804
717888988	-0.588579
148348430	-0.588854
20495104	0.984429
277008614	-0.626248
73303753	-0.460655
267339368	2.072081
330816212	-0.570980
168502762	-0.440942
33655490	-0.434856
588237779	-0.568658
251408532	-0.690582
758067224	-0.553696
45340027	-0.548987
84677520	-0.597824
349979682	-0.615683
245136682	-0.614864
427024774	-0.568680
29598035	-0.417924
16031927	-0.425032
30095477	-0.604098
46016028	0.084365
287896740	-0.293203
1488969002	-0.589184
794546882	-0.560716
414068004	-0.649199
220208804	-0.687125
221162525	0.418161
2311117897	-0.690994
29205600	-0.404354
463890972	-0.680392
74302172	-0.609550
1510311302	-0.584575
14764240	-0.305479
26083271	-0.207424
1516670166	-0.530879
20376424	-0.585506
124335509	-0.530342
363540832	-0.583055
417664241	-0.468358
14354562	-2.284074
1277984012	-0.593639
252819642	-0.519837
78966155	-0.614406
272019676	-0.600245
17750784	-0.620685
425489816	-0.705874
122719755	-0.606659
65919935	-0.515970
33205490	-0.605776
2316645626	-0.644862
70590748	-0.357415
37094727	1.571173
317193393	-0.671305
473401390	-0.686537
240327228	-0.545044
312435184	-0.575203
155680896	-0.560369
14293310	-0.012337
1243902714	0.601864
1915916724	-0.708238
122146840	-0.589549
20209807	-1.572451
238861711	-0.540615
538416721	-0.661298
191728014	-0.642950
2358445766	-0.605545
18317325	-0.634192
1852444146	-0.705726
47614124	-0.678611
1187949900	-0.459366
35758513	-0.493759
1345850192	-0.665812
242836537	-0.313119
305818200	-0.630023
439596778	-0.657246
592019654	-1.031259
19877680	-0.429869
14511951	-0.276217
600737301	-0.638784
830918346	-0.626449
702460382	-0.464819
42734224	-0.588954
311165745	-0.633821
393603441	-0.552934
216481299	0.467209
159609651	-0.571449
176896268	-0.619730
324403737	-0.626478
275725571	-0.697148
137407124	-0.524335
122473388	-0.612099
28336822	-0.599714
26677801	-0.637908
236541422	-0.680497
15954997	2.104730
114756202	-0.490629
2251095308	-0.350890
1496512904	-0.679402
416686487	-0.626992
99157266	-0.646782
242761889	-0.822443
88976164	-0.560318
2361890355	-0.603286
122212010	-0.563297
98929990	-0.557443
134302187	-0.601478
50452197	0.130848
1091456496	-0.511556
57931553	-0.595067
18213420	-0.640515
240363117	-0.444416
104631905	-0.591715
158495061	-0.592939
20597460	1.027828
17643209	-0.600778
630802892	-0.449552
20071932	-0.549354
53503202	1.771063
28856628	-0.596244
1571215884	-0.675408
240839950	-0.597213
52052011	-0.546455
225921757	-0.584719
58287227	-0.545191
287545295	-0.331221
30619527	-0.606481
1201520622	-0.399496
94103877	-0.564861
44117460	-0.606371
63749707	-0.656866
15035209	-0.435745
250188760	-1.005641
270370405	-0.535399
1071102246	0.316893
939621458	-0.603432
787373558	-0.092228
1190825605	-0.643766
1689821791	-0.486647
325804079	-0.589510
123282266	-0.503825
373011304	-0.625874
611886875	-0.507998
16557756	-0.656093
441425863	-0.622985
1463550048	-2.141240
21269970	0.350812
39793438	-0.559101
159292313	-0.557856
1884324084	-0.579586
23536035	-0.711665
728565668	-0.635472
1382011333	0.379884
1279783315	-0.891345
22507324	-0.530440
53420694	-0.315537
2288502470	-0.656585
1149312193	-0.618597
1357793240	-0.560180
25768647	-0.603825
234822928	-0.228585
376477453	-0.556738
384913290	1.271603
8953122	-0.602899
65453528	-0.573506
422964271	-0.646434
1911879768	-0.547771
224297637	-0.688754
22081190	-0.636196
1327675195	-0.632013
1186874899	0.143996
87055347	-0.492861
1352594924	-0.584470
20517132	-0.488389
114607567	0.300462
78941245	-0.555243
19929362	0.979855
71281860	-0.527883
868637460	0.018913
35829796	-0.553653
18811140	-0.076134
424522799	-0.655564
112236901	-0.657808
196147086	-0.642816
15159913	-0.569530
330001961	-0.565676
18030431	-0.516186
220765205	-0.551200
1076928920	-0.536423
50552213	-0.625297
93575832	-0.541354
1394549060	-0.628140
254310640	-0.545205
1444380402	-0.627759
15417358	-0.583480
299802435	-0.568891
18548136	0.295966
49782398	-0.402110
108052620	-0.452928
584351142	-0.548454
273098660	-0.595638
393585626	-0.682710
83932732	-0.528046
1406277577	-0.547718
1117009244	-0.611009
14173315	-0.157668
1901113928	-0.620218
608182396	-0.471518
18732816	1.063907
443265529	-0.654586
1155212191	-0.617723
1431823160	-0.706151
63796828	0.779416
47468096	-0.504237
935398104	-0.570179
193632778	-0.601467
721052064	-0.650858
15745368	1.848989
217550862	-0.542328
320787415	-0.639900
543154345	-0.535655
1510065122	-0.596350
1282568923	-0.618193
19257799	-0.669241
1183912596	-0.549695
456032135	-0.616555
21111098	-0.804803
497551327	-0.552402
237853147	-0.528292
1242109014	-0.567062
180895768	0.555734
21631487	-0.391747
323166438	-0.450614
20608910	0.458755
1138688364	-0.550396
867444085	-0.600622
385429543	-0.165221
889786374	-0.593205
2288373518	-0.614943
29793493	-0.482666
10375552	-0.650041
485139684	1.812374
87318108	-0.682865
143779492	-0.592369
389840566	-0.410676
87714473	2.295067
247420668	-0.596462
174879603	-0.627394
2192766368	-0.615854
20906882	-0.675958
1134292500	0.836528
2337254448	-0.608111
71328021	-0.673792
2230533374	-0.511773
620708331	-0.624470
41634520	-0.038107
1346817602	-0.057163
330650569	-0.605174
15715665	-0.638043
350930593	-0.610782
195070336	-0.604128
281162551	-0.656046
258900199	-0.301734
176135285	-0.668736
2352119654	-0.569181
1125409915	0.836101
485842327	-0.615202
220551206	-0.560252
37836873	-0.682606
935987066	-0.652617
569666511	-0.580033
776698136	-0.594738
221528389	-0.665577
16474026	-0.581050
29751942	-0.591562
32265225	-0.615572
58379000	-1.344022
554109268	-0.582306
372345957	-0.615587
16056306	0.276207
529973619	-0.655591
67906573	-0.664189
15496979	-0.574842
252819323	1.063263
11856892	-1.022772
325040651	-0.708550
64660952	-0.782077
628559456	-0.596051
555845120	-0.627245
280206584	-0.537298
19407835	-0.918156
267583652	-0.673062
1434486529	-0.571642
995193054	0.052573
14925704	-0.452780
610415617	-0.618867
590696606	-0.523148
564908956	-0.474376
313344689	-0.643347
19918558	-2.392131
247517295	-0.597367
50839205	-0.688137
73833569	-0.609593
26820795	-0.620068
1043702834	-0.680420
344516847	-0.602290
1891157910	-0.577263
36738199	-0.409626
1350118422	-0.584531
717905080	-0.613871
452004245	-0.600923
1490306108	-0.453003
10102032	-0.432628
1725039222	-0.716366
254775647	-0.677050
350927143	-0.565340
26324609	-0.566800
17033503	-0.629961
1092248911	-0.687244
32010840	0.758788
23712174	-0.567663
22527499	-0.426485
213182436	-0.477025
1917731	-0.473167
296361085	-0.954404
122770149	1.542613
505932430	-0.583345
15980436	-0.628576
1440997712	-0.588959
192441406	-0.543403
29865139	-0.629709
1422790478	-0.548120
260479308	-0.597611
1025521	-0.467334
130600206	-0.549706
89657363	-0.274259
95602718	-0.586766
1296038210	-0.160502
37461389	-0.508237
1469528666	-0.709179
233601235	-0.649241
456986241	-0.618557
356199275	-1.440629
977369880	-0.670711
952575223	-0.654081
108689270	-0.624765
16803651	-0.556184
283265252	1.465075
1071768498	-0.491891
71358042	-0.637696
83200882	-0.598519
1060860422	-0.589704
1225410018	-0.571112
1710292866	-0.544987
23109966	-0.565463
18891923	-0.412197
27705441	-0.594149
5660532	-1.965124
359950567	-0.446466
131036750	-0.552199
1140648348	-0.364239
983813816	-0.595664
321119379	-0.568558
265529710	-0.195434
159977219	-0.620019
392998644	-0.519439
1072453910	0.138655
524724189	-0.591843
1739650556	-0.628609
1183865954	-0.742038
108617810	-0.090997
468601121	-0.658253
36183582	-0.455249
538086333	-0.596864
2185601035	-0.571677
240840748	-0.564459
249348006	0.020905
1944510751	-0.617507
1532014123	-0.623655
55677432	-1.340185
64651898	-0.608756
169472184	-0.634799
115733549	-0.464246
243413616	-0.475735
137794015	0.288362
427742683	-0.615589
23951197	-0.537905
147487756	-0.630170
380001296	-0.623113
933487722	-0.640593
1360075950	-0.725328
18646108	-0.480437
242068532	-0.614672
112740986	-1.143418
237600102	-0.619164
472632386	-0.469274
38787045	-0.550716
297498647	-0.872463
18043103	-0.417361
333504114	-0.633373
7356562	-0.576843
377237995	-0.650039
1979395855	-0.407152
581275783	-0.532349
140959145	-0.620153
265155317	-0.650936
13491312	-0.514889
450108691	-0.518628
271007688	-0.605723
18161620	1.341475
62354707	-0.668993
97931967	-0.551015
521926535	-0.554150
334320138	-0.505734
423688722	-0.405684
20444702	0.106134
1905833168	-0.645803
21048033	-2.050520
1075666608	-0.406369
1246366651	-0.605893
65146567	-0.580886
91346513	-0.620213
582931822	1.136168
50707364	-0.586775
1310708510	-0.561751
234057152	-0.536397
26051676	-0.614840
95070642	-0.628153
74164455	-0.565966
25214807	-0.562100
873631776	-0.547943
26778110	-1.053400
195955478	-0.557240
1621076712	-0.562329
183637495	-0.631754
33060832	-0.586939
26607712	-0.445404
284296658	-0.562248
562640547	-0.565071
2321775476	-0.592845
2176134116	-0.609693
1031845399	-0.640661
24670782	-0.636810
41406567	-0.675045
1644805254	0.974176
468930111	-0.457888
237944147	-0.975887
930009097	-0.411986
146263776	-0.623448
48354257	-0.585360
34069014	-0.229985
432766911	-0.495589
976579933	-0.443087
525736608	-0.551917
28382250	-1.225220
22262553	-0.606369
193794406	-0.531752
16827173	-0.334078
98242752	-0.510977
1086619808	-0.544758
506462653	-0.585213
340296149	-0.609093
197628846	-0.693849
1939381628	0.686800
1072467470	0.356153
197290856	-0.621697
531481241	0.012415
78403308	-0.078128
305620929	-1.763300
7270292	-1.242791
14344823	0.028951
1232484468	-0.555365
961520071	-0.587733
1060984272	0.241205
770554297	-0.591338
48587305	-0.551532
19216998	-0.613848
457276155	-0.625923
14345062	-0.532334
67776968	-0.702778
1902563203	-0.594703
575385464	-0.556236
38254095	-0.235657
97150206	-0.594134
90250351	-0.618606
10615232	-0.022622
543635294	-0.673437
248718904	-0.623622
234812598	-0.685591
214209081	-0.633311
2362779882	-0.673846
235373000	-0.427097
70156027	0.075861
239964750	-0.614799
180032621	-0.521616
1430814439	-0.582544
24463788	-0.622599
547778460	-0.664158
469674025	-0.626571
515898679	-0.647666
34666990	-0.660035
1925654095	-0.651642
473199911	1.761559
52763281	-0.617792
79022250	-0.548884
431266828	-0.629905
39322371	-0.565177
46807181	-0.631782
15289825	-0.613578
283657826	-0.648522
830430216	-0.630661
20449956	0.487871
169588591	-0.614104
240135871	-0.407479
32007346	-0.457380
251656840	-0.522228
976969338	-0.718406
1388590928	1.186716
24773493	-0.427496
237926856	-0.561207
360191435	-0.620110
174847410	0.468444
50150341	-0.565468
1092757885	-1.670263
23789790	-0.587929
23035691	-0.614298
18632666	0.000260
178229698	-0.623866
1955581326	-0.587040
121990777	-0.565690
612716532	-0.576778
126171100	-0.282753
207317790	-0.561702
11651202	-0.582841
1726999796	-0.628045
2317625354	-0.580412
29898014	-2.098082
25382456	-0.623521
1189735556	-0.667411
22028039	-0.590468
1027156464	-0.387752
105823136	-0.671844
186299824	-0.621702
15764644	-0.229917
237460752	-0.640908
346949527	-0.639934
81021861	-0.553803
68888437	-0.633140
585206397	-0.607788
1122064316	-0.604622
199510192	-0.636508
1625304829	-0.585152
492378372	-0.535760
561628839	-0.607740
373883896	-0.633401
109071031	-1.784513
1347674623	-0.588571
122174004	-0.745685
724658815	-0.316823
365239637	-0.628849
1428792126	-0.570699
234906311	-0.927185
59969802	-2.015043
2308777399	-0.579730
355881289	0.167172
971412384	-0.646538
20641972	-0.614732
615181714	-0.382963
75843152	-0.570750
30045475	-0.578358
157305077	-0.613465
287861586	-0.306735
610325685	-0.661885
253149069	-0.634623
40024874	-0.595228
93552029	-0.538216
156763824	-0.496114
560117034	-0.364865
112765894	-0.420050
1258312562	-0.667633
1655093820	-0.558586
1189780298	-0.617462
700126891	-0.573651
14308987	-0.588749
287225290	-0.643855
2294530717	-0.653586
1071900114	-0.158130
21426423	-0.470346
805777398	-0.576099
1716366295	-0.610487
21619519	-0.136126
22012091	-0.372094
76392970	-0.534492
1262936000	-0.536482
2199888721	-0.669179
1060370282	0.538565
127919146	-0.519164
233557728	-0.604576
2363258587	-0.561342
943501040	-0.653615
1055907624	1.322854
1553746556	-0.663072
573495038	-0.460089
18172905	-0.500102
37202770	-0.615273
359032147	-0.664325
519728645	-0.619607
414516629	-0.589944
337595668	-0.578378
938657858	1.655698
15212187	-0.520193
547174027	-0.567681
90490354	-0.617324
958081542	-0.563572
18008330	-0.377379
321234739	-0.589737
1879871294	-0.589493
575749942	-0.470612
411997494	-0.665773
346030501	-0.557893
180100015	-0.668041
85396297	-0.380180
543822491	-0.606344
164007407	-0.431566
27385174	-0.553214
1228818295	-0.646595
467801778	-0.592109
619964159	-0.622693
31744825	-0.625891
463606038	-0.623816
1154667132	-0.491422
32379396	-0.592542
26818986	-0.563111
18793575	-0.647224
1061486761	-0.619213
1487887076	-0.454758
402190452	-0.583321
498961346	-0.567265
28859894	-0.580849
1883356866	0.426843
5561412	0.739948
429268149	-0.474937
557671006	-0.683198
2155491151	-0.529697
15007149	1.183658
63804234	-0.615141
19563355	-0.624927
54598826	-0.598470
33655512	-0.592677
347877928	-0.661578
73931897	-0.458188
233949261	-0.626492
130274805	-0.538333
282233418	-0.773242
1322558402	-0.577366
26111775	-0.513329
35137957	-0.682235
1128781184	-0.854034
1441675236	-0.507613
2317860566	-0.600497
36588739	-0.625945
267217520	-0.596280
189904289	-0.628740
83195396	-0.682665
1517363570	-0.568702
171813900	-0.482790
302113333	-0.461406
302382660	-0.630888
110445334	-0.587317
136682183	-0.632560
2467791	0.069806
180846791	-0.599675
33027306	-0.620523
93936388	-0.624293
619479855	-0.628464
2254857197	-0.596845
2377726519	-0.546899
1901018683	-0.618863
382791093	-1.915033
227036687	-0.545951
237763317	-0.572994
52989817	-0.359622
45151382	-0.650466
1627252382	-0.611669
1092979962	-0.487276
2181453624	-0.122078
73791927	-0.615476
42760147	-0.672375
19286569	-0.617427
28785486	-0.895720
218779638	0.219625
362052555	-0.641438
20957491	-0.485734
155642785	-0.706024
16441318	-0.639100
91935208	-0.472626
357253772	-1.724929
47412499	0.695494
187414539	-0.594321
30500021	1.761585
220241174	-0.547921
11650762	1.771400
29848453	-0.592793
616965232	-0.593853
22930392	-0.600082
14616459	-0.644990
16187637	-0.076349
211901075	-0.230196
48075643	-0.517831
47544979	-0.563512
30313925	1.961045
564225302	-0.587526
64161351	-0.603150
549438299	-0.727533
1035443946	-0.546863
24183358	-1.253750
1874140452	-0.585767
470126084	-0.639101
530864692	-0.678021
1656884071	-0.639663
819528355	-0.580315
50370046	-0.459267
617382180	-0.519644
382534366	-0.589284
728708694	-0.569816
47402168	-0.634566
1090002997	0.041955
291756142	-1.462771
225242868	-0.558099
44127294	-0.580878
2356356972	-0.676554
85970738	0.146422
252254916	-0.602896
1080844782	-0.577499
379815077	-0.523112
343830557	-0.468327
1037321378	0.380783
631543401	-0.591428
418269619	-0.661513
43050282	-0.649479
1691930744	-0.410957
368914608	-0.672140
5990782	-0.476329
223166587	-0.424522
1849261916	1.517506
74198348	-0.231160
30437038	-0.578990
624927613	-0.519820
996565820	-0.583639
49649077	-0.596520
185684821	-0.606150
93761782	-0.889786
387225200	-0.658317
1265207760	-0.547466
28480805	-0.587948
93189203	1.343871
326043489	-0.642626
89820928	-0.282517
598853747	-0.423540
21786287	-0.477943
56864092	0.396034
14412533	-0.037018
1599284149	-0.644594
1372288434	-0.666090
1959387662	-0.632677
612117635	0.172056
37131103	-0.715589
1468203217	-0.691985
467636108	-0.527693
2293131060	-1.113152
286034058	-0.697877
231898286	-0.706393
407744769	-0.639006
361365479	-0.430862
171154131	-0.567694
253281321	-0.671042
394303189	-0.362011
2305315345	-0.589946
34966987	-0.570146
16130949	-0.611540
2281176661	-0.588286
22417674	-0.430779
39308549	-0.531411
904655414	-0.544408
20618764	-0.536119
386455581	-0.677168
6577802	-0.583819
2314375189	-0.256780
1365881617	-0.524741
605098090	-0.458349
88806753	-0.534119
97368029	-0.559697
1711193490	-0.536520
31285825	-0.563577
249787913	-0.420200
15939889	-0.225193
15918708	0.092819
163570705	-0.325891
1221321108	-0.578966
330583779	-0.585928
1074129612	-0.303779
358302508	-0.557753
48086014	-1.492223
348861268	-0.643719
121171657	-0.620378
384111224	-0.595960
1055362014	-0.628675
15987296	-0.530973
207731256	-0.509755
17530189	-0.492746
396794501	-0.520906
331678866	-0.652720
2163623972	-0.589804
133448248	-0.591241
51943611	-0.656150
117792965	-0.608400
51228911	-0.321856
9855382	-0.397538
378096410	-0.680682
46263050	-0.689157
86364947	-0.443460
24477294	-0.626931
40402146	-0.492804
314761332	-0.642981
13383292	-0.636830
14984637	-0.183811
2360123726	-0.532657
26144769	-0.604704
488297851	-0.603472
23617145	-0.531942
118152495	-0.049343
1023320856	-0.606977
1636639214	-0.635783
303920466	-0.581799
5558312	-1.665481
791967744	-0.700467
108376246	-1.250528
3108351	1.818115
1301328822	-0.560400
2260662498	-0.459617
1469735982	-0.645656
89526574	-0.630988
2287788476	-0.430093
62907908	1.241014
499978095	-0.542712
1025653922	-0.619921
432676344	-0.399871
199286398	-0.636806
22006412	-0.454088
44215945	-0.620822
1497383952	-0.634124
188019606	-0.349842
2242638817	-1.675017
19670455	-0.456955
1223102983	-0.599778
198928268	-0.633171
251728316	-0.667559
703561088	-2.446391
431990191	-0.474114
174369590	-0.555925
60638933	-0.656360
628018533	-0.523636
252644673	-0.671957
1328434170	-0.660904
237770636	-0.583517
233346654	2.407107
71036272	-0.552417
430343685	-0.648021
154233179	-0.197356
43216755	-0.615342
160647819	-0.552255
31054788	-0.532078
593813785	-0.549292
107620932	-0.679097
164707575	-0.620453
1462723416	-0.604778
14597351	-0.385151
1525086182	-0.638990
33665393	-0.637639
310912778	-0.478607
502184923	-0.648175
1444416162	-0.739303
942156122	-0.569932
17544524	-0.621550
328679423	-1.025337
190699396	-0.625234
855057596	-0.677989
759251	0.620792
194536303	-0.630049
18166778	-0.496055
112604826	-0.588402
475294870	-0.582201
807095	-0.586100
325717986	-0.582929
201877444	-0.572390
584012853	-0.474347
1870463754	-1.324623
21144715	-0.653639
1362944844	-0.638594
233693291	-0.547344
336699225	-0.568089
448923637	-0.599281
977560500	-0.536571
809050796	-0.626114
516131688	-0.634028
331268118	-0.589506
27633572	-0.671921
14540659	-1.600195
81919296	1.221246
236118432	-0.490476
387984038	-0.604410
538185166	0.396150
48366585	-0.512342
27274887	-0.540621
85418520	-0.594368
528484792	-0.483854
712959254	-0.513910
384538886	-0.634136
8542882	-0.329838
1609169504	-0.681589
585441089	-0.555399
366228554	-0.473206
158205177	-0.628171
155669457	-0.416848
227088228	-0.732374
594582597	-0.604944
30027177	-0.605116
4389861	-1.296119
297532865	-0.572333
36654245	-0.623845
250710495	1.237401
113214730	-0.578880
22076537	-0.546444
1144145946	-0.595271
110924703	-0.585052
235279028	-0.623402
22903983	-0.635652
185049728	-0.562159
593840334	-0.651355
70799357	-0.629361
254277011	-2.180541
161743731	-0.634538
2205359364	-0.528773
349219528	-0.638533
1015802058	-0.653491
391413865	-0.666445
1408162200	-0.580417
398232779	-0.456166
43963249	-0.384414
22545491	-0.415539
2255274860	-0.579570
362688424	-0.597451
411765271	-0.575501
443681123	-0.565626
61842393	-0.553589
138531540	-0.600249
2369496272	-0.483791
24298528	-0.658502
836709230	-0.572209
161411080	-0.494959
15356407	-0.612754
41464356	-0.555057
5357812	0.548448
276197098	-0.597268
22508473	-0.419352
15715842	-0.561431
2294105892	-0.442597
34270503	-0.628843
16086967	-0.555647
72874723	-0.629634
20468251	-0.603233
49541291	-0.621014
1334517175	-0.662621
342945847	-0.646880
379378754	-0.537097
17120599	-0.597481
399432469	-0.673906
157382927	-0.571101
15522251	-0.636818
1347830329	-0.552415
352643501	-0.658484
751212379	-0.638219
29501253	-0.518875
1556756886	-0.508969
143889472	-0.650743
1872933859	-0.472140
22113371	-0.668631
14730894	-0.560357
136550204	-0.543672
559073634	1.750405
29929730	-0.669439
117197740	-0.671402
556000874	-0.694475
191688736	-0.568769
2234105580	-0.615845
2253968388	-0.642446
304115290	-0.534632
36564017	-0.539437
1008962922	2.438939
1355831521	-0.576490
63160932	-0.668070
80958505	-0.578065
343171266	-0.665790
23632545	-0.635235
247066289	-0.716703
748531489	-0.669214
53643803	-0.654085
25124372	-0.640208
1070943116	-0.614693
224294785	-0.738584
115979444	-0.287716
15380417	-0.654335
1385690448	-0.874421
1058917562	2.044939
247496974	-0.591139
533702418	-0.662611
558831200	-0.544426
20078009	-1.659200
270792742	0.488432
17301179	-0.576318
214179002	-0.632603
109287731	-0.278454
1608892718	-0.583972
1355805258	-0.641475
912598626	-1.416118
24135119	-0.541942
277363853	-0.669025
253654580	-0.653488
18029328	-0.526984
168673083	-0.323303
1550794628	-0.478361
300515560	-0.701200
338553588	-0.553854
79729138	-0.607887
18566912	0.513311
14800483	-0.590119
14617444	-0.625289
47127416	-0.524355
1905298878	-0.591320
1897447471	-0.627463
284744912	-0.606019
1058051748	-0.936900
246769138	-0.255646
15392139	-0.581328
397382646	-0.535988
1611680690	-0.568672
451032276	-0.561132
337752039	-0.680733
15160884	-0.656493
2435410690	-0.583607
1154894353	0.565373
1655680988	-0.550710
14587949	-0.623397
1692578893	-0.727802
85476251	-0.648817
176134825	-0.601539
1049460835	-0.658045
705661256	-0.530171
19028248	-0.306601
216855513	-0.664633
621500066	-0.593770
163586067	-0.660995
1962564906	-0.554319
268496469	-0.640518
389357597	-0.631311
46176168	-0.359670
405785853	-0.604901
598384016	-0.245740
2253990607	-0.637268
109355585	-0.451187
26809683	-0.572905
1262814457	-1.734408
14763834	-0.575056
33530012	-0.455028
2284159548	-0.558106
68281948	-0.613295
201453157	-0.599951
158398519	-0.205157
49634881	-0.643308
245419752	-0.639776
1209417007	-0.571422
536281139	-0.685163
26976860	-0.580692
15985455	-1.231151
16002085	-0.488225
633131271	-0.530174
191923358	-0.694286
1183998762	-0.584699
1915018465	-0.667251
51982954	-0.628290
716563918	-0.483660
860696202	-0.575702
34122899	-0.657316
259950795	-0.666747
121620626	-0.527748
339172700	-0.610602
783749288	0.049647
818586175	-0.593758
124224165	-0.646097
15554922	-0.512163
1469446608	-0.594307
127963931	-0.554991
239949176	-0.603974
376064104	-0.541260
19512725	-0.531077
328258374	-0.611925
298059168	-0.495281
948491592	-0.542352
36394602	-0.623149
14859559	-0.965426
97298155	-0.578853
28889556	-0.558347
451967996	-0.244504
189236855	-0.641287
966442267	-0.414237
1902537799	-0.554727
63787812	-0.601551
1300124792	-0.687376
467823431	-0.258447
288963206	-0.614962
1222257180	-0.350366
14110710	-0.568553
133864713	-0.569037
48807726	1.852745
46004597	-0.501734
220249920	-0.481868
15471838	-0.599667
2364631970	-0.570932
14579415	1.399748
1623282788	-0.455978
514929629	-0.526016
372503594	-0.581453
38516217	0.166740
1686107834	-0.572727
167507135	-0.642932
85606078	-0.661616
153694167	-0.517972
220580561	-0.827520
249222850	-0.656984
76163900	-0.669318
308748838	-0.543452
442824717	0.417460
213207055	-0.598623
934933188	-0.530181
785414496	-0.204220
1931698346	-0.625208
57977498	1.023642
448169106	-0.674398
310608280	-0.615326
1898624934	-0.423627
18205674	-0.257902
317608866	-0.664320
754277773	-0.624519
48117116	-0.513751
1112972713	2.250853
1405337395	-0.571110
520245212	-0.543540
111635980	-0.065061
24299006	-0.598843
1542493423	-0.567510
103335794	-0.568352
627838899	-0.603257
2277763242	-0.438429
24737755	-0.604970
22819917	-0.649223
254174408	-0.646159
358606388	-0.596644
372506462	-0.634003
43273533	-0.553951
586730005	1.291557
125397444	-0.663295
1206306506	-0.626423
36691808	-0.581812
2292332720	-0.600311
22812754	-0.811008
454947269	-0.674737
1545715382	-1.230319
78673043	-0.650538
5741722	-1.001388
318464838	-0.623044
114887629	-0.476800
1540360435	-0.565763
260807192	-0.563562
19793648	-0.526383
16385104	-0.661984
308721230	-0.393771
18915145	1.782437
237814920	-0.588044
159524468	-0.555579
216486007	-0.558537
622198206	-0.676210
15207668	-0.334158
463918261	-0.616602
360605502	-0.704515
963480595	-0.606142
526750889	-0.633031
189986982	-0.346096
481000411	-0.701160
25162697	-0.473332
1071764281	-0.624913
14672279	-0.617549
359133002	-0.623887
265329329	-0.618977
20552026	1.252726
1678290240	-0.566978
345491974	-0.585739
224391627	-0.568289
1051127714	0.141996
376946273	-0.740282
1643415560	-0.603543
1468560242	-1.641030
22797378	-0.547196
2316393866	-0.668649
266830495	-0.485058
1439879557	-0.554435
27136225	-0.567371
28252475	-0.584906
1447399590	-0.650953
31120881	-0.595439
342780479	-0.555862
206716135	-0.554517
260841091	-0.578056
1325640288	-0.560673
139574248	-0.584084
722800129	-0.482140
1357427004	-0.709700
1606703838	-0.642101
2265167642	-0.680512
64022803	-1.296651
991357832	-0.538902
309605202	-0.623291
16742053	-0.575290
1045853744	0.542655
1065995022	-0.615251
49171436	-0.541694
381152398	-0.552141
254032655	-0.686852
1186810890	-0.599217
463132556	-0.411377
1117953943	-0.720968
295868971	-0.612763
17353658	-0.491458
242618658	-0.346571
776664410	-0.239524
222195455	-0.569846
56538228	-0.597137
158397501	-0.556254
30864583	-0.559201
222320264	-0.558453
209833543	-0.651021
122207745	-0.610391
1262557194	-0.606105
1131203611	-0.855044
1797991	-0.391346
95166404	-0.801889
15224867	-1.481416
2203399435	-0.597274
19269183	0.288185
1110920106	-0.619070
44195577	-0.574471
239871673	-0.653982
20545793	-0.568022
64507817	-0.446556
2260579802	-0.621966
1229226714	-0.650309
15324851	-0.669124
801523267	-0.656316
306001688	-0.603374
354493762	-0.663980
22731105	1.129807
390292636	-0.659922
1676771268	-0.370079
84119348	0.836365
246499208	-0.667050
15092872	-0.592203
68917738	-0.587825
235190657	-0.837356
1060487274	-0.493603
2836421	-0.954709
35518656	-0.615312
573916220	-0.570509
1413602821	1.442585
2237923975	-0.656326
249410485	-0.410992
17811916	-0.623626
903320070	-0.632718
432092458	-0.561561
221792092	-0.431444
310347243	-0.592007
125208664	-0.581459
92055121	-0.617497
76348185	0.188098
1055685948	-0.349843
2370786962	-0.628624
2236741645	-0.565919
217543151	-0.590976
520778762	-0.507063
1622931326	-0.673365
349947276	-0.593997
2324036732	-0.603819
16018516	-0.419102
15923226	-0.483984
398165004	-0.577251
2340967118	-0.542248
103949895	0.608326
161344057	-0.570192
1545781357	-0.645700
777390745	-0.561787
991821667	-0.515001
932421955	-0.609261
19553409	1.851608
221496713	-0.542621
135653370	-0.635033
1620243926	-0.604118
55581437	-0.658197
15394954	-0.583759
534680801	-0.539628
34773320	-0.666792
211420609	-0.816738
20635633	1.222960
539485640	-0.597482
21669223	-1.732437
1374923180	-0.563443
594060392	-0.648335
191005134	-0.898657
960962340	-1.460591
299883942	-0.377611
70740010	-0.547364
19186003	-0.545435
1482327366	-0.340260
2305350474	-0.688483
572317065	-0.586221
15964588	-0.543240
378738565	-0.637263
104727439	-0.620247
40750860	-0.541598
186430550	1.177612
1375871708	-0.569093
458393298	-0.614211
602997805	-0.678122
78431501	1.962928
15434632	-0.541997
2282872260	-0.560778
180396181	1.930987
1927804778	-0.549741
944917346	-0.883365
1072382221	-0.550752
95978223	-0.631156
968650362	-1.020171
35762860	-0.709972
55896443	-0.485336
98910693	-0.475343
30216513	0.972544
137381495	-0.408294
16102244	-0.311316
17768436	-0.657960
804861259	-0.514862
30043495	-0.564854
29896465	-0.561722
44177383	-0.324558
400792588	-0.593113
19394188	0.109082
47056405	-0.502859
200870788	-0.471214
295685416	-0.623100
1480654033	-0.525095
54686639	-0.474848
167856299	-0.644486
18822612	-0.243421
239584537	-0.573870
78130610	-0.657320
2330410284	-0.481771
58492046	-0.548161
175131510	-0.554676
234927299	-0.609399
135297032	1.846543
1059240924	-0.331251
22387804	-0.633461
8870632	-0.526921
418078050	-0.630753
1494474121	-0.486384
78569026	-0.118623
15993122	-0.482401
24448865	-0.597405
788006827	-0.599091
32393576	-0.535730
224285242	-1.655510
1058807868	-0.463377
201791908	-0.681337
280346878	-0.636227
346813911	-0.672576
25086658	0.504027
51267980	-0.624085
23121519	-1.375342
248852820	-0.557061
20469722	-0.621345
472263579	-0.619627
195271137	-0.180212
1694503231	-0.573389
1408518626	-0.568819
598123678	-0.622516
137068935	-0.572605
542842941	-0.614588
1925431584	-0.684713
757372008	-0.677720
621293247	-0.677870
17680840	0.939360
20733972	0.952108
71070614	-0.590801
14389132	0.844269
175102610	-0.282994
5692662	-1.805188
1068470480	0.417731
76350004	-0.610267
393821580	-0.461687
198963912	-0.656252
15675138	-0.469967
1412998502	1.358681
199317006	-0.044976
845711293	-0.661557
319529691	1.442058
40526985	-0.668865
1443203875	-0.703824
474326839	-0.675593
85353299	-0.620426
19151741	-0.596749
47632905	-0.557909
208692908	0.031436
17848544	-0.383024
59771400	0.508729
344109654	-0.590067
1252129242	-0.598028
14129299	0.135746
14216438	-0.565855
813286	-0.196870
132201224	-0.711622
452413225	-0.585054
154139987	-0.971507
24742936	-0.527239
1681848204	-0.572615
1242946140	-0.703650
404132211	1.409860
1058460818	-0.392270
316819997	-0.676358
61906286	-0.538184
383393464	-0.622209
30930019	-0.618001
248735463	-0.254523
357580948	-0.663645
71294756	-0.257184
1332628436	-0.629504
15639642	-1.195528
26513860	-0.504009
1602752804	-0.642762
490535112	-0.578496
356390382	-0.548265
1920537577	-0.594520
198526130	-1.188392
497546508	-0.661257
148565166	-0.408552
1540496365	-0.562527
19824430	-0.371980
575344793	-0.588384
1115633996	-0.601130
1007065914	-0.583192
17340186	-0.308470
118540429	-0.639841
166536928	-0.500871
1347436638	-0.696244
161791703	-0.400454
1375646822	-0.608171
40466049	-0.669536
1422126799	1.002233
990635636	-0.575796
378547255	-0.669240
1326498037	-0.616871
38465240	-0.676902
19245431	-0.517656
28176898	-0.712930
280913598	-0.637366
281509650	-0.625570
344033052	-0.238162
2264976900	-0.686986
576268700	-0.626178
1340326969	-0.657323
568151409	-1.197799
44682276	-0.588480
589425352	-0.599632
85342505	-0.619954
40750718	-0.649518
2312281051	-0.669243
800162478	-0.650244
6092972	-0.669444
29157809	-0.528190
7900962	-0.340945
461301890	-0.531095
1023294366	-0.651632
176646411	-0.684638
286363562	-0.640152
237862972	-0.588198
237312687	-0.633768
26316100	-0.586568
1611064304	-0.572523
16298388	-0.337367
218357036	-0.559904
457733782	-0.742682
557050706	-0.609334
80111837	-1.274923
1120298527	-0.553552
1337252017	-0.596437
39510422	-0.125857
18696134	0.177782
296925880	-0.560555
5988062	-0.392999
293254420	-0.689927
234014087	-0.656132
577609337	-0.650408
15600527	-0.680129
2245220154	-0.516949
15555056	-0.606570
18221712	-1.831793
1658898042	-0.707372
15948219	-0.698451
359222643	-0.498695
19312039	-0.695614
308852834	-0.536851
1580451673	-0.576054
291551843	-0.516166
249339682	1.160950
751806494	-0.629450
27242307	-0.611746
21157904	-1.973275
540241441	-0.657608
517911880	-0.561924
626001129	-0.602390
109274506	-0.817035
15008539	-0.494400
20467163	-0.253826
15762842	-0.593821
858111194	-0.601361
42638402	-0.555774
257658885	-0.602260
1362806395	-0.662791
1655816936	-0.558233
14857525	-0.439610
22523087	-1.043704
2196548623	-0.640305
563844379	-0.666303
97171189	-0.612828
11134252	-0.592855
1662929678	-0.585938
1073212812	-0.534534
1733849666	-0.624160
17997831	-0.633676
72129678	-0.592781
17992453	-0.645138
32774989	1.382364
122183484	-0.589556
9508922	0.896179
611834439	-0.453895
1305481388	-0.509098
197307435	-0.562647
1931992778	-0.549431
89193992	-0.061417
1920276091	-0.613753
506033683	-0.547777
1335517206	-0.239661
140519774	-0.313033
537156670	-0.641219
145292853	-1.332764
1104083418	-0.682763
38039087	-0.654587
117197307	-0.584528
1157543414	-0.634778
119250381	-0.489518
270067927	0.374509
47470008	-0.566741
133439172	-0.130051
31122582	-0.057106
121469977	-0.585344
51535196	-0.649279
1214475872	-0.653172
106591004	-0.587091
37766935	-0.555399
180197930	-0.689123
50325797	-0.009743
731524644	-0.560704
2739461	-0.637602
276763538	-0.756109
1117326481	-0.614476
237348797	-1.079448
373326597	-0.654575
156300451	-0.617612
294965312	-0.570882
317407076	-0.622995
168830539	-0.556331
1722842137	-0.590748
24913074	-0.576669
1009921273	-0.632247
165533941	-0.544586
1905156690	-0.591055
429181880	-0.607549
1623308912	0.609020
224320485	-0.553746
19253918	-0.716054
1356531588	-0.650841
17291452	1.061702
372315769	-0.645157
1693751167	-0.626141
278005891	0.135603
286799590	-0.634103
52503751	-0.123959
511079500	-0.535210
21910246	-0.583161
15602331	-0.639312
20245031	1.774867
30673492	2.022368
19739126	-0.675211
114299101	-0.704700
27676828	-0.751850
2297176518	-0.594603
238314303	-0.594813
447277172	-0.635593
5392522	0.844239
26424123	-2.073026
1350864440	-0.524357
569212271	-0.680297
242555999	0.396697
390522985	-0.639124
315992993	-0.677236
31350534	-0.691327
806186582	-0.548403
356881780	-0.642810
49057566	-0.639855
22509598	-0.521833
550401754	-0.074247
537063930	-0.642567
975200486	-0.668608
1935184730	-0.534719
148453195	1.471208
1137600571	-0.585620
516880804	-2.189209
85634199	-0.586107
1096507650	-0.581080
21419440	-0.459582
17750110	0.760155
470703779	-0.517043
15361570	-0.329901
633855519	-0.526401
204881923	-0.542523
213634439	-0.567557
385188446	-0.579099
33576489	-0.355551
1157424444	-0.619057
230720547	-0.608497
1877628114	-0.635373
127870840	-0.128441
1267462094	-0.596624
170767454	-0.571489
44209472	0.496329
24745957	1.072655
841342315	-0.609847
470366309	-0.648881
47736933	-0.504972
8128442	-1.047224
245905555	-0.591824
77017567	-0.570699
177974542	-0.573838
1431454158	-0.591279
21333396	-0.559775
2321129046	-0.610110
932446728	-0.533889
19576571	-0.553715
247596046	-0.654222
19912734	-0.657389
614542142	-0.555215
233724961	-0.528957
1001025787	-0.636573
65082057	-0.660797
183212100	-0.577963
17800215	-0.731813
63753027	-0.546511
351109901	-0.579490
158290255	-0.478934
234837632	-0.627629
345261756	-0.649614
14849664	-0.420268
9532402	-0.886718
218267731	-0.520728
753647880	-0.361314
555593757	-0.498532
1653370998	-0.607297
41017380	1.024390
17282256	-1.297761
293131808	-0.536669
49969221	-0.605115
1596947036	-0.564905
377702207	-0.398347
108323434	-0.648281
886946899	-0.655113
435877117	-0.606192
123667924	-0.562227
1644734071	-0.542474
297940478	-0.651559
708309848	-0.549141
34340464	-0.647873
15918353	-0.574810
425527664	-0.673091
168666357	-0.650529
1521740594	-0.628587
278124059	-1.809908
115754120	-0.558038
15281676	-0.665476
85634177	-0.529052
