286898862	1.126482
266772387	2.115363
1226281657	-1.395616
1969641703	-0.280394
1624698122	-0.299090
10025982	0.021530
266133081	-3.460828
2175130770	2.474370
14809189	-0.863178
16669075	-2.887279
109025212	-2.765537
31128529	-0.205761
414774285	-2.485712
39803436	-1.202446
3135241	-4.349629
294959299	0.819368
116748080	1.903514
148006729	0.080652
209792690	-2.529880
202206694	-3.728446
15029174	0.460262
65433355	0.595771
35081819	-0.995801
36686040	-4.531615
851120473	2.437153
21941446	1.765715
121841737	1.255038
236479311	-4.417038
915781920	-1.008276
265993392	0.300914
78408666	0.402515
292990703	-4.318901
1581759588	0.016438
1444015610	-0.274076
2258783241	-1.559950
301081520	2.454937
1437466362	2.476877
84129740	-3.085408
344525024	0.612244
156075520	-1.916370
1387919042	0.185479
274255909	-1.476352
1516830966	-2.490025
142721190	-2.904186
46557945	-2.258675
22812434	-3.219923
50731463	0.672117
21950364	-1.688933
63169388	-2.926327
381874511	0.425269
1954751917	-0.215764
20113797	-4.437738
77839894	-0.514730
883557414	1.990961
60801758	2.149292
1080509366	0.206561
127894579	2.253937
29610442	-0.834926
14634720	2.241984
1646054551	-2.191296
18289929	0.957276
20015903	-6.021028
223523798	-0.401601
919927722	0.106219
1699808366	2.478341
154699063	-1.507426
1283908939	2.150844
1621009105	1.550636
66369181	-4.827238
15014405	2.196864
618586017	2.453486
1061006802	1.630316
414543577	1.712069
452344217	-0.705791
18277655	-6.113168
57751453	0.517958
137571771	-1.498545
1281503318	-2.466234
1697235505	-2.369075
180142423	0.621711
267938462	-3.115833
16517357	0.781685
56653367	-2.124962
15976697	-2.510442
625296182	-1.606452
547416793	-0.438903
271593651	2.356547
833990756	-2.404795
50128726	-0.605524
439049326	1.615639
85778445	0.902432
154648736	2.097604
12298112	-2.005097
1461162020	-0.156298
733751245	-1.264469
234937222	-2.888370
249288197	0.106842
784971582	2.071636
1535579558	0.679246
47975734	-5.495734
317216233	1.587763
37920978	-6.480499
364415553	-2.443352
16336478	-0.635304
271552521	-0.234161
2245423891	0.359472
477583514	0.215897
506091865	1.071233
236899846	-6.062681
14529929	-4.050426
1127447660	0.505689
1716914930	-2.381094
219429281	-4.141172
116141817	1.748408
133429379	2.009691
453698931	-1.990507
2286252732	-1.419327
1964821772	-2.472345
58228306	-1.595916
1183811947	1.973695
703759688	1.473194
133022865	1.075443
401989810	-0.688510
502440556	-1.579900
432771620	-0.101377
492616846	-0.711026
600991865	-1.238561
5496932	-1.574036
207116000	-2.083586
271958454	-0.681359
399502932	-1.258148
259834782	-0.189623
562618381	0.631121
80403646	-1.358519
1037084538	-2.141597
180389279	1.211264
323239103	-0.705034
487067075	-1.747424
242993672	-0.879997
462033343	0.648270
399170640	-1.143911
63506775	0.333635
1075551668	0.994932
31611298	-2.793141
191496735	-1.390288
301090775	0.832302
305145458	-0.139137
181101417	-2.177526
281540744	-3.064838
19201438	-2.473801
1255785854	0.402555
1497534576	0.341412
190160433	0.509551
16062766	-1.686097
303861808	0.659525
496786334	-0.681067
36777778	-2.338447
330938673	1.579858
148333607	0.179624
1410590874	1.423711
1002244244	-1.536409
15075753	-0.485798
426694458	-0.409779
18216752	-5.801687
56440142	-1.175701
454953162	-0.801741
713463571	-1.023143
240376522	-2.890272
18724011	-2.066213
126644609	0.344973
38067927	-0.663381
19726613	-4.660420
608902626	0.504749
20880535	1.474575
153919023	0.320268
887385018	-1.221481
13218102	-3.875270
17896154	-0.779767
452700445	-0.718955
339852137	-2.476926
1652541	-1.019994
78369108	-3.743299
2178860358	-0.871624
377591325	-0.893285
116518445	2.252133
308276891	2.483859
557806506	1.357530
31801993	-2.903930
1447467186	1.320505
831933780	-0.242889
1237704769	2.169491
27311044	-2.007381
1328123624	-0.365823
34932854	1.540965
85898279	0.989107
1480218668	-1.868388
305389392	2.309101
29584150	1.136490
162069635	-2.322950
1305596696	-2.559756
323863880	0.995494
249814580	0.344662
29293808	-0.733231
116534252	0.399941
193076432	0.090017
1463325120	0.193370
1117640744	-0.609061
1686565519	1.937784
428333	-5.145061
798420806	0.645974
224766531	-0.255074
39191258	-0.574012
891678516	-1.054068
435983624	1.002816
24045931	1.505218
433079096	1.781076
1090009730	1.822596
886042746	1.856675
325830217	-1.984205
36126319	2.323549
54446722	-0.416211
63502107	0.503729
479674626	-1.760672
268007771	-1.870030
254805061	-2.020349
1541893820	-2.505223
1458461443	2.470149
16054728	0.226837
18622869	-0.243253
1665719612	-0.495482
22055226	-4.005489
1503451620	1.771541
2314336918	-2.408034
21321475	-0.855535
480056408	0.527612
54606494	1.960522
1374780043	0.854871
1403429444	1.932869
456911539	-2.140099
1020058453	0.945991
151200240	-0.257623
189910408	1.809826
74895491	0.459502
1023236538	0.605244
497535334	1.700904
886986138	1.370987
1912048351	2.394647
1959864463	1.522037
30050899	-0.158813
823801824	0.964235
20841089	1.779280
62387220	0.140891
19658173	-4.646014
237750442	-2.715417
581141508	-2.832872
201079432	-4.991195
756285384	0.239143
1647266078	2.383466
1263944875	-1.178786
82649553	-1.330564
759316808	1.478429
24260994	0.190891
718468320	-0.419119
75927706	-2.470778
198523967	-1.802292
2203931420	-1.936107
72831557	-0.481213
195042501	0.764201
26459660	0.876795
1572830660	1.968001
17513304	-4.692931
1222580420	0.237160
32135704	-2.461386
360080772	1.596216
22528309	-2.938056
1132232611	-1.752024
1155335864	0.858908
397584127	-2.276976
205886080	-2.372956
2221362486	-0.093233
67738195	-1.136527
788081918	-1.230081
237019973	-2.236612
160919506	0.654440
233601728	1.243314
408105171	-1.443120
586045941	-0.791862
26194384	-1.214686
441040701	-0.506545
1730532331	-0.802496
2374720591	-0.185936
18496709	1.286985
177028305	-0.850754
19616327	-3.488666
137084996	-1.624330
425286290	-0.039580
253100055	-1.625971
257170128	2.471215
17065503	-0.200821
30823752	-2.014878
555473643	-2.080773
2385644521	-0.512253
1636291356	0.005346
240812994	-2.075360
1693373094	-0.002863
740417436	2.204530
18873711	-2.302695
18678924	-1.767237
2196576859	0.144922
171693939	0.386287
300013543	-1.771772
19865528	1.930313
15428227	-2.234501
455041792	-1.648614
19808819	1.427873
417393341	2.207639
587783109	-0.372345
1738425180	-1.902096
28008943	-2.483523
411526571	2.104448
269893425	2.038901
558769636	-1.828599
136471166	1.231686
131791939	1.700653
631876809	1.039774
2178681566	0.526672
1827782569	1.026555
332340557	-2.286599
2168350939	-1.310863
346045240	2.040102
2309440500	0.873289
284664892	-2.264194
96386080	1.412451
1925656796	-2.077713
487906127	-1.499939
27675227	1.753610
22831059	-5.630299
230761725	2.106621
75785294	-0.844307
939091	-1.903173
61046743	-1.930013
462285708	2.338857
265639238	1.094065
115166212	-1.765009
236480864	0.975529
2375722164	-2.418478
22698090	1.178145
222721984	-1.478158
89814216	0.241267
180287231	0.272044
2340869731	2.243047
347395654	1.717682
2291373043	1.057156
716984711	-0.864863
44478497	1.988749
851621377	-1.208146
54412900	-0.274701
16703058	0.951551
32789881	0.319771
231510077	-0.775272
1977097572	1.019619
7350652	2.135791
271985168	0.244269
132345883	1.879111
356291170	-0.644058
2409239300	1.502473
244526889	-0.732325
16030518	-1.394667
47747074	1.616080
18916432	-5.940895
117974827	-0.103936
57860368	-1.135029
18943752	0.342940
1032703770	1.070648
325691585	0.461006
295805574	0.858377
25956294	-2.260479
20563979	1.233718
2179040628	-2.205470
1023872718	-1.578075
75367781	-3.364291
1172636797	-2.405944
472587512	-0.405193
415981838	-1.981915
21693764	1.121612
1852819452	1.407854
221614578	-2.133084
108083058	0.519931
1849074780	2.277104
1613159058	1.823259
15751083	-4.521469
234022257	-1.576839
373311804	0.914788
2161486428	1.525104
857748156	-0.160381
19926675	-3.766975
26265640	-2.230904
518644221	-2.929214
1548079500	-1.982496
2322307531	-0.019753
229592356	-4.489152
16789970	-6.310343
624186253	-1.954982
1602268826	-0.014779
39279393	-1.938746
75398827	1.728256
377534571	-0.446920
1718400349	-1.045609
351149827	0.305079
278145569	-4.052411
1328762540	0.398747
1092750030	-2.145909
1452476780	-1.604064
240663096	-1.896244
16614802	-1.091208
364564017	2.086824
18244206	-1.080604
747876121	-0.232942
16930125	0.335566
1626115357	-2.364961
18863927	-1.812787
292935209	-4.642992
2329092852	-0.871233
326551457	0.506478
701303623	1.469920
59281449	1.292798
14774189	-1.541736
538121732	-0.057345
703301119	0.607489
1228652142	-1.507311
433791263	-1.846642
1465964245	-1.223359
404542591	0.599343
14398250	-0.116973
93288759	0.876163
193978839	1.813276
17439675	2.304618
29710286	1.648319
1083448909	-2.953765
41750998	-2.126085
2161537962	1.000954
1068990122	1.428075
235217558	-5.182922
236916916	-1.809336
348522887	-0.954859
172662933	0.082001
238264015	-0.386195
18060177	2.477042
1558893368	1.693356
11379362	-1.443707
74960018	1.073625
34850480	2.368828
17906632	-1.356636
1096059529	-3.745027
77418275	0.830243
282775291	-2.325063
368977925	-1.831561
221447516	-2.185593
244985138	0.598607
95509057	-0.202397
398990591	1.011286
110893482	0.981166
130977700	-1.441658
1201824876	2.489563
1860099558	1.532757
193872188	-4.532785
20713061	-3.322743
35998429	1.555724
1884258127	0.958780
21873714	0.652381
14081659	1.328927
1011705054	0.771151
494114249	1.263613
1074101017	-3.533563
123999551	2.282742
249219716	-2.291791
2227361208	1.076130
389759292	-2.120637
1925127612	-0.256825
93723445	0.216911
32506723	-6.003558
325298865	-1.742651
382441782	2.269006
118941676	-0.002981
2184765932	1.899930
2191060944	1.402303
242426145	-3.178109
538646538	2.217333
474232856	0.088277
407053599	-0.235653
455037005	1.606779
1673504017	-1.278317
284601302	-0.780274
18890707	-0.602971
1476337592	2.444993
2256726992	0.829509
54207182	2.353629
1552818054	-1.550672
85916265	-0.483379
75347500	0.179845
228784853	1.668288
17976923	-5.256797
16473577	-3.567707
2205545306	1.160653
255876732	-1.371949
1898897300	1.393842
1109679128	2.443179
422076926	-2.483220
35060071	0.166821
91032815	-0.375177
801084110	0.227516
264221149	-1.990307
126980084	0.315599
178419778	-1.690843
194720228	-1.219740
26305670	-0.004509
60984835	0.342778
864768235	0.381757
1365917090	1.865030
1123683068	2.309262
72405094	-2.185323
1128514404	-1.095032
264494662	-1.266266
1214026033	-0.195485
1198766904	1.236836
40510796	-0.913650
18791763	-5.524723
761840588	-0.841068
38036372	0.325920
1665514478	-1.227211
792608948	0.278542
15941955	-1.668421
279964598	2.315860
26777550	1.570223
16860684	0.068464
467787311	1.882297
248850174	-4.147261
1564956584	0.676363
148041415	-2.185386
153486399	-2.772329
755802794	1.437251
39787282	-0.313950
70587562	1.010255
10168082	-4.119332
460656473	-1.089987
2312501226	0.793609
66774077	1.091726
523397097	-2.224265
38500956	0.434909
260396714	-1.437034
13067732	1.572882
16472624	0.388171
187108150	1.273088
424122984	-0.073940
237781383	-5.193309
193732179	-5.215596
615953866	-0.946707
470654192	-2.489082
27088314	-2.306293
793992	-1.791611
1949611364	1.112586
935033864	-0.901020
546176922	0.021315
1342502834	0.113047
1066076640	-0.928359
1630446259	0.898225
1234286196	-0.338858
1430524482	-0.060820
35013862	-0.683719
1878559962	-0.223208
770448248	-1.332850
2162136865	-0.157060
18820392	0.181695
1870898497	-0.566016
582875320	-2.026738
805188312	1.684510
26841582	0.021095
335476450	0.151156
217912727	-1.558060
76651617	-2.139677
514749390	2.014612
269908647	-0.784609
48263046	-1.460053
23117388	-1.523093
1423715941	0.578104
407584834	-0.278247
138770045	-5.561455
249834165	2.295306
1045110018	1.027243
1963246038	-1.349779
16712666	0.497433
52992670	0.024981
23976316	-3.201945
43108099	1.618748
1075303104	0.182862
156212602	-1.067460
1093441423	0.817141
20621911	2.234983
1536065244	-1.692552
296068607	-1.908549
589869443	1.825414
402029058	-3.226784
2361531690	-0.728989
459446627	1.448408
235312723	-3.900092
217454584	-2.496146
80958602	1.424544
15922214	-5.821685
23387115	-1.116206
22509548	-4.875682
74058012	-0.352623
14275291	-5.679442
1634852712	1.611401
24184717	1.292555
62090497	-2.386960
148086041	0.558049
135931182	1.223491
119899270	1.300582
322781751	-1.355975
124062781	-2.240259
62770351	-0.495292
221793778	-3.533835
49194495	1.183670
484134207	1.170927
108671959	1.433797
16560935	0.488788
16631939	-1.319971
211254250	0.372082
25668918	-0.646705
250462634	-2.099163
584583739	-0.621314
72198806	-1.294485
965142457	2.043295
1105408002	1.829056
249674727	-0.724527
96662959	0.936023
1578519660	2.360413
1033532365	2.331855
21351432	0.465864
1418013151	-2.015712
272542662	-0.817358
860154126	1.793635
326208966	-0.212421
371887563	0.135554
950783972	0.273923
204905640	-2.365512
1393599296	-0.564083
16583468	-2.637229
98017737	-0.412333
235251868	-1.158779
2302483196	0.577467
92071963	-1.025549
1305465990	-0.372098
110545675	-3.005911
334127852	-2.024714
1539300170	-0.816458
2278730858	-0.708671
1075843532	1.540565
127908221	-0.996705
34438002	1.865014
249219490	1.240892
381666107	2.357044
778724700	0.964750
311789873	0.623310
749375898	-1.016815
195193469	-1.618726
894512114	1.038574
21220931	-3.556226
49675523	1.818461
342601720	0.407794
33345380	-1.145968
321380757	-0.869776
111632324	0.713160
615537104	1.045220
1486445498	-1.384437
21762137	1.575348
391814356	0.166028
164732631	-1.765377
75578498	2.247455
1431884516	2.220609
233842454	-2.413650
326196796	-2.019689
246341769	-3.382135
318095351	-1.530083
132278386	-3.821566
33977070	-4.314263
191208249	-1.465483
376527578	-0.462039
2366260580	-1.869735
558895964	-1.833899
380371286	0.694610
535181994	0.452866
1372431026	0.698525
127074099	2.402131
25226477	0.083437
19518515	-1.693342
27048645	-0.370742
8775672	-2.021669
1607546875	1.317025
41861272	0.917607
520950046	2.018157
398269985	1.247715
2192362761	2.477041
2704951	-0.226217
43476440	-2.266731
17005219	-0.651296
534405915	0.756936
2369234174	-1.347412
36737855	2.441551
15572155	-0.257875
2310494503	2.116650
2252899873	-1.218735
229197216	-3.715987
26596727	-2.783035
1363394484	2.186364
1658254478	-0.341411
1713542732	2.090902
62543872	2.292910
1671690367	2.403604
2318080736	0.564200
15856366	-2.670946
27886115	-1.551188
288886063	0.841333
776063954	1.477694
110050273	-1.208925
15603311	-2.505937
230100284	-1.408158
1009269193	-1.855699
84984380	1.467989
399112142	-0.667427
18805303	-1.617392
267889663	0.762877
37497720	-0.233345
1702539968	-2.083924
55440365	2.106541
73925960	-1.164168
267854863	-1.040097
633825457	-0.349182
133832049	-4.373605
245378929	0.744213
374161639	-2.462843
24195214	-2.337436
15697940	-0.843294
100330676	1.156889
230981077	-0.963475
125613253	0.951294
59558161	2.208155
1911335244	1.657439
221508042	-2.409713
235271965	-3.974775
547839797	0.376007
351266014	0.924071
1061385474	-1.026163
1176615978	1.917840
332040130	1.972597
337785530	-1.513765
20002401	-4.279990
85616770	2.287486
97239626	-0.868713
108619944	-2.105052
1719880621	0.353358
196619213	-1.215699
339814337	1.199800
1313165581	1.432988
345555778	-2.103597
40954486	-4.296020
628760912	-1.619971
77308668	1.865421
273795671	-2.486994
338883349	-2.411247
242376736	-0.668663
870670477	0.880971
211530910	-5.246641
17487795	-0.110110
834525002	-0.236347
1301606089	0.643163
472541504	2.273792
15350894	0.782938
190328374	-3.788987
305216911	-1.955008
1932363210	-1.422995
1367531	-2.793345
322794665	-0.642196
22242298	-1.866718
403353373	1.447854
430235090	-2.608721
47891535	1.255685
401955731	-0.533086
1006482620	-1.559704
362654346	-1.438228
1906353372	-0.869898
8162322	-0.425633
49697450	-2.447191
322737879	-2.464097
14246001	-4.886406
606101503	-1.279962
1051446626	-1.926509
200400227	0.069239
430830756	2.495843
209151429	1.595215
117661549	2.253951
301416337	0.229196
450786176	-1.865549
1399903849	-2.435512
269931179	0.698552
104615577	1.221230
61313751	0.742206
993153006	-3.523917
578069877	-2.437716
324171587	1.530543
351133674	2.082721
2188340009	-0.909583
353834752	-0.457274
370076582	-1.110856
18137749	-3.670889
162784542	-1.452661
442610682	0.786681
91137301	-2.163710
90518536	0.791192
1068626984	-0.780845
743167003	1.664089
346885718	0.811816
1853114688	-0.741751
33537967	-2.461333
117432541	-2.204447
1120582274	1.561128
163209579	-2.115676
360436349	-1.384681
153944899	-2.391082
216355557	1.983992
15727317	-2.474423
27302870	-2.357619
31006603	0.059238
27688281	0.722513
15210284	-2.032285
32537213	-2.109708
323511585	-1.540788
22669526	-0.992355
235591153	-1.647981
545501375	0.361155
234024969	-2.093036
703640660	-0.219927
860733170	2.431836
247850985	-0.070646
42913132	-1.583312
19693903	2.307399
9300262	-3.704024
890904109	-2.058055
148021006	-1.997550
1917347892	-0.415565
318711662	-0.887338
333663029	-1.995528
551698752	-0.942561
1058345042	-0.282946
343588320	-0.381250
1462357878	-2.255144
614706394	-1.286900
250719718	-0.514603
143489158	1.168659
237504609	1.205190
256178459	1.873459
1601370486	-1.656973
1262623074	0.715539
404226735	0.277079
7713202	-2.557610
76452765	-4.243668
1143929599	-2.038348
14125897	0.680470
2268031692	1.805881
1077121945	-2.877106
113420831	-2.976691
2236668625	1.407817
714409014	2.016860
415780303	0.427524
449795350	-0.154704
193614775	0.460552
77664666	-0.886773
11883722	1.889424
1691191704	0.734809
28238988	-0.762020
7597712	-0.458802
1022263688	0.321662
799658150	-0.632492
430292078	1.961812
232992031	-4.196377
96800896	2.084759
1331884178	0.926218
397430607	0.665661
1484301392	-0.694364
348857253	-0.465824
2301967142	-1.162682
36117128	1.035964
41445718	-1.669590
15584433	-0.685826
14135426	-3.009072
254226686	-1.657966
26977568	-0.424355
796737758	-1.976999
741061716	-0.502680
317630465	2.365149
1080602371	1.560381
144189766	-0.948304
128235400	2.420787
91744236	1.147766
474451843	2.134012
18579364	-0.428325
40367637	-1.925264
1974399272	0.984076
171598736	-2.396691
40523440	-0.949805
2238098360	1.231016
25168293	0.864933
16804072	1.346072
349379430	1.684634
25755336	-1.927209
68198447	-1.759014
1449407450	-2.347664
593718490	-1.974153
53725673	-2.082250
263414131	1.091690
2207375216	2.199466
205420257	-2.111756
403639485	-0.685435
17633159	-1.476661
619541619	-0.424364
449959102	0.899316
1909542326	-1.484495
21636248	-1.460295
31210583	1.813595
488127904	-1.371154
416644656	0.093103
1526488393	-1.688572
1849400233	2.116451
1237156340	2.196888
930234066	-1.741589
66209943	-0.265016
94366606	2.457511
1120550322	-1.675449
46724483	-1.326151
309267226	-1.083383
1656055824	1.654506
407039290	1.419508
2304223555	1.394081
1531521632	0.989817
47892311	0.680372
186506052	-2.018235
931024693	0.877309
631648466	-1.402316
255829884	0.682651
93950784	1.256068
16099657	-1.461059
327798242	0.053186
1592481150	-1.858944
1055730738	-3.444799
48115928	0.778324
247334603	-5.705931
1173237842	-1.520809
1339931490	-0.927766
248699486	-2.841536
49045755	0.524427
289530036	1.624688
19612749	-1.643928
78387677	-2.054674
765038167	1.451133
252115520	-0.614858
2412155161	-0.267457
51241574	-5.397441
56763589	-1.769899
76381104	-0.874431
572061403	-1.995657
209787354	-0.235022
407323365	-0.203783
237299871	-5.999667
378636572	2.138869
248252582	0.159868
17111550	0.959211
18967498	-5.635544
254557147	2.476857
531596035	-1.334025
1396846357	2.323771
249327401	-1.348972
334965470	2.266270
156975310	-0.699069
370467757	-2.154237
277750492	1.778888
277107570	2.167772
24300215	1.093880
50634125	0.365719
254189414	-2.009377
234469322	-5.784262
186291444	0.331735
1512666349	-1.079732
450708486	-0.504487
1729693597	-1.103375
161329769	-1.646666
21346197	1.135500
424263083	1.384479
244268646	-1.489219
1571660059	-0.240844
215909539	0.591555
277193651	1.881960
18217624	-2.720359
403539769	1.044844
119162694	1.576098
270017791	-1.878552
41377639	2.087057
254859330	-0.801043
69715433	-1.840490
1265860620	1.519852
448077090	-1.553823
125984383	0.889786
123421771	1.516461
49316020	-0.661980
209598477	0.732955
486380694	-2.264454
1915752144	1.685701
1602221707	-1.866227
261263905	2.152387
388958868	2.104893
21572351	-0.338699
972323274	1.578254
199325935	-4.690991
594870776	-0.254568
121537837	0.852927
337932925	-1.870290
1246599554	2.392331
243502423	-1.440410
485264526	-0.101232
1705042116	-1.355263
124196924	0.639651
14124614	-2.093805
123934875	1.918943
998576058	0.858518
405034710	1.216734
245451804	-1.143664
287269659	0.893371
18909919	-2.016969
411766612	1.107618
402719755	-3.887693
1556371026	-1.440584
25198840	2.348409
856549532	-2.261368
1551310284	-0.462695
425565585	2.181394
24305421	-1.923964
217137252	-0.313303
216881337	-5.448286
534599939	-0.617054
22097192	1.145271
16100318	-1.143409
49986081	-1.867864
24509586	-1.254472
620298978	-1.069203
225326840	-2.110405
26637348	-0.448357
29766367	-1.105736
896620178	-1.680241
267781214	2.035735
405134921	0.703327
5031151	0.262050
108052596	1.903762
182815759	2.367361
88784440	-3.180718
976404032	-2.108181
1326751968	0.931314
308563367	2.466430
492480327	0.186329
1674501806	2.350303
326210627	-0.328182
28423263	0.012935
46499643	0.918831
15448332	-0.158277
946114207	1.899351
19891260	-0.563993
15769734	-0.677945
1058717720	0.350700
241207373	-2.782216
409799018	-0.465850
1932803906	1.472167
293459696	-0.287778
156029105	-2.235046
240385577	-2.011494
16256269	-5.920316
314335929	-2.579097
131149247	-1.533213
121656624	-2.326850
9624742	-0.833070
589070172	-0.454683
263975503	1.167108
18056015	0.345440
959687432	1.625395
49453870	-2.122519
425889480	0.787578
1228070911	-1.253482
905020056	0.153692
287811065	0.512622
21643972	1.225002
15710384	-0.960581
14669951	-3.786010
613404995	-0.400525
1002313952	1.158422
15458694	-4.091227
110420252	-1.338339
246447524	-2.427774
279634424	1.078624
539866149	0.809514
59704563	-0.364584
1120931132	2.205813
18480494	-2.389274
237129990	-1.580455
291676686	1.982100
338811841	-1.601295
192041694	-1.488712
1308601632	2.240074
2417754469	1.794008
19543987	1.272689
80473367	0.873685
234374703	-1.941240
409522947	-1.823132
235660311	-2.173112
51284800	1.501165
3913931	-1.953492
1736053987	0.103889
2367536538	0.559057
288295387	-1.900337
16739711	-2.563821
173363468	-0.748685
362597648	0.057353
37982748	1.714814
48425512	-0.106801
270182385	2.028330
454060961	-0.077262
23220731	1.671973
986188543	2.191169
2377621136	-1.387655
1356966632	-2.480436
1469869638	0.783546
1385871187	-1.200080
252249233	-0.340898
188194323	1.241262
919804596	-0.234840
438040565	-0.353045
16705010	2.202176
874694125	1.048057
25915690	-0.508717
337122716	0.625377
510516465	-1.149263
225988631	1.946506
241771567	1.288360
223360975	1.245356
779118265	-1.011763
575766234	-2.346294
1069918782	2.399994
1080732656	1.853484
210926192	-2.479773
586032653	-0.990790
885789362	1.394726
233238234	0.967922
21542518	-1.976174
2394285656	-1.705841
15116570	-2.459782
24735461	-3.380005
33622411	-2.076676
275098108	0.053080
26122639	-1.200828
16348437	-4.004545
115488968	-0.809700
23365717	-0.828224
218206502	1.749693
1365631760	-1.939511
2296636404	-0.420085
20397563	2.207654
195790079	-0.595393
381413722	-0.580297
23578274	1.927089
566631178	1.745756
11348282	-1.434410
24795163	-0.580375
198323147	-0.196640
2250858631	-1.451991
954172328	0.866344
278433367	-1.363065
99949940	-2.492613
43955137	2.105583
262424195	1.320998
39793961	1.918253
109280446	1.030971
40057701	-1.291368
780383160	0.107755
437741704	-2.142716
242892689	-3.486307
471606410	-2.018274
1210072844	2.358697
950328072	-1.994219
167699332	1.792757
18170310	-5.317616
1539064994	-1.887409
250736913	1.515764
232127685	1.596506
165511812	0.606095
360893245	1.094568
613725908	-1.049442
360338075	2.310949
59568948	2.141545
960696949	-2.779163
22946355	1.312298
582475251	-1.589117
516642662	-1.725106
16814879	-0.948104
195019882	1.064954
215346722	-2.429094
261918703	-2.142859
1089334250	-2.484585
206428391	-1.877152
126632552	-2.486637
285737815	0.768127
21509894	1.751312
240760644	-3.442984
360427514	0.925136
377773483	-1.507311
22265452	-0.874323
15012486	-2.192398
12788332	-4.128163
253016264	-1.479870
791002021	-0.745111
1031118500	0.389938
80612021	-1.837824
103727818	-1.721388
1222283971	-0.394366
359596838	1.212597
2194801027	2.475549
61250271	-0.587273
24392175	0.250342
248004920	-0.541575
19139963	-4.917904
2241120434	0.408492
23970171	-4.402844
52537790	2.026809
176260948	1.641733
289374103	-1.536282
1057859527	0.170543
624753464	1.735439
242873057	-5.827427
260760840	-2.397312
978690895	0.595322
18294521	-2.521212
1377700518	0.852325
119527861	1.056084
151589736	-1.569861
1143060714	-2.323658
300430043	1.092944
39424870	-1.964259
1965801554	-1.385414
234053893	-5.039196
394272456	-2.204959
34402366	-2.057211
1222684418	1.018656
123150166	0.083052
272520742	0.822310
743694942	-2.366411
6794502	0.126981
17525171	1.580141
7402662	-5.420977
62330632	0.051266
274824692	-1.162110
21797269	-1.145404
59888738	-1.801313
16469463	-1.598007
28969421	1.363791
7334402	-4.787001
104797238	1.350264
17074440	-4.733003
790097610	-0.460615
1316483802	-0.139902
248791332	-1.942071
34238458	-1.262394
2252607128	-2.421032
1380763326	-1.568949
15297551	-2.307031
1921776680	1.488611
360804642	-1.480592
308664726	-0.689066
385288144	-1.045644
16129920	-1.640114
28599820	-2.806709
91179070	0.499331
717888988	1.714334
148348430	1.311285
20495104	-1.923855
277008614	1.581178
73303753	-5.627604
267339368	-0.083924
330816212	1.466812
168502762	-1.967307
33655490	-4.660427
588237779	2.284818
251408532	0.130754
758067224	-1.160297
45340027	1.213175
84677520	1.396635
349979682	1.834177
245136682	-0.487563
427024774	-0.043466
29598035	-2.344498
16031927	-4.012174
30095477	-1.315799
46016028	-0.208482
287896740	-0.286434
1488969002	0.328330
794546882	-1.662792
414068004	2.146843
220208804	0.651102
221162525	-2.785246
2311117897	0.262229
29205600	1.927722
463890972	-1.372281
74302172	-1.233956
1510311302	-2.097087
14764240	-1.546183
26083271	-1.160161
1516670166	0.193917
20376424	2.240169
124335509	-1.888100
363540832	1.172432
417664241	2.298070
14354562	0.619525
1277984012	1.051957
252819642	-2.097124
78966155	2.406081
272019676	0.888948
17750784	-1.392890
425489816	-0.137901
122719755	1.487506
65919935	-1.837068
33205490	1.772152
2316645626	2.150225
70590748	0.528655
37094727	-2.237985
317193393	2.181392
473401390	-2.208487
240327228	2.388390
312435184	1.629248
155680896	-0.752343
14293310	-4.647665
1243902714	1.338729
1915916724	-0.701677
122146840	1.790728
20209807	-1.706995
238861711	2.052169
538416721	-2.043699
191728014	-0.041082
2358445766	1.741150
18317325	-2.567592
1852444146	-0.817723
47614124	-1.762362
1187949900	-1.574029
35758513	-1.732229
1345850192	-1.413636
242836537	-2.106511
305818200	-2.430345
439596778	1.882155
592019654	-0.452297
19877680	-1.427645
14511951	-3.307927
600737301	-0.643411
830918346	-0.573918
702460382	-1.327014
42734224	2.044615
311165745	-1.838945
393603441	-0.163466
216481299	-0.720186
159609651	-1.606814
176896268	-2.225020
324403737	-2.331934
275725571	-1.395379
137407124	-5.326136
122473388	-1.105529
28336822	0.314007
26677801	-1.934883
236541422	-3.883291
15954997	-3.161900
114756202	-2.827371
2251095308	2.127695
1496512904	-0.496399
416686487	0.906810
99157266	0.707483
242761889	-0.092702
88976164	-0.716395
2361890355	-1.796520
122212010	2.018634
98929990	1.889636
134302187	1.356354
50452197	-1.362874
1091456496	1.155829
57931553	0.356691
18213420	-0.966293
240363117	-5.889396
104631905	-1.369137
158495061	1.645671
20597460	-4.227161
17643209	-2.260298
630802892	0.674222
20071932	-1.422393
53503202	0.285551
28856628	-0.829221
1571215884	-2.176980
240839950	-1.501609
52052011	-0.324722
225921757	-4.237960
58287227	-0.372991
287545295	0.126842
30619527	0.370566
1201520622	-1.426164
94103877	0.230649
44117460	-1.936312
63749707	-2.379402
15035209	1.420788
250188760	-3.918963
270370405	-0.532646
1071102246	-3.281303
939621458	2.268451
787373558	-2.114598
1190825605	-0.239250
1689821791	-1.013380
325804079	2.181512
123282266	-0.159379
373011304	1.423079
611886875	-0.093621
16557756	0.974064
441425863	-0.866429
1463550048	-0.853750
21269970	-4.637079
39793438	-0.414179
159292313	-0.393865
1884324084	0.917601
23536035	2.304470
728565668	2.466223
1382011333	-0.496336
1279783315	2.143762
22507324	2.302280
53420694	-1.857218
2288502470	-0.294269
1149312193	0.095509
1357793240	-2.319607
25768647	-2.513016
234822928	-3.440134
376477453	1.240479
384913290	-4.098848
8953122	0.348341
65453528	-1.198486
422964271	-2.037695
1911879768	2.045740
224297637	-1.761266
22081190	-0.904891
1327675195	0.304643
1186874899	-1.166336
87055347	2.433561
1352594924	0.263972
20517132	-0.351664
114607567	-1.705687
78941245	-0.771896
19929362	-2.287045
71281860	0.605911
868637460	-1.038560
35829796	0.107453
18811140	-6.536670
424522799	0.242775
112236901	0.637135
196147086	2.485690
15159913	1.489580
330001961	-0.363071
18030431	-2.509062
220765205	-1.876539
1076928920	-1.239797
50552213	-0.595949
93575832	0.503918
1394549060	-1.670514
254310640	-1.958670
1444380402	0.551841
15417358	-2.163215
299802435	-1.807194
18548136	-1.781497
49782398	-1.901924
108052620	1.292748
584351142	2.348993
273098660	2.006976
393585626	1.288931
83932732	1.545786
1406277577	-1.935994
1117009244	-1.619498
14173315	-2.418299
1901113928	0.267332
608182396	1.980969
18732816	1.221049
443265529	-0.983823
1155212191	-2.745964
1431823160	0.312059
63796828	-2.280409
47468096	1.370570
935398104	-1.711263
193632778	-0.021352
721052064	-0.201783
15745368	-3.027486
217550862	1.134168
320787415	-0.269705
543154345	2.105821
1510065122	0.831438
1282568923	1.439116
19257799	1.956291
1183912596	0.136144
456032135	1.437271
21111098	-1.663618
497551327	-0.926601
237853147	-0.562327
1242109014	-2.054150
180895768	1.975158
21631487	1.691828
323166438	1.623768
20608910	-0.794770
1138688364	-0.293435
867444085	0.330537
385429543	-3.911742
889786374	-0.455861
2288373518	1.897191
29793493	1.017050
10375552	1.110946
485139684	-0.878180
87318108	2.123221
143779492	2.127170
389840566	-1.593519
87714473	0.586142
247420668	0.104872
174879603	-0.057109
2192766368	1.572300
20906882	1.948980
1134292500	-0.104320
2337254448	0.147300
71328021	-0.553006
2230533374	2.014817
620708331	-0.402735
41634520	-3.115099
1346817602	0.160771
330650569	-1.741422
15715665	-0.284998
350930593	-1.647546
195070336	1.549260
281162551	-0.946331
258900199	-4.248799
176135285	-0.407578
2352119654	-0.042738
1125409915	1.548066
485842327	2.024928
220551206	1.252238
37836873	-0.399272
935987066	1.198601
569666511	-0.031608
776698136	-2.041549
221528389	-0.976348
16474026	-1.053631
29751942	2.297694
32265225	2.061591
58379000	-1.728737
554109268	-1.644697
372345957	-0.724610
16056306	-2.781187
529973619	-1.362966
67906573	2.479161
15496979	1.642340
252819323	-4.346290
11856892	-3.741702
325040651	0.276397
64660952	-1.627366
628559456	-1.899010
555845120	1.775914
280206584	-2.000104
19407835	-4.432273
267583652	-0.749728
1434486529	-0.110524
995193054	-1.766149
14925704	2.344221
610415617	-2.178351
590696606	1.020527
564908956	-1.109550
313344689	1.869839
19918558	-2.259317
247517295	-1.893381
50839205	0.204600
73833569	-0.322332
26820795	1.982276
1043702834	-0.021990
344516847	2.148457
1891157910	-2.198955
36738199	-2.384121
1350118422	2.136496
717905080	1.243351
452004245	0.252280
1490306108	1.560844
10102032	-4.527938
1725039222	1.201727
254775647	-2.221891
350927143	1.722842
26324609	-1.054624
17033503	-1.450191
1092248911	-1.817479
32010840	-6.393378
23712174	-4.572805
22527499	-4.269854
213182436	-2.471788
1917731	-4.818649
296361085	-3.204467
122770149	2.465882
505932430	1.737100
15980436	0.862128
1440997712	1.153440
192441406	2.138618
29865139	2.045823
1422790478	2.198085
260479308	-0.562328
1025521	2.084411
130600206	-0.440655
89657363	-0.887109
95602718	2.121941
1296038210	-0.673898
37461389	1.135257
1469528666	-0.327709
233601235	-0.713454
456986241	-2.448815
356199275	2.230308
977369880	1.022259
952575223	-0.523955
108689270	-2.473894
16803651	1.765062
283265252	0.738736
1071768498	2.200037
71358042	-2.476433
83200882	0.708189
1060860422	2.373534
1225410018	2.033805
1710292866	-2.407943
23109966	-1.631681
18891923	-4.621795
27705441	-2.042118
5660532	1.046402
359950567	-0.015511
131036750	2.172168
1140648348	0.070265
983813816	-0.948849
321119379	1.804891
265529710	0.760047
159977219	2.319324
392998644	2.073301
1072453910	-2.097706
524724189	-2.454978
1739650556	-1.150414
1183865954	-0.873932
108617810	-0.186400
468601121	-0.842677
36183582	-0.189060
538086333	2.405166
2185601035	0.670711
240840748	-1.106818
249348006	-2.122585
1944510751	1.506561
1532014123	0.262983
55677432	-0.316645
64651898	2.208486
169472184	-0.130286
115733549	-3.696352
243413616	-1.849050
137794015	-2.278562
427742683	-0.337716
23951197	-2.995495
147487756	2.119558
380001296	0.675857
933487722	0.965094
1360075950	-0.507596
18646108	-4.122972
242068532	1.336302
112740986	-0.427204
237600102	0.773046
472632386	-0.542603
38787045	0.526210
297498647	0.487420
18043103	0.857657
333504114	-0.672682
7356562	-1.491821
377237995	1.982752
1979395855	-2.180527
581275783	0.297397
140959145	-1.337919
265155317	-0.205382
13491312	-0.926744
450108691	-1.251862
271007688	-2.277934
18161620	-0.499062
62354707	2.090989
97931967	1.274421
521926535	0.206086
334320138	-1.630516
423688722	1.949759
20444702	-0.389820
1905833168	2.018452
21048033	-0.603363
1075666608	-0.301312
1246366651	-2.336058
65146567	1.331810
91346513	0.201399
582931822	-1.737846
50707364	-1.319273
1310708510	1.134701
234057152	-4.095062
26051676	-5.748099
95070642	-2.287559
74164455	-2.332790
25214807	1.842366
873631776	0.238092
26778110	-5.378392
195955478	-0.033313
1621076712	-1.190610
183637495	-1.172286
33060832	-0.212029
26607712	2.198902
284296658	0.741603
562640547	1.975791
2321775476	-0.677975
2176134116	-1.099703
1031845399	1.987241
24670782	-0.977030
41406567	-1.353271
1644805254	1.572744
468930111	-1.389377
237944147	-1.711048
930009097	1.416938
146263776	1.259730
48354257	2.143394
34069014	0.048038
432766911	-0.555057
976579933	-0.231937
525736608	0.925667
28382250	-1.740647
22262553	-2.105881
193794406	-4.438714
16827173	-1.382501
98242752	0.808071
1086619808	-1.146749
506462653	-2.345492
340296149	-0.334460
197628846	-0.366126
1939381628	0.693224
1072467470	-0.114459
197290856	1.914198
531481241	0.307721
78403308	-5.539262
305620929	-1.336918
7270292	-5.336819
14344823	-2.447435
1232484468	1.157830
961520071	1.671144
1060984272	-0.939448
770554297	2.401090
48587305	-0.065771
19216998	-2.463636
457276155	0.293163
14345062	-2.576829
67776968	1.768444
1902563203	-2.470741
575385464	0.034436
38254095	-2.304369
97150206	-1.245719
90250351	1.977788
10615232	-6.244375
543635294	0.098286
248718904	-1.056860
234812598	-2.798223
214209081	2.095709
2362779882	1.414851
235373000	-3.872467
70156027	0.930035
239964750	-0.520558
180032621	2.305501
1430814439	1.944296
24463788	-2.095867
547778460	1.543919
469674025	1.872055
515898679	-1.331563
34666990	-0.706256
1925654095	0.584128
473199911	-1.106140
52763281	0.175500
79022250	-0.013419
431266828	-1.486778
39322371	0.904589
46807181	-0.472497
15289825	-1.736698
283657826	1.033761
830430216	1.809529
20449956	-0.183312
169588591	1.644846
240135871	0.828644
32007346	-1.670860
251656840	1.263721
976969338	-0.868916
1388590928	-0.516208
24773493	-5.879832
237926856	-0.078620
360191435	0.607297
174847410	-0.340726
50150341	1.213562
1092757885	-3.828182
23789790	-1.567138
23035691	-1.724810
18632666	-4.963396
178229698	2.269932
1955581326	1.316305
121990777	-0.966644
612716532	1.127311
126171100	-0.146842
207317790	1.838774
11651202	-3.548186
1726999796	-1.364912
2317625354	2.157046
29898014	-2.361327
25382456	1.797687
1189735556	-0.083194
22028039	2.038026
1027156464	-1.789490
105823136	0.863794
186299824	-1.426434
15764644	-3.988237
237460752	-0.342122
346949527	-1.252113
81021861	-0.339265
68888437	1.962078
585206397	-1.117416
1122064316	1.882714
199510192	0.885731
1625304829	-0.745370
492378372	-1.573376
561628839	0.116654
373883896	-2.401088
109071031	-4.671373
1347674623	-0.371315
122174004	-1.488594
724658815	-0.038254
365239637	-2.282899
1428792126	0.093889
234906311	-1.584565
59969802	-1.553447
2308777399	0.358120
355881289	0.645670
971412384	0.607357
20641972	-1.997229
615181714	-1.812859
75843152	-1.354572
30045475	0.357311
157305077	1.704688
287861586	-0.789463
610325685	-0.568535
253149069	-1.424023
40024874	1.663345
93552029	1.211561
156763824	-2.022935
560117034	-0.784916
112765894	2.316861
1258312562	-0.240897
1655093820	-0.948473
1189780298	1.123923
700126891	-1.934188
14308987	1.942889
287225290	1.558338
2294530717	-1.784989
1071900114	-0.822930
21426423	-1.542430
805777398	-1.176718
1716366295	0.405472
21619519	-2.902133
22012091	-4.182857
76392970	1.229526
1262936000	-0.175694
2199888721	-0.474321
1060370282	-1.506172
127919146	2.121962
233557728	1.386413
2363258587	1.478420
943501040	2.049766
1055907624	0.162185
1553746556	2.151204
573495038	2.244660
18172905	-3.187458
37202770	-0.828195
359032147	-1.362433
519728645	-1.455646
414516629	1.025484
337595668	0.124722
938657858	0.703482
15212187	0.721326
547174027	-1.495536
90490354	1.209788
958081542	-0.946737
18008330	1.464146
321234739	-0.238671
1879871294	-1.713331
575749942	-0.228239
411997494	0.658973
346030501	1.148462
180100015	1.678052
85396297	-4.036078
543822491	-0.427109
164007407	-2.308682
27385174	2.298651
1228818295	0.689961
467801778	0.582626
619964159	-1.030174
31744825	-2.379582
463606038	0.730533
1154667132	0.913017
32379396	-1.721589
26818986	-1.643809
18793575	2.227355
1061486761	-0.973993
1487887076	2.391433
402190452	-0.238142
498961346	-0.161593
28859894	-1.891297
1883356866	-2.493757
5561412	-6.364496
429268149	2.018443
557671006	-1.356343
2155491151	-0.358224
15007149	-0.133274
63804234	-0.581434
19563355	-2.344415
54598826	-1.421662
33655512	1.104162
347877928	1.871808
73931897	0.831978
233949261	-3.580412
130274805	-1.924632
282233418	-2.499385
1322558402	-2.494449
26111775	-0.826866
35137957	-1.325500
1128781184	-1.749445
1441675236	-0.406287
2317860566	-1.546504
36588739	1.642566
267217520	-2.511823
189904289	2.023107
83195396	1.700992
1517363570	2.278140
171813900	-1.221919
302113333	0.285041
302382660	-0.184358
110445334	-0.966050
136682183	0.029153
2467791	-1.048707
180846791	1.832708
33027306	1.840686
93936388	0.530897
619479855	1.529292
2254857197	0.988990
2377726519	0.094893
1901018683	0.527276
382791093	-1.334925
227036687	-1.256690
237763317	-2.914752
52989817	-0.576084
45151382	-1.926973
1627252382	0.066702
1092979962	0.390650
2181453624	0.968806
73791927	-2.366740
42760147	1.483646
19286569	-1.047085
28785486	-1.412486
218779638	0.188980
362052555	2.497200
20957491	-2.992591
155642785	-4.968998
16441318	2.145867
91935208	-1.824970
357253772	2.297874
47412499	-2.302348
187414539	0.363654
30500021	-2.120936
220241174	1.647536
11650762	0.332018
29848453	-0.211836
616965232	0.362948
22930392	-0.163239
14616459	-2.446219
16187637	-1.772495
211901075	-1.358038
48075643	2.223372
47544979	-1.175805
30313925	-1.977714
564225302	0.944263
64161351	-1.600553
549438299	-2.082048
1035443946	-1.603932
24183358	-3.796014
1874140452	0.165635
470126084	0.217077
530864692	-0.564370
1656884071	1.948610
819528355	0.004358
50370046	1.905577
617382180	-1.764193
382534366	-1.946973
728708694	1.297653
47402168	-1.984203
1090002997	-2.092509
291756142	-0.728730
225242868	-0.699101
44127294	-1.080375
2356356972	1.304334
85970738	0.579836
252254916	-0.250052
1080844782	-0.458227
379815077	-0.900453
343830557	0.918181
1037321378	-2.105826
631543401	-0.659848
418269619	-0.616985
43050282	-2.119603
1691930744	-0.477589
368914608	-0.766453
5990782	0.354943
223166587	-0.849766
1849261916	-2.645557
74198348	-1.641101
30437038	-0.570262
624927613	-1.875665
996565820	1.547041
49649077	1.422646
185684821	-1.507227
93761782	-2.892734
387225200	-1.080342
1265207760	0.337784
28480805	-0.615346
93189203	1.879926
326043489	0.125614
89820928	0.063977
598853747	2.115679
21786287	-2.449740
56864092	-4.203270
14412533	-2.354834
1599284149	0.909252
1372288434	-1.735307
1959387662	0.723668
612117635	-3.421047
37131103	0.406143
1468203217	-1.662746
467636108	-0.747833
2293131060	-0.797910
286034058	0.448357
231898286	1.457817
407744769	1.547835
361365479	1.234032
171154131	-0.752492
253281321	0.218664
394303189	2.253219
2305315345	1.464945
34966987	-1.122644
16130949	1.220216
2281176661	-1.961515
22417674	0.072121
39308549	0.656342
904655414	-1.873762
20618764	1.309238
386455581	-0.354124
6577802	-6.027697
2314375189	-1.365875
1365881617	0.406084
605098090	1.260784
88806753	-1.024356
97368029	1.803925
1711193490	1.977807
31285825	2.005219
249787913	-1.270468
15939889	-3.902211
15918708	-1.801602
163570705	-3.628904
1221321108	1.523555
330583779	1.694169
1074129612	-2.220420
358302508	1.900206
48086014	-0.913683
348861268	-2.510483
121171657	2.148673
384111224	1.528339
1055362014	-0.006927
15987296	1.742454
207731256	-2.251806
17530189	1.646862
396794501	-0.669782
331678866	0.834055
2163623972	-0.257911
133448248	1.233659
51943611	-2.113899
117792965	1.729963
51228911	-2.549172
9855382	-5.540301
378096410	-2.485859
46263050	0.309021
86364947	1.377991
24477294	-0.679632
40402146	0.075501
314761332	2.092343
13383292	0.005102
14984637	-1.765434
2360123726	1.728646
26144769	-1.313715
488297851	1.332553
23617145	2.306725
118152495	1.473864
1023320856	-1.963322
1636639214	-0.945033
303920466	2.346453
5558312	-3.554280
791967744	-0.085578
108376246	-3.673134
3108351	-5.334260
1301328822	-0.856998
2260662498	2.473593
1469735982	2.185590
89526574	2.132689
2287788476	-0.706059
62907908	-1.125746
499978095	0.099550
1025653922	1.165481
432676344	-1.707667
199286398	1.326526
22006412	-1.327464
44215945	-2.481668
1497383952	0.736279
188019606	-1.283279
2242638817	-0.849519
19670455	1.844721
1223102983	1.872302
198928268	-0.279004
251728316	0.370396
703561088	0.996349
431990191	0.481389
174369590	-1.266328
60638933	0.960122
628018533	-0.665345
252644673	-0.473489
1328434170	2.055757
237770636	-1.644679
233346654	-2.000022
71036272	2.340915
430343685	2.430354
154233179	-0.398647
43216755	-1.117443
160647819	1.560725
31054788	-0.302121
593813785	-2.220735
107620932	0.100189
164707575	0.418021
1462723416	1.024461
14597351	-2.066630
1525086182	0.233147
33665393	-0.012646
310912778	1.411748
502184923	-2.284023
1444416162	-1.258825
942156122	-2.519702
17544524	-6.160604
328679423	-2.419298
190699396	2.359453
855057596	2.137618
759251	-5.232913
194536303	1.499754
18166778	-3.046901
112604826	-2.437509
475294870	1.418430
807095	-1.354161
325717986	-1.011227
201877444	0.739208
584012853	0.343320
1870463754	-0.090700
21144715	0.465782
1362944844	-0.213217
233693291	-2.587002
336699225	0.099304
448923637	0.790241
977560500	-0.921296
809050796	-2.399417
516131688	-1.304399
331268118	0.788028
27633572	1.101558
14540659	2.117688
81919296	0.211990
236118432	1.930530
387984038	1.093612
538185166	-4.591134
48366585	-1.567288
27274887	0.858993
85418520	-0.780157
528484792	0.033531
712959254	-1.245354
384538886	-1.070905
8542882	-0.744332
1609169504	0.772191
585441089	0.550771
366228554	-0.395759
158205177	1.391496
155669457	-3.703378
227088228	-2.883628
594582597	2.016875
30027177	-2.096952
4389861	-1.621985
297532865	0.608909
36654245	-4.795493
250710495	-0.708562
113214730	-1.497039
22076537	-2.004530
1144145946	-0.427540
110924703	-2.307983
235279028	0.324184
22903983	0.164171
185049728	-1.106081
593840334	1.207305
70799357	-2.266589
254277011	1.212171
161743731	-5.371126
2205359364	1.194700
349219528	-0.566932
1015802058	-0.473373
391413865	-2.462551
1408162200	1.099282
398232779	-1.113316
43963249	-1.519212
22545491	-5.663972
2255274860	-0.810917
362688424	0.228925
411765271	-1.627568
443681123	1.752304
61842393	-0.297800
138531540	-0.093670
2369496272	0.877742
24298528	2.214454
836709230	-0.371239
161411080	-3.503605
15356407	-3.492924
41464356	-2.486939
5357812	-2.400924
276197098	-2.372646
22508473	-4.181851
15715842	-0.091278
2294105892	-2.079327
34270503	-1.386195
16086967	-1.240139
72874723	1.237810
20468251	-1.860661
49541291	1.828163
1334517175	-1.762007
342945847	1.789658
379378754	-1.169573
17120599	-0.311187
399432469	-1.982846
157382927	1.922241
15522251	1.453764
1347830329	1.384920
352643501	0.493405
751212379	1.963291
29501253	-0.850220
1556756886	1.875150
143889472	0.228087
1872933859	-1.799327
22113371	1.674360
14730894	-3.557531
136550204	1.996131
559073634	-1.422107
29929730	-0.571753
117197740	-0.116007
556000874	0.746777
191688736	1.456697
2234105580	-1.475738
2253968388	-1.331381
304115290	-1.672639
36564017	0.453708
1008962922	0.517641
1355831521	-2.359101
63160932	-0.986201
80958505	0.866065
343171266	-1.798081
23632545	0.836095
247066289	-1.822763
748531489	-2.482606
53643803	-2.231537
25124372	-0.162279
1070943116	1.472554
224294785	-5.603575
115979444	-5.317344
15380417	-0.408091
1385690448	-1.473293
1058917562	-3.216446
247496974	-0.056743
533702418	-1.255666
558831200	-1.911105
20078009	-1.811513
270792742	-0.296957
17301179	-1.984403
214179002	1.264546
109287731	-4.219734
1608892718	1.555207
1355805258	-1.470870
912598626	-0.994347
24135119	-0.553404
277363853	-1.967295
253654580	-1.323813
18029328	-2.053615
168673083	-3.148051
1550794628	1.253939
300515560	0.787791
338553588	1.154581
79729138	2.016329
18566912	-4.179830
14800483	-0.986318
14617444	0.555053
47127416	-2.013043
1905298878	-1.878830
1897447471	1.511173
284744912	0.998683
1058051748	0.533913
246769138	-5.920056
15392139	-1.768633
397382646	-2.135776
1611680690	-2.134805
451032276	1.738802
337752039	0.823917
15160884	-5.006743
2435410690	1.321371
1154894353	-1.035020
1655680988	-2.018093
14587949	-1.883752
1692578893	-1.237047
85476251	-2.359835
176134825	-2.148348
1049460835	-0.152852
705661256	-0.213614
19028248	-4.863666
216855513	-0.092701
621500066	2.073987
163586067	-1.403311
1962564906	1.081430
268496469	-0.255728
389357597	0.537795
46176168	0.053529
405785853	-1.210504
598384016	-0.089063
2253990607	1.720704
109355585	-1.846718
26809683	-1.480874
1262814457	-0.740494
14763834	0.529270
33530012	-2.814460
2284159548	-2.297605
68281948	-0.880265
201453157	1.004974
158398519	-2.888081
49634881	-1.304361
245419752	0.640816
1209417007	-1.068140
536281139	-2.115041
26976860	0.903063
15985455	-4.086754
16002085	1.863404
633131271	-0.814905
191923358	-0.228775
1183998762	1.563674
1915018465	2.153907
51982954	0.818460
716563918	-1.095765
860696202	0.300263
34122899	-0.564876
259950795	0.102992
121620626	-0.089861
339172700	0.950365
783749288	2.312506
818586175	-2.029884
124224165	-5.192024
15554922	-1.248645
1469446608	0.423644
127963931	2.131900
239949176	-1.689235
376064104	1.941989
19512725	-2.110465
328258374	0.960816
298059168	-0.198383
948491592	1.755227
36394602	1.212996
14859559	-2.449281
97298155	-1.892567
28889556	0.499725
451967996	-0.505069
189236855	-1.013704
966442267	-3.653523
1902537799	-1.634035
63787812	1.727231
1300124792	2.187152
467823431	-1.366587
288963206	-0.254401
1222257180	1.449295
14110710	2.069632
133864713	-1.712434
48807726	1.942830
46004597	1.508863
220249920	-1.828593
15471838	1.216495
2364631970	-1.704623
14579415	-1.367869
1623282788	2.458804
514929629	-0.743832
372503594	-1.351110
38516217	-0.798215
1686107834	1.057897
167507135	-0.755528
85606078	-3.675015
153694167	0.952898
220580561	2.058806
249222850	0.034208
76163900	0.095239
308748838	-0.411959
442824717	-1.189683
213207055	-1.339435
934933188	0.462061
785414496	1.687354
1931698346	0.185757
57977498	-2.194327
448169106	1.125241
310608280	-1.943005
1898624934	0.076166
18205674	0.321288
317608866	-0.305727
754277773	1.132129
48117116	-1.871324
1112972713	2.180802
1405337395	-1.005590
520245212	-1.065449
111635980	-2.946476
24299006	-2.087800
1542493423	1.753282
103335794	1.175608
627838899	2.082582
2277763242	-0.928658
24737755	1.538495
22819917	-1.372660
254174408	2.140856
358606388	0.293122
372506462	-0.666290
43273533	1.497836
586730005	-1.594600
125397444	1.746401
1206306506	1.047872
36691808	-1.662567
2292332720	-2.245709
22812754	-1.551633
454947269	-1.912068
1545715382	1.540075
78673043	-1.486819
5741722	-2.023082
318464838	-0.299471
114887629	1.763978
1540360435	0.095932
260807192	0.529301
19793648	-1.493271
16385104	2.323317
308721230	-1.380019
18915145	-3.591971
237814920	-1.896885
159524468	0.357760
216486007	1.924124
622198206	-0.497741
15207668	-5.569647
463918261	0.290395
360605502	-0.249008
963480595	-4.342570
526750889	-0.969494
189986982	-1.014092
481000411	-0.922020
25162697	-2.324615
1071764281	1.987302
14672279	-0.817549
359133002	0.257199
265329329	0.331945
20552026	-5.222018
1678290240	0.382646
345491974	-0.150985
224391627	-1.682630
1051127714	-2.269345
376946273	0.138109
1643415560	-0.281326
1468560242	-1.640885
22797378	-1.150205
2316393866	0.824786
266830495	0.118458
1439879557	0.180443
27136225	1.385092
28252475	-2.148600
1447399590	-1.096327
31120881	-1.348760
342780479	1.362075
206716135	-1.880259
260841091	1.193429
1325640288	0.447908
139574248	0.717261
722800129	0.268901
1357427004	2.201761
1606703838	-0.787129
2265167642	-1.904500
64022803	-1.317333
991357832	-1.287197
309605202	0.150779
16742053	0.556673
1045853744	0.765622
1065995022	-0.456171
49171436	0.119730
381152398	-0.063703
254032655	0.021893
1186810890	-2.312057
463132556	-1.800162
1117953943	-0.701497
295868971	-1.071116
17353658	1.266985
242618658	-2.728763
776664410	-1.091047
222195455	-0.152152
56538228	2.014696
158397501	-1.534231
30864583	0.735612
222320264	-0.834220
209833543	-0.226278
122207745	-1.866271
1262557194	0.734685
1131203611	-0.879864
1797991	-2.026612
95166404	-0.263816
15224867	-2.464188
2203399435	1.006837
19269183	-1.916747
1110920106	1.788581
44195577	0.454214
239871673	-5.331482
20545793	-4.102288
64507817	0.063064
2260579802	1.931322
1229226714	-0.145075
15324851	-2.144315
801523267	1.701816
306001688	-0.230186
354493762	0.162095
22731105	1.176120
390292636	0.752498
1676771268	-1.942767
84119348	-5.195134
246499208	2.346323
15092872	2.103186
68917738	0.602390
235190657	-4.767286
1060487274	-3.542041
2836421	-1.864284
35518656	1.986255
573916220	-0.398959
1413602821	-1.340360
2237923975	0.097838
249410485	-5.176878
17811916	-2.071256
903320070	-1.302925
432092458	1.838654
221792092	-2.992258
310347243	0.764153
125208664	-2.315193
92055121	-0.428149
76348185	-3.375591
1055685948	-3.775319
2370786962	2.267211
2236741645	1.443958
217543151	-3.079831
520778762	-0.773100
1622931326	1.807313
349947276	0.783607
2324036732	-1.543037
16018516	0.232615
15923226	-0.796202
398165004	-1.351199
2340967118	-2.413433
103949895	-1.043347
161344057	-0.726634
1545781357	1.637997
777390745	-0.453776
991821667	0.701047
932421955	-2.404029
19553409	-1.760559
221496713	1.024198
135653370	-1.804435
1620243926	1.208787
55581437	-0.064451
15394954	-5.933997
534680801	0.480170
34773320	2.090239
211420609	-5.115073
20635633	-2.584148
539485640	0.345428
21669223	0.291414
1374923180	-1.555013
594060392	-0.738263
191005134	-1.505466
960962340	1.113163
299883942	-1.478078
70740010	-0.149825
19186003	0.599483
1482327366	0.178858
2305350474	-1.632418
572317065	-1.524047
15964588	1.927070
378738565	0.204959
104727439	-0.677513
40750860	-1.155002
186430550	-1.442572
1375871708	-1.987626
458393298	-2.021592
602997805	0.314918
78431501	-5.961961
15434632	2.223955
2282872260	1.816799
180396181	-2.262744
1927804778	-0.245843
944917346	1.862954
1072382221	-3.599948
95978223	2.019839
968650362	-2.225209
35762860	-0.765971
55896443	-1.508073
98910693	-1.560052
30216513	-4.440204
137381495	1.147076
16102244	-1.762481
17768436	1.924097
804861259	1.232928
30043495	-2.265229
29896465	-1.471768
44177383	-0.685026
400792588	-0.397496
19394188	-4.636778
47056405	2.033346
200870788	2.472597
295685416	-5.275807
1480654033	1.355941
54686639	-2.038293
167856299	-1.600290
18822612	-0.909012
239584537	2.080726
78130610	1.153310
2330410284	-1.093264
58492046	0.353215
175131510	-1.752938
234927299	-0.813028
135297032	-1.225766
1059240924	-0.231519
22387804	2.058898
8870632	0.183747
418078050	2.459236
1494474121	-0.013107
78569026	-2.044873
15993122	-0.601279
24448865	-0.633703
788006827	2.395267
32393576	0.571028
224285242	-1.852865
1058807868	0.556406
201791908	-1.238246
280346878	-0.965385
346813911	-0.739929
25086658	-2.634622
51267980	-0.231166
23121519	-1.982635
248852820	-1.456837
20469722	2.371875
472263579	0.124935
195271137	-0.486885
1694503231	-2.061847
1408518626	1.888867
598123678	0.797258
137068935	2.464964
542842941	2.498670
1925431584	-1.716142
757372008	1.517709
621293247	-0.261707
17680840	-1.927834
20733972	-2.673592
71070614	-1.815059
14389132	-1.763119
175102610	-0.125642
5692662	0.505754
1068470480	-2.480518
76350004	-3.652389
393821580	1.951354
198963912	0.263706
15675138	-5.442027
1412998502	0.249416
199317006	-1.615497
845711293	0.761211
319529691	-0.308265
40526985	0.270115
1443203875	2.460546
474326839	1.745977
85353299	0.107556
19151741	-0.242456
47632905	-2.651077
208692908	-4.328121
17848544	-0.880781
59771400	-0.091015
344109654	-2.462017
1252129242	-1.682846
14129299	0.785813
14216438	-1.696590
813286	-5.031803
132201224	-3.076698
452413225	-0.556957
154139987	-1.465136
24742936	0.494008
1681848204	-1.527395
1242946140	0.991694
404132211	-0.451960
1058460818	-1.518799
316819997	-2.194670
61906286	1.367404
383393464	0.968319
30930019	-0.840622
248735463	-4.861117
357580948	1.161240
71294756	-2.175873
1332628436	-2.455149
15639642	2.145046
26513860	-2.224228
1602752804	2.016087
490535112	-2.255340
356390382	1.206448
1920537577	2.415479
198526130	-1.907285
497546508	2.395182
148565166	-0.809924
1540496365	1.488497
19824430	0.843556
575344793	-2.347253
1115633996	0.975323
1007065914	-2.425678
17340186	-1.031361
118540429	-2.424505
166536928	-0.739400
1347436638	2.449171
161791703	-1.304103
1375646822	-1.647369
40466049	0.355966
1422126799	1.996112
990635636	0.155579
378547255	0.515666
1326498037	1.364532
38465240	-1.447437
19245431	-1.932548
28176898	-2.513097
280913598	-0.460955
281509650	0.170458
344033052	-0.666352
2264976900	1.286331
576268700	0.357214
1340326969	-2.286906
568151409	-0.941844
44682276	-1.325372
589425352	-0.825233
85342505	2.085076
40750718	0.430057
2312281051	0.017533
800162478	0.920117
6092972	1.694254
29157809	-2.509222
7900962	0.677054
461301890	-0.631886
1023294366	1.793989
176646411	2.489477
286363562	-0.939046
237862972	-6.021151
237312687	-3.391343
26316100	-0.583585
1611064304	2.379181
16298388	2.119538
218357036	-1.233199
457733782	-0.980903
557050706	-2.170660
80111837	0.058435
1120298527	2.041742
1337252017	-2.178274
39510422	1.328611
18696134	-1.450298
296925880	1.124180
5988062	-4.552967
293254420	-1.116786
234014087	-2.359542
577609337	1.181965
15600527	-3.922335
2245220154	-0.985018
15555056	0.511291
18221712	0.251629
1658898042	-2.420338
15948219	-0.016148
359222643	0.425532
19312039	0.215820
308852834	1.773517
1580451673	1.151811
291551843	2.404986
249339682	-5.486510
751806494	0.045409
27242307	-1.352069
21157904	-6.346453
540241441	1.475976
517911880	-0.599669
626001129	-1.953155
109274506	-2.227169
15008539	0.486895
20467163	-3.437169
15762842	1.002428
858111194	-1.522657
42638402	-2.444276
257658885	1.466553
1362806395	-1.693954
1655816936	2.001623
14857525	0.880843
22523087	-1.055456
2196548623	-0.613115
563844379	0.507545
97171189	0.176539
11134252	-0.936745
1662929678	1.308373
1073212812	-2.434893
1733849666	1.848297
17997831	-1.167379
72129678	-2.362565
17992453	-2.120644
32774989	-1.404735
122183484	1.895359
9508922	-2.500478
611834439	-1.887999
1305481388	-0.879081
197307435	1.829082
1931992778	1.438779
89193992	-2.847583
1920276091	1.786892
506033683	2.156759
1335517206	1.992274
140519774	-1.313364
537156670	-2.325097
145292853	1.086903
1104083418	-0.432140
38039087	2.208027
117197307	-1.368638
1157543414	-0.255058
119250381	-0.923916
270067927	-0.720526
47470008	-2.361005
133439172	-4.518086
31122582	-0.340917
121469977	2.209600
51535196	2.318593
1214475872	-0.289322
106591004	1.933491
37766935	-1.938888
180197930	-0.089108
50325797	-0.987989
731524644	-0.662890
2739461	0.141315
276763538	-1.501297
1117326481	-0.388455
237348797	-2.610001
373326597	-0.824366
156300451	0.589430
294965312	-0.846745
317407076	2.398029
168830539	1.165996
1722842137	-0.878022
24913074	-4.498888
1009921273	1.161476
165533941	0.010948
1905156690	1.228096
429181880	0.674298
1623308912	-0.991191
224320485	-0.169194
19253918	1.630371
1356531588	0.472049
17291452	1.240206
372315769	-1.364582
1693751167	-1.814576
278005891	-1.999621
286799590	-0.646910
52503751	-4.458849
511079500	-1.342517
21910246	-1.638422
15602331	-1.492145
20245031	-1.531237
30673492	1.326037
19739126	-3.381568
114299101	-1.319809
27676828	-2.608668
2297176518	-1.972920
238314303	-0.026380
447277172	2.292379
5392522	-2.514722
26424123	-1.124018
1350864440	-2.210580
569212271	-1.813952
242555999	-0.377512
390522985	-0.267472
315992993	-2.485541
31350534	-0.031554
806186582	0.054629
356881780	-0.658698
49057566	-1.641082
22509598	0.096144
550401754	-2.307510
537063930	2.336086
975200486	-2.866685
1935184730	-0.965676
148453195	-3.164848
1137600571	1.772059
516880804	-1.547217
85634199	0.037845
1096507650	0.741818
21419440	-1.844997
17750110	0.920785
470703779	0.014341
15361570	-3.817050
633855519	-1.183523
204881923	1.215075
213634439	-4.650899
385188446	-0.274241
33576489	-0.662032
1157424444	2.196742
230720547	0.677565
1877628114	0.255116
127870840	-2.153179
1267462094	-2.501591
170767454	-0.013618
44209472	-1.341358
24745957	-2.896473
841342315	-1.593814
470366309	-1.828170
47736933	1.703823
8128442	-3.514737
245905555	0.474264
77017567	-2.273272
177974542	-1.908654
1431454158	-1.328938
21333396	-2.073188
2321129046	2.096173
932446728	-0.081985
19576571	-0.016824
247596046	1.165942
19912734	-3.398166
614542142	1.908214
233724961	-0.683558
1001025787	2.345002
65082057	-1.952646
183212100	-0.250003
17800215	-5.540950
63753027	-1.285270
351109901	-1.557818
158290255	0.836552
234837632	-4.971608
345261756	1.471299
14849664	1.825390
9532402	-3.205949
218267731	2.358869
753647880	-2.107564
555593757	-2.484171
1653370998	1.956263
41017380	-3.853916
17282256	1.686015
293131808	-1.668219
49969221	2.048927
1596947036	-1.095175
377702207	-1.134380
108323434	-0.165916
886946899	-1.932134
435877117	-0.560251
123667924	-1.061306
1644734071	-1.043131
297940478	1.332662
708309848	-0.766343
34340464	-5.735582
15918353	1.913811
425527664	0.958822
168666357	-0.392446
1521740594	-0.091489
278124059	-3.520557
115754120	1.713257
15281676	-3.063310
85634177	1.810687
